1,7,798.29,307.67,46.04,140.81,0.3543,-1,-1,-1
1,6,1058.82,293.53,82.78,324.77,0.4008,-1,-1,-1
1,5,740.97,330.80,42.17,124.87,0.4072,-1,-1,-1
1,4,403.99,277.97,107.41,319.40,0.8106,-1,-1,-1
1,3,546.17,271.41,94.46,315.82,0.8119,-1,-1,-1
1,2,874.76,152.61,238.81,626.87,0.8143,-1,-1,-1
1,1,0.00,8.85,351.22,1061.89,0.9275,-1,-1,-1
2,6,1053.54,291.45,87.62,330.35,0.4811,-1,-1,-1
2,4,397.44,274.23,111.17,321.43,0.8139,-1,-1,-1
2,3,542.37,266.29,95.57,322.59,0.8085,-1,-1,-1
2,2,869.90,148.58,234.31,629.16,0.8053,-1,-1,-1
2,1,0.35,6.12,344.95,1064.55,0.9307,-1,-1,-1
3,6,1047.81,293.71,91.76,333.77,0.5739,-1,-1,-1
3,5,738.72,329.40,39.37,123.91,0.3181,-1,-1,-1
3,4,390.27,274.51,108.39,322.70,0.8446,-1,-1,-1
3,3,536.26,265.86,97.32,327.52,0.8042,-1,-1,-1
3,2,864.86,152.67,225.76,627.16,0.8283,-1,-1,-1
3,1,0.48,5.08,338.75,1062.28,0.9292,-1,-1,-1
4,6,1044.01,292.53,90.68,344.46,0.5789,-1,-1,-1
4,5,732.75,324.51,41.52,129.64,0.4028,-1,-1,-1
4,4,381.03,270.58,112.41,328.24,0.8421,-1,-1,-1
4,3,531.73,264.83,95.92,328.89,0.8075,-1,-1,-1
4,2,870.60,153.17,216.99,629.10,0.8344,-1,-1,-1
4,1,0.43,3.40,324.55,1061.43,0.9252,-1,-1,-1
5,8,691.41,333.63,37.73,109.82,0.3967,-1,-1,-1
5,6,1049.60,292.17,82.05,343.44,0.5786,-1,-1,-1
5,5,730.38,321.19,43.90,125.73,0.3937,-1,-1,-1
5,4,376.61,264.07,111.32,332.41,0.8346,-1,-1,-1
5,3,526.08,262.09,97.59,334.87,0.8087,-1,-1,-1
5,2,880.17,151.48,204.92,638.45,0.8186,-1,-1,-1
5,1,0.66,3.44,308.87,1062.93,0.9159,-1,-1,-1
6,8,687.90,333.58,39.76,116.07,0.4196,-1,-1,-1
6,7,787.27,319.68,40.43,119.15,0.3039,-1,-1,-1
6,6,1046.35,293.57,81.60,344.60,0.5863,-1,-1,-1
6,5,728.44,324.58,38.14,110.69,0.3996,-1,-1,-1
6,4,372.56,261.79,110.81,334.82,0.8305,-1,-1,-1
6,3,519.69,262.36,102.16,335.24,0.7972,-1,-1,-1
6,2,885.41,150.71,197.17,624.63,0.8032,-1,-1,-1
6,1,0.74,21.68,288.57,1053.28,0.8776,-1,-1,-1
7,9,864.11,254.71,80.27,307.17,0.5744,-1,-1,-1
7,8,684.82,332.01,41.82,120.82,0.4064,-1,-1,-1
7,7,784.91,314.87,41.04,127.54,0.3461,-1,-1,-1
7,6,1040.53,296.98,85.01,346.15,0.6034,-1,-1,-1
7,5,726.09,321.41,39.46,124.33,0.4656,-1,-1,-1
7,4,363.01,260.81,114.46,338.42,0.8224,-1,-1,-1
7,3,515.26,258.97,101.98,345.69,0.7800,-1,-1,-1
7,2,892.16,153.32,189.08,619.36,0.8162,-1,-1,-1
7,1,0.90,79.64,270.38,990.61,0.9035,-1,-1,-1
8,9,863.31,265.41,71.96,298.48,0.5858,-1,-1,-1
8,8,682.69,331.91,39.89,120.97,0.5018,-1,-1,-1
8,7,782.96,301.84,50.55,146.27,0.4131,-1,-1,-1
8,6,1037.07,299.86,88.30,345.92,0.6753,-1,-1,-1
8,5,723.47,321.06,41.43,127.42,0.5083,-1,-1,-1
8,4,352.62,260.16,119.52,342.41,0.8266,-1,-1,-1
8,3,511.33,263.33,101.30,345.21,0.8154,-1,-1,-1
8,2,889.49,152.43,191.41,628.85,0.7931,-1,-1,-1
8,1,0.78,89.25,257.84,981.57,0.8960,-1,-1,-1
9,9,862.42,263.44,72.75,300.94,0.5881,-1,-1,-1
9,8,679.70,333.98,37.01,120.40,0.4072,-1,-1,-1
9,7,782.94,305.93,41.10,140.98,0.3866,-1,-1,-1
9,6,1036.77,303.90,84.13,348.25,0.6621,-1,-1,-1
9,5,721.41,321.22,38.67,131.84,0.5789,-1,-1,-1
9,4,348.07,261.12,120.09,343.23,0.8186,-1,-1,-1
9,3,506.55,262.45,103.18,342.61,0.8364,-1,-1,-1
9,2,886.75,154.37,188.52,625.91,0.7894,-1,-1,-1
9,1,0.06,99.86,220.91,972.59,0.8638,-1,-1,-1
10,9,861.72,260.52,72.80,304.15,0.5662,-1,-1,-1
10,8,676.50,336.69,41.69,123.56,0.4889,-1,-1,-1
10,7,776.91,297.02,49.89,156.61,0.4913,-1,-1,-1
10,6,1037.41,299.94,81.44,353.68,0.7003,-1,-1,-1
10,5,720.62,324.88,40.51,131.30,0.5862,-1,-1,-1
10,4,346.25,259.40,116.48,347.06,0.8078,-1,-1,-1
10,3,499.51,264.93,107.44,347.19,0.8259,-1,-1,-1
10,2,879.58,157.56,190.81,622.86,0.8161,-1,-1,-1
10,1,1.08,104.93,204.05,962.19,0.7268,-1,-1,-1
11,9,862.24,278.47,66.95,288.91,0.5329,-1,-1,-1
11,8,676.51,341.57,40.73,115.87,0.4718,-1,-1,-1
11,7,777.16,320.20,46.75,133.33,0.5637,-1,-1,-1
11,6,1039.35,295.57,73.44,360.95,0.6633,-1,-1,-1
11,5,719.26,326.61,38.64,129.06,0.5182,-1,-1,-1
11,4,337.20,262.55,121.44,348.76,0.7889,-1,-1,-1
11,3,492.56,261.80,109.99,354.10,0.8231,-1,-1,-1
11,2,878.47,156.27,188.65,631.72,0.8167,-1,-1,-1
11,1,0.92,108.33,174.50,957.97,0.7332,-1,-1,-1
12,10,828.96,324.19,43.23,122.09,0.3621,-1,-1,-1
12,9,864.20,240.01,67.40,325.54,0.3897,-1,-1,-1
12,8,673.83,339.17,40.58,121.73,0.4348,-1,-1,-1
12,7,773.81,320.12,53.11,134.24,0.5494,-1,-1,-1
12,6,1037.27,296.72,71.32,362.03,0.6770,-1,-1,-1
12,5,717.93,327.55,41.72,132.24,0.5499,-1,-1,-1
12,4,324.40,265.44,129.48,351.67,0.8274,-1,-1,-1
12,3,490.36,257.79,110.36,359.00,0.7974,-1,-1,-1
12,2,868.47,158.54,190.72,633.29,0.8356,-1,-1,-1
12,1,0.35,115.15,160.69,677.21,0.7881,-1,-1,-1
13,10,829.62,326.73,43.69,120.57,0.4357,-1,-1,-1
13,8,672.78,340.55,39.23,123.14,0.4347,-1,-1,-1
13,7,772.24,321.63,52.02,133.53,0.5423,-1,-1,-1
13,6,1035.50,300.46,73.80,351.38,0.6952,-1,-1,-1
13,5,717.10,328.03,40.32,133.17,0.4863,-1,-1,-1
13,4,317.74,264.92,134.83,356.38,0.8302,-1,-1,-1
13,3,482.32,255.15,114.44,362.09,0.8271,-1,-1,-1
13,2,860.51,155.18,198.82,640.29,0.8253,-1,-1,-1
13,1,0.52,141.86,139.12,592.94,0.8200,-1,-1,-1
14,10,828.28,325.21,44.03,122.71,0.4667,-1,-1,-1
14,8,672.30,343.04,36.73,119.31,0.3725,-1,-1,-1
14,7,773.23,324.19,46.54,129.18,0.5625,-1,-1,-1
14,6,1033.52,290.92,74.34,358.90,0.6842,-1,-1,-1
14,5,714.76,327.49,44.76,133.59,0.5337,-1,-1,-1
14,4,313.58,266.85,135.80,359.02,0.8351,-1,-1,-1
14,3,478.95,254.94,115.08,364.26,0.8364,-1,-1,-1
14,2,852.20,152.90,203.92,645.08,0.7862,-1,-1,-1
14,1,0.34,181.62,116.81,581.92,0.8183,-1,-1,-1
15,10,827.74,329.16,43.63,120.05,0.4348,-1,-1,-1
15,8,671.91,345.97,33.73,110.40,0.4075,-1,-1,-1
15,7,772.59,322.55,47.19,129.60,0.5425,-1,-1,-1
15,6,1028.86,282.00,79.40,371.67,0.6672,-1,-1,-1
15,5,713.70,330.64,46.50,129.82,0.5302,-1,-1,-1
15,4,316.23,269.88,130.85,359.49,0.8286,-1,-1,-1
15,3,474.90,257.30,119.93,360.73,0.8390,-1,-1,-1
15,2,839.20,153.23,211.24,637.07,0.7979,-1,-1,-1
15,1,0.00,244.21,83.04,548.67,0.5546,-1,-1,-1
16,10,828.73,333.60,42.20,115.86,0.4191,-1,-1,-1
16,8,671.20,349.26,32.27,108.27,0.4414,-1,-1,-1
16,7,770.99,323.44,49.88,129.23,0.5743,-1,-1,-1
16,6,1026.12,274.64,83.43,380.08,0.6328,-1,-1,-1
16,5,713.90,330.60,45.37,130.49,0.5304,-1,-1,-1
16,4,310.31,269.70,134.70,366.46,0.8396,-1,-1,-1
16,3,472.84,256.46,123.04,366.31,0.8447,-1,-1,-1
16,2,836.08,153.40,215.06,640.30,0.8020,-1,-1,-1
17,10,829.34,338.61,41.15,116.45,0.4206,-1,-1,-1
17,8,671.18,346.29,33.18,119.62,0.4480,-1,-1,-1
17,7,770.23,325.65,52.32,129.60,0.5934,-1,-1,-1
17,6,1022.56,275.41,89.19,377.74,0.6611,-1,-1,-1
17,5,713.16,329.72,46.85,136.38,0.5726,-1,-1,-1
17,4,309.38,275.41,132.77,367.59,0.8504,-1,-1,-1
17,3,471.80,259.01,123.12,367.22,0.8425,-1,-1,-1
17,2,834.99,155.04,218.12,643.47,0.8270,-1,-1,-1
18,10,829.16,338.81,42.68,118.29,0.3606,-1,-1,-1
18,7,772.57,316.20,50.01,144.94,0.4270,-1,-1,-1
18,6,1020.87,254.21,89.72,397.31,0.6970,-1,-1,-1
18,5,714.37,333.11,46.48,136.19,0.4783,-1,-1,-1
18,4,311.30,278.67,131.41,369.35,0.8304,-1,-1,-1
18,3,469.00,259.30,126.92,374.49,0.8380,-1,-1,-1
18,2,838.42,158.47,213.52,655.65,0.8572,-1,-1,-1
19,10,830.57,348.27,45.41,111.17,0.3046,-1,-1,-1
19,7,772.92,334.58,50.75,129.04,0.5105,-1,-1,-1
19,6,1013.85,255.20,96.12,398.79,0.7188,-1,-1,-1
19,5,715.97,338.52,45.38,138.70,0.4879,-1,-1,-1
19,4,294.37,281.09,147.63,379.33,0.8303,-1,-1,-1
19,3,467.36,264.84,130.85,379.45,0.8214,-1,-1,-1
19,2,845.40,159.76,199.32,658.78,0.8586,-1,-1,-1
20,10,827.42,357.33,49.73,106.42,0.3492,-1,-1,-1
20,7,773.03,334.80,51.96,131.48,0.5669,-1,-1,-1
20,6,1010.86,249.73,99.67,410.70,0.7665,-1,-1,-1
20,5,718.13,342.94,42.58,140.44,0.5284,-1,-1,-1
20,4,297.85,287.46,145.70,378.87,0.8284,-1,-1,-1
20,3,469.19,273.12,129.43,379.03,0.8268,-1,-1,-1
20,2,847.77,168.20,194.20,654.47,0.8635,-1,-1,-1
21,7,772.70,335.23,59.84,131.63,0.3777,-1,-1,-1
21,6,1016.88,249.92,107.79,414.99,0.8079,-1,-1,-1
21,4,305.04,287.34,144.65,384.47,0.8442,-1,-1,-1
21,3,472.34,273.76,134.08,389.12,0.8124,-1,-1,-1
21,2,863.42,170.03,184.15,656.78,0.8511,-1,-1,-1
22,9,853.14,358.04,52.07,109.09,0.3251,-1,-1,-1
22,7,798.15,340.93,52.08,136.76,0.5636,-1,-1,-1
22,6,1032.31,251.81,107.78,418.04,0.7957,-1,-1,-1
22,4,324.26,288.33,143.43,386.27,0.8275,-1,-1,-1
22,3,496.37,276.49,127.43,390.68,0.8248,-1,-1,-1
22,2,881.81,168.41,187.59,660.23,0.8537,-1,-1,-1
23,11,753.40,350.77,47.42,131.50,0.3741,-1,-1,-1
23,6,1040.16,255.19,113.77,421.05,0.8010,-1,-1,-1
23,5,705.44,366.35,40.38,126.94,0.4195,-1,-1,-1
23,4,332.28,291.55,144.87,386.26,0.8289,-1,-1,-1
23,3,508.09,281.92,128.52,392.95,0.8267,-1,-1,-1
23,2,882.96,170.94,190.59,664.28,0.8619,-1,-1,-1
24,11,767.79,352.00,42.38,138.62,0.5112,-1,-1,-1
24,10,824.68,347.55,47.36,132.68,0.5156,-1,-1,-1
24,6,1046.83,258.59,120.94,414.59,0.8175,-1,-1,-1
24,5,716.65,368.09,41.94,126.17,0.5326,-1,-1,-1
24,4,342.72,293.26,146.50,391.17,0.8330,-1,-1,-1
24,3,517.20,285.40,130.96,396.36,0.8445,-1,-1,-1
24,2,879.34,173.43,203.51,662.88,0.8683,-1,-1,-1
25,11,777.53,351.90,48.37,140.21,0.4209,-1,-1,-1
25,6,1057.66,259.51,123.59,417.56,0.8358,-1,-1,-1
25,5,731.94,368.16,39.20,130.14,0.4547,-1,-1,-1
25,4,355.25,294.79,144.54,387.71,0.8319,-1,-1,-1
25,3,523.56,284.77,134.74,405.13,0.8443,-1,-1,-1
25,2,874.13,173.31,210.93,658.25,0.8634,-1,-1,-1
26,11,794.69,353.68,44.85,132.13,0.3051,-1,-1,-1
26,6,1065.91,262.81,134.90,421.94,0.8313,-1,-1,-1
26,5,744.84,377.87,40.75,118.49,0.3271,-1,-1,-1
26,4,365.33,295.36,150.94,395.90,0.8537,-1,-1,-1
26,3,540.60,294.81,130.45,403.97,0.7980,-1,-1,-1
26,2,879.19,174.37,217.59,653.47,0.8694,-1,-1,-1
27,12,1875.92,551.37,43.51,206.76,0.3686,-1,-1,-1
27,11,806.74,355.05,50.84,137.41,0.3705,-1,-1,-1
27,9,868.01,339.40,52.81,150.33,0.3368,-1,-1,-1
27,6,1081.97,268.22,138.62,416.56,0.8297,-1,-1,-1
27,5,763.34,377.90,36.74,127.04,0.3307,-1,-1,-1
27,4,382.58,300.02,143.66,396.99,0.8406,-1,-1,-1
27,3,554.41,293.35,132.68,412.14,0.8309,-1,-1,-1
27,2,880.14,177.22,227.78,656.71,0.8630,-1,-1,-1
28,11,818.27,364.91,41.34,131.08,0.4378,-1,-1,-1
28,6,1087.19,275.49,139.05,415.71,0.8360,-1,-1,-1
28,5,768.94,382.76,39.51,126.45,0.4183,-1,-1,-1
28,4,385.13,306.73,148.49,398.48,0.8611,-1,-1,-1
28,3,562.31,300.19,131.67,412.75,0.8469,-1,-1,-1
28,2,883.20,185.69,234.60,658.15,0.8748,-1,-1,-1
29,10,819.34,368.20,45.40,145.37,0.5042,-1,-1,-1
29,6,1091.34,280.02,143.25,429.62,0.8128,-1,-1,-1
29,5,772.50,387.13,41.21,129.71,0.3731,-1,-1,-1
29,4,392.53,309.96,141.38,405.40,0.8420,-1,-1,-1
29,3,564.50,299.80,133.95,417.22,0.8639,-1,-1,-1
29,2,883.69,192.31,224.18,659.63,0.8794,-1,-1,-1
30,11,826.49,370.99,49.30,141.11,0.4914,-1,-1,-1
30,6,1097.74,282.10,151.00,432.58,0.8322,-1,-1,-1
30,4,396.95,312.59,144.46,412.76,0.8394,-1,-1,-1
30,3,567.78,299.45,137.84,416.20,0.8519,-1,-1,-1
30,2,887.62,196.62,224.87,661.05,0.8922,-1,-1,-1
31,11,837.75,380.15,42.78,137.84,0.5141,-1,-1,-1
31,6,1101.94,285.60,154.06,435.56,0.8545,-1,-1,-1
31,5,790.12,393.54,41.28,125.60,0.4837,-1,-1,-1
31,4,400.21,318.67,145.16,418.63,0.8435,-1,-1,-1
31,3,572.89,301.68,136.44,419.45,0.8356,-1,-1,-1
31,2,888.23,202.06,227.68,665.27,0.8832,-1,-1,-1
32,11,841.18,380.19,42.70,147.36,0.5932,-1,-1,-1
32,6,1103.29,290.81,155.37,430.44,0.8578,-1,-1,-1
32,5,792.92,399.93,46.38,127.85,0.3946,-1,-1,-1
32,4,401.77,323.97,145.53,418.18,0.8573,-1,-1,-1
32,3,577.86,304.91,134.21,429.68,0.8523,-1,-1,-1
32,2,889.80,209.68,232.11,669.04,0.8843,-1,-1,-1
33,11,846.00,388.92,44.85,144.68,0.5306,-1,-1,-1
33,6,1105.76,299.97,163.26,428.73,0.8557,-1,-1,-1
33,5,799.07,401.88,41.97,126.94,0.3542,-1,-1,-1
33,4,403.70,329.54,148.98,417.90,0.8586,-1,-1,-1
33,3,580.46,307.46,139.39,431.07,0.8464,-1,-1,-1
33,2,894.13,213.35,232.95,669.83,0.8824,-1,-1,-1
34,11,847.43,392.62,48.46,147.49,0.5586,-1,-1,-1
34,6,1107.96,303.01,163.24,421.77,0.8550,-1,-1,-1
34,5,799.85,407.74,48.58,130.69,0.3365,-1,-1,-1
34,4,399.73,333.09,149.88,427.06,0.8418,-1,-1,-1
34,3,585.53,308.99,135.49,433.70,0.8412,-1,-1,-1
34,2,895.03,220.48,241.36,672.78,0.8748,-1,-1,-1
35,11,849.60,396.99,48.66,146.03,0.5384,-1,-1,-1
35,6,1110.51,306.71,165.21,418.50,0.8461,-1,-1,-1
35,5,802.59,408.37,49.77,135.24,0.4807,-1,-1,-1
35,4,397.19,336.60,151.78,435.59,0.8268,-1,-1,-1
35,3,589.20,313.98,135.42,439.75,0.8299,-1,-1,-1
35,2,902.34,227.98,235.15,677.02,0.8777,-1,-1,-1
36,6,1113.75,311.61,161.86,418.37,0.8511,-1,-1,-1
36,5,804.93,413.39,50.10,134.36,0.4319,-1,-1,-1
36,4,392.15,340.78,152.20,440.52,0.8543,-1,-1,-1
36,3,591.40,319.27,140.34,441.56,0.8214,-1,-1,-1
36,2,906.37,233.92,230.90,678.08,0.8840,-1,-1,-1
37,11,861.60,414.60,42.56,131.95,0.4535,-1,-1,-1
37,6,1118.83,315.30,160.96,425.76,0.8438,-1,-1,-1
37,5,806.01,424.35,50.58,128.42,0.3624,-1,-1,-1
37,4,388.51,342.98,148.69,447.18,0.8665,-1,-1,-1
37,3,593.32,323.05,134.20,446.73,0.8044,-1,-1,-1
37,2,905.69,242.84,231.95,676.41,0.8903,-1,-1,-1
38,11,865.48,416.92,40.07,136.68,0.6131,-1,-1,-1
38,6,1118.64,321.49,162.89,420.56,0.8463,-1,-1,-1
38,5,808.24,433.07,53.79,129.13,0.3782,-1,-1,-1
38,4,381.31,347.32,153.73,447.84,0.8690,-1,-1,-1
38,3,594.26,329.09,135.12,450.45,0.8259,-1,-1,-1
38,2,913.44,248.31,226.50,676.53,0.8889,-1,-1,-1
39,11,863.70,424.79,43.84,134.43,0.5074,-1,-1,-1
39,6,1125.17,328.38,157.54,429.41,0.8541,-1,-1,-1
39,5,810.96,439.29,49.15,114.97,0.3247,-1,-1,-1
39,4,375.96,350.61,157.37,453.15,0.8802,-1,-1,-1
39,3,591.07,333.19,139.10,461.88,0.8165,-1,-1,-1
39,2,923.42,254.79,218.91,679.15,0.8846,-1,-1,-1
40,11,862.72,426.82,48.66,148.35,0.5479,-1,-1,-1
40,6,1128.15,335.57,157.10,432.63,0.8542,-1,-1,-1
40,4,371.11,356.01,159.45,455.45,0.8740,-1,-1,-1
40,3,584.48,344.43,146.04,468.98,0.7965,-1,-1,-1
40,2,928.10,256.19,214.64,686.82,0.8765,-1,-1,-1
41,11,862.58,432.93,48.00,145.05,0.4786,-1,-1,-1
41,10,806.05,452.27,56.10,127.24,0.3320,-1,-1,-1
41,6,1133.60,339.36,152.65,429.77,0.8500,-1,-1,-1
41,4,355.88,355.36,169.34,458.12,0.8626,-1,-1,-1
41,3,581.50,342.56,145.61,474.92,0.8022,-1,-1,-1
41,2,927.25,258.62,211.64,682.27,0.8804,-1,-1,-1
42,11,863.25,435.68,46.00,147.07,0.4658,-1,-1,-1
42,10,808.03,459.93,53.50,127.56,0.3295,-1,-1,-1
42,6,1134.71,348.25,149.20,427.51,0.8558,-1,-1,-1
42,4,343.50,357.05,174.27,466.42,0.8716,-1,-1,-1
42,3,576.48,347.61,149.83,480.60,0.7102,-1,-1,-1
42,2,931.52,266.00,207.24,672.33,0.8822,-1,-1,-1
43,11,859.52,442.01,46.28,134.87,0.3506,-1,-1,-1
43,6,1130.88,354.05,151.53,429.49,0.8571,-1,-1,-1
43,4,331.00,363.60,177.88,470.39,0.8483,-1,-1,-1
43,3,572.40,352.50,142.36,481.17,0.8054,-1,-1,-1
43,2,933.25,273.24,200.57,659.73,0.8819,-1,-1,-1
44,11,855.55,442.32,45.77,148.26,0.3893,-1,-1,-1
44,6,1128.01,363.14,152.11,423.54,0.8564,-1,-1,-1
44,4,315.91,366.46,183.80,477.55,0.8581,-1,-1,-1
44,3,566.92,357.13,141.60,491.95,0.8117,-1,-1,-1
44,2,931.49,279.57,199.72,657.73,0.8857,-1,-1,-1
45,11,847.13,450.26,49.79,146.63,0.4301,-1,-1,-1
45,6,1124.29,368.77,150.51,426.47,0.8408,-1,-1,-1
45,4,302.91,371.91,189.33,489.67,0.8453,-1,-1,-1
45,3,561.51,361.80,138.97,502.14,0.8246,-1,-1,-1
45,2,929.68,284.57,198.44,660.59,0.8876,-1,-1,-1
46,11,845.55,457.21,50.35,147.66,0.4778,-1,-1,-1
46,6,1121.59,376.92,150.08,434.07,0.8509,-1,-1,-1
46,4,292.56,379.25,188.88,504.08,0.8413,-1,-1,-1
46,3,554.46,364.22,140.79,507.85,0.8213,-1,-1,-1
46,2,925.43,293.69,198.24,667.44,0.8866,-1,-1,-1
47,6,1117.40,382.24,146.39,434.68,0.8357,-1,-1,-1
47,5,842.72,471.54,49.32,133.65,0.3350,-1,-1,-1
47,4,269.99,383.51,202.56,522.36,0.8436,-1,-1,-1
47,3,545.95,370.13,145.15,513.75,0.8248,-1,-1,-1
47,2,921.49,303.26,194.85,670.40,0.8781,-1,-1,-1
48,11,838.34,466.93,47.34,153.92,0.6837,-1,-1,-1
48,6,1113.63,390.13,138.35,435.60,0.8321,-1,-1,-1
48,4,256.54,393.32,206.56,529.40,0.8569,-1,-1,-1
48,3,531.81,372.06,151.83,525.17,0.8578,-1,-1,-1
48,2,915.66,309.97,196.55,680.61,0.8774,-1,-1,-1
49,11,831.80,472.51,50.19,151.34,0.4995,-1,-1,-1
49,6,1104.73,395.46,147.16,434.31,0.8530,-1,-1,-1
49,4,239.64,399.63,212.04,534.41,0.8719,-1,-1,-1
49,3,524.35,376.61,154.17,532.28,0.8508,-1,-1,-1
49,2,908.63,319.91,194.54,685.08,0.8784,-1,-1,-1
50,15,766.60,491.78,48.25,142.56,0.3133,-1,-1,-1
50,11,821.90,476.48,51.62,154.77,0.5770,-1,-1,-1
50,6,1099.77,399.58,142.70,440.12,0.8538,-1,-1,-1
50,5,869.31,486.09,34.72,126.96,0.3400,-1,-1,-1
50,4,223.87,406.84,219.28,521.45,0.8353,-1,-1,-1
50,3,520.20,383.41,154.98,537.64,0.8387,-1,-1,-1
50,2,903.87,328.39,193.31,684.24,0.8773,-1,-1,-1
51,11,815.82,480.00,56.33,156.28,0.5905,-1,-1,-1
51,6,1094.96,403.16,145.27,439.68,0.8680,-1,-1,-1
51,4,207.46,413.25,223.03,516.99,0.8440,-1,-1,-1
51,3,510.02,385.69,157.09,544.87,0.8470,-1,-1,-1
51,2,898.64,335.74,190.29,685.68,0.8694,-1,-1,-1
52,15,756.10,498.64,49.41,134.75,0.3138,-1,-1,-1
52,11,811.67,491.93,54.74,142.39,0.3282,-1,-1,-1
52,6,1091.95,404.19,146.31,443.03,0.8645,-1,-1,-1
52,4,195.40,417.04,225.93,559.58,0.8293,-1,-1,-1
52,3,501.29,388.02,160.22,545.63,0.8376,-1,-1,-1
52,2,893.39,342.50,189.41,684.34,0.8759,-1,-1,-1
53,15,753.91,501.90,52.21,139.10,0.3277,-1,-1,-1
53,11,810.84,491.91,52.87,146.90,0.6582,-1,-1,-1
53,6,1083.32,408.36,154.81,443.18,0.8652,-1,-1,-1
53,5,860.36,509.80,34.25,115.42,0.3062,-1,-1,-1
53,4,186.19,419.69,220.46,567.23,0.8704,-1,-1,-1
53,3,494.01,396.24,162.55,549.13,0.8404,-1,-1,-1
53,2,888.07,348.10,190.25,681.19,0.8783,-1,-1,-1
54,11,811.46,493.08,50.59,138.25,0.5952,-1,-1,-1
54,6,1077.27,409.19,160.25,446.09,0.8712,-1,-1,-1
54,4,175.05,420.67,224.58,574.71,0.8822,-1,-1,-1
54,3,483.12,395.66,170.92,558.38,0.8509,-1,-1,-1
54,2,881.91,350.41,193.91,678.68,0.8833,-1,-1,-1
55,15,747.41,508.32,51.09,140.08,0.5135,-1,-1,-1
55,11,807.37,492.39,52.97,143.72,0.4668,-1,-1,-1
55,6,1073.76,410.34,162.95,445.12,0.8756,-1,-1,-1
55,4,167.02,418.73,223.41,583.61,0.8952,-1,-1,-1
55,3,475.29,396.68,179.14,565.84,0.8581,-1,-1,-1
55,2,872.29,348.99,198.10,679.61,0.8837,-1,-1,-1
56,11,805.85,492.93,53.16,154.25,0.4625,-1,-1,-1
56,6,1076.23,412.09,162.11,439.57,0.8744,-1,-1,-1
56,4,159.13,417.59,221.89,594.38,0.8826,-1,-1,-1
56,3,470.51,398.92,185.12,578.95,0.8728,-1,-1,-1
56,2,868.73,348.04,197.41,683.48,0.8792,-1,-1,-1
57,15,745.44,525.74,45.96,124.60,0.3011,-1,-1,-1
57,11,806.08,498.60,52.84,154.88,0.3711,-1,-1,-1
57,6,1074.30,414.29,164.91,437.51,0.8674,-1,-1,-1
57,4,146.44,418.46,225.70,600.64,0.8887,-1,-1,-1
57,3,463.49,402.61,192.00,593.05,0.8758,-1,-1,-1
57,2,861.40,347.71,200.70,687.60,0.8752,-1,-1,-1
58,6,1070.07,411.65,168.16,445.50,0.8718,-1,-1,-1
58,4,138.60,417.15,228.41,611.81,0.8760,-1,-1,-1
58,3,458.46,398.43,196.53,609.75,0.8814,-1,-1,-1
58,2,856.30,347.20,204.60,676.57,0.8683,-1,-1,-1
59,15,745.51,514.64,39.68,120.75,0.3152,-1,-1,-1
59,11,801.85,502.73,52.08,145.53,0.3329,-1,-1,-1
59,6,1069.20,414.61,169.32,440.34,0.8702,-1,-1,-1
59,4,126.72,416.59,234.44,616.80,0.8969,-1,-1,-1
59,3,453.85,393.01,193.43,624.64,0.8830,-1,-1,-1
59,2,842.98,343.92,209.69,667.46,0.8827,-1,-1,-1
60,11,798.53,498.12,53.66,140.23,0.3746,-1,-1,-1
60,6,1065.88,415.00,173.86,442.69,0.8682,-1,-1,-1
60,4,114.40,415.89,239.27,622.26,0.9068,-1,-1,-1
60,3,452.76,397.54,190.57,623.84,0.8773,-1,-1,-1
60,2,835.94,345.21,211.30,664.86,0.8873,-1,-1,-1
61,11,797.78,498.11,53.38,139.70,0.4130,-1,-1,-1
61,6,1063.43,416.35,177.25,443.08,0.8656,-1,-1,-1
61,4,105.20,415.49,242.12,632.56,0.9052,-1,-1,-1
61,3,445.37,399.47,193.56,637.38,0.8643,-1,-1,-1
61,2,821.92,346.10,222.84,668.27,0.8888,-1,-1,-1
62,16,1022.27,432.91,62.04,315.77,0.3879,-1,-1,-1
62,11,796.67,495.39,52.52,142.87,0.3431,-1,-1,-1
62,6,1065.17,415.34,179.52,442.43,0.8628,-1,-1,-1
62,4,99.59,411.70,243.51,657.92,0.9003,-1,-1,-1
62,3,445.80,397.93,193.17,643.49,0.8512,-1,-1,-1
62,2,818.81,345.83,227.28,668.39,0.8800,-1,-1,-1
63,16,1018.35,430.80,67.76,322.15,0.7148,-1,-1,-1
63,6,1066.85,414.15,184.06,442.72,0.8705,-1,-1,-1
63,4,98.80,406.02,236.07,671.83,0.8924,-1,-1,-1
63,3,442.48,392.99,198.59,651.04,0.8613,-1,-1,-1
63,2,818.78,341.83,225.19,675.17,0.8811,-1,-1,-1
64,16,1020.02,435.20,68.37,314.80,0.7914,-1,-1,-1
64,15,739.47,508.57,53.35,144.28,0.3746,-1,-1,-1
64,11,802.59,494.17,46.54,149.64,0.3707,-1,-1,-1
64,6,1068.32,414.36,186.09,442.96,0.8700,-1,-1,-1
64,4,92.90,402.82,236.13,674.70,0.8872,-1,-1,-1
64,3,448.97,386.14,197.88,660.27,0.8709,-1,-1,-1
64,2,820.00,340.81,221.58,677.87,0.8784,-1,-1,-1
65,16,1021.30,435.95,70.99,312.18,0.7868,-1,-1,-1
65,15,740.48,508.69,59.46,143.01,0.5812,-1,-1,-1
65,11,803.12,489.85,45.86,157.56,0.4018,-1,-1,-1
65,6,1072.10,411.60,186.43,444.71,0.8626,-1,-1,-1
65,4,82.27,404.23,240.04,674.21,0.8834,-1,-1,-1
65,3,446.49,379.68,203.62,667.78,0.8722,-1,-1,-1
65,2,815.91,339.29,227.81,680.81,0.8890,-1,-1,-1
66,16,1022.52,434.57,74.35,311.94,0.7797,-1,-1,-1
66,15,743.33,503.43,58.64,146.89,0.4667,-1,-1,-1
66,11,808.89,488.25,39.08,149.98,0.3335,-1,-1,-1
66,6,1081.80,405.12,187.80,452.97,0.8392,-1,-1,-1
66,4,73.75,402.23,244.77,673.30,0.8885,-1,-1,-1
66,3,443.89,372.47,211.09,676.17,0.8764,-1,-1,-1
66,2,819.12,337.59,225.34,682.88,0.8875,-1,-1,-1
67,16,1023.17,431.00,77.50,308.92,0.7461,-1,-1,-1
67,15,745.45,495.90,60.02,150.67,0.6051,-1,-1,-1
67,6,1085.38,402.07,190.94,457.74,0.8461,-1,-1,-1
67,4,63.28,396.82,246.55,680.36,0.8880,-1,-1,-1
67,3,443.63,366.33,215.15,682.69,0.8733,-1,-1,-1
67,2,819.60,337.69,226.89,683.37,0.8931,-1,-1,-1
68,16,1026.73,422.77,79.23,315.58,0.7259,-1,-1,-1
68,15,747.55,498.05,60.06,145.04,0.5304,-1,-1,-1
68,6,1091.91,399.45,180.35,454.09,0.8456,-1,-1,-1
68,4,48.10,394.61,253.86,675.88,0.8889,-1,-1,-1
68,3,441.58,355.48,221.84,691.76,0.8708,-1,-1,-1
68,2,822.40,336.16,227.13,684.73,0.8934,-1,-1,-1
69,16,1030.90,419.28,77.93,315.82,0.7208,-1,-1,-1
69,15,750.84,490.78,59.41,149.68,0.6034,-1,-1,-1
69,6,1094.70,395.15,181.43,456.26,0.8726,-1,-1,-1
69,4,34.40,383.07,263.52,684.28,0.8998,-1,-1,-1
69,3,442.00,347.15,225.34,700.27,0.8775,-1,-1,-1
69,2,830.58,330.79,222.62,685.58,0.8878,-1,-1,-1
70,18,1544.37,449.64,57.44,64.24,0.3554,-1,-1,-1
70,16,1032.64,415.78,78.90,315.53,0.7091,-1,-1,-1
70,15,753.09,486.97,58.95,151.41,0.5373,-1,-1,-1
70,11,817.74,468.79,46.95,163.83,0.3136,-1,-1,-1
70,6,1097.30,390.90,182.30,456.46,0.8721,-1,-1,-1
70,4,15.86,375.20,274.10,695.97,0.9135,-1,-1,-1
70,3,436.91,341.24,232.75,707.68,0.8913,-1,-1,-1
70,2,829.84,328.23,225.87,682.16,0.8967,-1,-1,-1
71,18,1541.92,447.46,60.95,62.21,0.4409,-1,-1,-1
71,16,1033.03,412.31,80.21,316.26,0.7217,-1,-1,-1
71,15,753.06,484.97,60.15,151.16,0.5789,-1,-1,-1
71,6,1100.55,386.41,179.62,453.54,0.8643,-1,-1,-1
71,4,2.91,368.03,267.61,703.60,0.9096,-1,-1,-1
71,3,431.96,334.02,236.64,721.77,0.8901,-1,-1,-1
71,2,833.42,325.60,224.13,681.24,0.8904,-1,-1,-1
72,18,1553.14,445.40,50.70,61.92,0.4067,-1,-1,-1
72,16,1034.60,410.94,78.72,314.84,0.7227,-1,-1,-1
72,15,754.34,484.79,60.17,150.07,0.5615,-1,-1,-1
72,6,1103.03,384.64,178.65,450.59,0.8592,-1,-1,-1
72,4,0.00,360.50,257.27,711.69,0.9195,-1,-1,-1
72,3,426.90,323.92,240.00,748.00,0.8916,-1,-1,-1
72,2,832.66,319.23,226.45,682.28,0.8906,-1,-1,-1
73,18,1544.89,442.18,60.30,61.41,0.4260,-1,-1,-1
73,16,1035.88,410.72,77.61,312.35,0.6758,-1,-1,-1
73,15,753.24,476.55,56.18,153.10,0.4691,-1,-1,-1
73,6,1104.59,381.38,176.96,444.24,0.8556,-1,-1,-1
73,4,0.00,347.31,241.97,725.05,0.9111,-1,-1,-1
73,3,420.67,314.29,243.65,762.27,0.8933,-1,-1,-1
73,2,834.43,313.16,224.56,678.64,0.8855,-1,-1,-1
74,18,1547.14,440.84,62.70,61.72,0.4308,-1,-1,-1
74,16,1035.20,410.29,79.37,310.83,0.6848,-1,-1,-1
74,15,750.05,475.21,59.76,152.48,0.5560,-1,-1,-1
74,6,1106.04,377.79,172.75,441.65,0.8565,-1,-1,-1
74,4,0.19,342.82,223.97,733.25,0.9065,-1,-1,-1
74,3,412.35,310.72,247.05,763.45,0.8907,-1,-1,-1
74,2,833.40,308.28,224.92,664.08,0.8805,-1,-1,-1
75,18,1546.53,438.41,64.78,61.94,0.4430,-1,-1,-1
75,16,1035.31,425.41,75.42,292.80,0.6642,-1,-1,-1
75,15,748.86,471.71,58.01,153.42,0.5618,-1,-1,-1
75,11,817.26,456.38,44.90,159.62,0.3709,-1,-1,-1
75,6,1105.34,375.35,173.41,440.49,0.8616,-1,-1,-1
75,4,0.56,329.79,207.59,746.49,0.8958,-1,-1,-1
75,3,401.80,302.70,250.01,771.45,0.8954,-1,-1,-1
75,2,837.19,304.38,219.29,661.92,0.8721,-1,-1,-1
76,18,1543.34,438.02,69.70,61.97,0.4525,-1,-1,-1
76,16,1035.88,437.39,76.02,276.54,0.7228,-1,-1,-1
76,15,747.04,472.52,63.04,146.85,0.5169,-1,-1,-1
76,11,817.21,452.22,44.32,163.60,0.3975,-1,-1,-1
76,6,1109.41,373.41,166.86,439.92,0.8559,-1,-1,-1
76,4,0.69,322.76,192.02,749.80,0.8883,-1,-1,-1
76,3,391.32,296.55,254.75,774.14,0.8894,-1,-1,-1
76,2,842.50,300.55,215.27,661.34,0.8691,-1,-1,-1
77,18,1540.64,437.73,72.21,60.90,0.4086,-1,-1,-1
77,16,1034.08,436.37,77.42,278.17,0.6324,-1,-1,-1
77,15,745.69,471.36,65.83,148.65,0.5040,-1,-1,-1
77,11,817.37,450.65,44.59,159.81,0.4081,-1,-1,-1
77,6,1109.35,371.94,167.05,443.02,0.8657,-1,-1,-1
77,4,0.79,317.48,176.36,758.05,0.8802,-1,-1,-1
77,3,381.81,294.47,257.56,772.08,0.8913,-1,-1,-1
77,2,847.37,298.41,207.33,664.69,0.8786,-1,-1,-1
78,18,1544.41,437.16,67.98,61.74,0.4210,-1,-1,-1
78,16,1029.61,417.07,78.47,300.20,0.7076,-1,-1,-1
78,15,743.56,464.41,65.95,157.57,0.5499,-1,-1,-1
78,11,814.72,451.44,45.93,162.28,0.6321,-1,-1,-1
78,6,1108.81,370.80,166.61,444.09,0.8640,-1,-1,-1
78,4,0.59,311.78,157.79,760.08,0.8673,-1,-1,-1
78,3,366.55,289.94,265.09,781.06,0.8972,-1,-1,-1
78,2,852.22,295.84,197.92,667.60,0.8637,-1,-1,-1
79,18,1540.41,435.49,67.27,61.81,0.3016,-1,-1,-1
79,16,1024.42,400.61,80.41,314.81,0.7189,-1,-1,-1
79,15,742.86,471.05,50.55,150.55,0.4962,-1,-1,-1
79,11,811.22,449.44,47.15,166.43,0.6450,-1,-1,-1
79,6,1108.42,367.76,165.67,445.53,0.8600,-1,-1,-1
79,4,0.35,310.82,143.53,762.60,0.8291,-1,-1,-1
79,3,350.39,284.92,266.95,786.51,0.9003,-1,-1,-1
79,2,852.96,292.13,197.76,673.34,0.8592,-1,-1,-1
80,16,1023.13,398.12,74.53,317.76,0.7097,-1,-1,-1
80,15,738.50,470.25,51.36,153.67,0.5411,-1,-1,-1
80,11,801.08,445.64,57.92,172.40,0.6151,-1,-1,-1
80,6,1105.92,363.94,162.16,448.65,0.8433,-1,-1,-1
80,4,0.49,430.54,118.92,362.93,0.5093,-1,-1,-1
80,3,331.59,275.38,276.24,795.00,0.8965,-1,-1,-1
80,2,851.63,289.64,192.42,677.22,0.8566,-1,-1,-1
81,19,1872.19,881.94,47.01,197.65,0.3592,-1,-1,-1
81,18,1534.64,430.98,69.53,63.54,0.3117,-1,-1,-1
81,16,1017.33,406.03,73.94,307.96,0.6937,-1,-1,-1
81,15,732.15,462.71,52.80,154.66,0.5612,-1,-1,-1
81,11,796.95,444.46,56.23,168.15,0.6196,-1,-1,-1
81,6,1103.89,364.32,156.70,445.79,0.8567,-1,-1,-1
81,4,0.31,438.09,92.10,435.28,0.6418,-1,-1,-1
81,3,314.88,266.21,279.41,803.22,0.9018,-1,-1,-1
81,2,849.78,293.73,190.11,675.83,0.8514,-1,-1,-1
82,16,1014.87,390.93,74.48,316.32,0.6466,-1,-1,-1
82,15,725.28,455.52,54.19,159.79,0.6341,-1,-1,-1
82,11,793.52,440.93,56.07,168.98,0.6749,-1,-1,-1
82,6,1098.64,359.55,154.79,448.07,0.8627,-1,-1,-1
82,4,0.31,444.19,70.98,355.24,0.7815,-1,-1,-1
82,3,291.39,252.04,297.58,820.24,0.8974,-1,-1,-1
82,2,846.49,294.59,186.10,674.70,0.8529,-1,-1,-1
83,16,1001.85,381.67,82.91,325.04,0.5449,-1,-1,-1
83,15,720.84,451.99,60.63,155.68,0.3876,-1,-1,-1
83,11,792.07,436.55,52.59,164.54,0.5785,-1,-1,-1
83,6,1095.72,358.40,151.98,452.69,0.8518,-1,-1,-1
83,3,268.33,239.45,303.59,830.96,0.8896,-1,-1,-1
83,2,845.31,292.59,178.82,673.52,0.8514,-1,-1,-1
84,19,1875.50,872.54,44.02,179.11,0.3651,-1,-1,-1
84,16,995.16,376.11,80.92,321.10,0.7452,-1,-1,-1
84,15,712.40,450.17,55.19,154.65,0.5917,-1,-1,-1
84,11,783.88,434.99,51.74,166.11,0.5587,-1,-1,-1
84,6,1086.45,354.37,155.15,457.59,0.8586,-1,-1,-1
84,3,239.02,228.06,304.65,844.91,0.9033,-1,-1,-1
84,2,835.72,292.36,178.19,675.27,0.8476,-1,-1,-1
85,16,984.33,374.02,82.16,317.17,0.7616,-1,-1,-1
85,15,707.02,452.14,52.87,150.56,0.4575,-1,-1,-1
85,11,772.05,425.72,55.30,171.94,0.5998,-1,-1,-1
85,6,1079.50,354.44,149.14,452.89,0.8485,-1,-1,-1
85,3,205.68,215.94,333.19,858.27,0.9170,-1,-1,-1
85,2,824.40,290.42,178.19,671.18,0.8275,-1,-1,-1
86,21,480.47,412.12,80.01,286.51,0.7152,-1,-1,-1
86,16,970.89,369.44,90.58,319.97,0.8069,-1,-1,-1
86,15,695.40,444.21,58.34,155.65,0.5367,-1,-1,-1
86,11,770.36,419.72,46.36,177.28,0.5159,-1,-1,-1
86,6,1071.54,348.83,151.39,454.15,0.8318,-1,-1,-1
86,3,184.97,202.48,323.26,872.19,0.9056,-1,-1,-1
86,2,809.57,283.58,183.76,671.85,0.8417,-1,-1,-1
87,21,472.98,410.93,76.41,285.49,0.7296,-1,-1,-1
87,18,1529.12,420.97,39.73,55.59,0.3009,-1,-1,-1
87,16,962.68,366.94,91.49,319.93,0.7796,-1,-1,-1
87,15,689.13,448.35,59.90,150.29,0.4641,-1,-1,-1
87,11,760.52,413.15,48.14,181.66,0.6884,-1,-1,-1
87,6,1062.39,346.99,153.56,451.90,0.8509,-1,-1,-1
87,3,152.58,187.54,332.37,887.61,0.9104,-1,-1,-1
87,2,796.20,277.80,190.72,676.90,0.8524,-1,-1,-1
88,21,445.64,408.12,95.18,286.75,0.7607,-1,-1,-1
88,18,1521.87,416.57,38.02,57.03,0.3523,-1,-1,-1
88,16,949.03,358.34,96.44,325.24,0.7449,-1,-1,-1
88,15,680.50,439.64,56.44,155.51,0.6147,-1,-1,-1
88,11,747.55,410.05,50.62,175.84,0.4646,-1,-1,-1
88,6,1052.44,339.61,152.34,454.59,0.8485,-1,-1,-1
88,3,129.13,180.07,338.51,896.52,0.9155,-1,-1,-1
88,2,779.80,274.30,201.42,669.92,0.8571,-1,-1,-1
89,21,428.97,396.54,105.63,301.53,0.7739,-1,-1,-1
89,19,1850.70,855.73,68.68,194.59,0.3690,-1,-1,-1
89,16,941.12,359.60,99.09,316.72,0.8162,-1,-1,-1
89,15,672.15,436.33,59.27,157.57,0.5573,-1,-1,-1
89,11,743.97,408.94,40.75,181.37,0.3303,-1,-1,-1
89,6,1042.42,333.62,161.04,454.46,0.8534,-1,-1,-1
89,3,100.42,167.75,353.06,907.01,0.9201,-1,-1,-1
89,2,765.23,267.79,203.78,668.75,0.8477,-1,-1,-1
90,21,421.24,388.87,104.77,303.43,0.7799,-1,-1,-1
90,20,1727.82,860.85,94.58,216.11,0.3733,-1,-1,-1
90,16,937.85,355.07,95.84,314.82,0.7823,-1,-1,-1
90,15,666.47,433.17,62.75,155.79,0.4318,-1,-1,-1
90,6,1037.02,328.10,159.42,460.62,0.8482,-1,-1,-1
90,3,70.47,151.78,375.03,922.75,0.9241,-1,-1,-1
90,2,747.70,260.05,218.56,655.87,0.8689,-1,-1,-1
91,21,413.75,386.87,103.51,305.03,0.7615,-1,-1,-1
91,18,1506.63,396.98,40.23,62.60,0.3419,-1,-1,-1
91,16,930.06,350.12,100.58,318.53,0.7997,-1,-1,-1
91,15,658.99,425.40,53.70,156.83,0.4526,-1,-1,-1
91,6,1030.59,324.52,164.61,455.79,0.8681,-1,-1,-1
91,3,49.34,141.57,384.32,930.50,0.9224,-1,-1,-1
91,2,734.94,257.03,224.61,647.68,0.8808,-1,-1,-1
92,21,404.02,385.07,106.83,307.09,0.8223,-1,-1,-1
92,19,1846.43,836.97,72.65,195.50,0.3515,-1,-1,-1
92,18,1505.81,396.29,37.08,60.07,0.4943,-1,-1,-1
92,16,923.90,349.63,96.53,316.60,0.7895,-1,-1,-1
92,15,654.03,423.10,60.00,158.44,0.5489,-1,-1,-1
92,6,1024.60,317.45,167.71,453.77,0.8636,-1,-1,-1
92,3,20.23,125.68,405.48,946.51,0.9221,-1,-1,-1
92,2,722.97,250.64,227.85,652.02,0.8787,-1,-1,-1
93,21,397.34,379.07,107.68,312.27,0.8071,-1,-1,-1
93,20,1724.97,851.66,95.94,223.42,0.4156,-1,-1,-1
93,19,1845.28,839.96,74.08,194.32,0.3963,-1,-1,-1
93,18,1496.93,389.93,43.43,62.58,0.4659,-1,-1,-1
93,16,922.48,347.77,97.78,316.83,0.7763,-1,-1,-1
93,15,653.42,420.85,54.77,157.20,0.3373,-1,-1,-1
93,6,1017.44,313.74,172.26,454.29,0.8705,-1,-1,-1
93,3,0.43,116.35,413.00,956.26,0.9244,-1,-1,-1
93,2,714.80,244.59,235.84,656.46,0.8891,-1,-1,-1
94,21,389.49,378.82,110.89,308.13,0.8026,-1,-1,-1
94,20,1725.81,854.27,94.08,219.93,0.3618,-1,-1,-1
94,18,1495.73,390.69,41.63,58.52,0.4162,-1,-1,-1
94,16,918.76,346.48,99.91,319.30,0.8026,-1,-1,-1
94,6,1012.88,312.87,175.68,453.73,0.8726,-1,-1,-1
94,3,0.00,106.81,403.55,969.20,0.9323,-1,-1,-1
94,2,708.15,241.22,229.61,660.46,0.8729,-1,-1,-1
95,21,384.27,374.98,111.81,314.85,0.8174,-1,-1,-1
95,20,1724.31,855.51,95.21,219.28,0.3667,-1,-1,-1
95,18,1493.92,391.19,40.72,57.80,0.3194,-1,-1,-1
95,16,917.03,344.04,98.60,320.51,0.7805,-1,-1,-1
95,6,1007.21,311.67,179.44,453.55,0.8644,-1,-1,-1
95,3,0.25,96.65,401.78,978.88,0.9307,-1,-1,-1
95,2,701.82,240.05,230.97,667.21,0.8860,-1,-1,-1
96,21,379.82,374.64,110.71,321.84,0.8098,-1,-1,-1
96,20,1723.57,856.07,97.84,220.88,0.4038,-1,-1,-1
96,18,1490.65,392.38,41.21,57.15,0.3033,-1,-1,-1
96,16,912.18,345.37,102.47,319.96,0.7540,-1,-1,-1
96,15,633.61,428.08,67.26,154.51,0.3024,-1,-1,-1
96,6,1003.60,311.21,183.90,456.58,0.8598,-1,-1,-1
96,3,0.49,85.00,379.65,990.28,0.9349,-1,-1,-1
96,2,693.34,243.18,231.74,665.46,0.9045,-1,-1,-1
97,21,377.71,370.31,112.37,327.09,0.8189,-1,-1,-1
97,20,1727.32,855.62,97.01,221.32,0.4493,-1,-1,-1
97,19,1849.38,834.86,70.03,185.27,0.3590,-1,-1,-1
97,16,903.69,342.77,108.68,319.16,0.7328,-1,-1,-1
97,15,632.71,418.20,61.26,162.55,0.5593,-1,-1,-1
97,6,1001.87,311.27,187.34,456.53,0.8618,-1,-1,-1
97,3,0.51,75.27,368.57,999.75,0.9338,-1,-1,-1
97,2,695.51,241.64,227.49,673.04,0.8996,-1,-1,-1
98,21,377.07,368.55,112.55,330.40,0.8255,-1,-1,-1
98,20,1731.87,857.54,97.58,220.34,0.4000,-1,-1,-1
98,16,907.47,343.48,104.52,321.00,0.7306,-1,-1,-1
98,15,632.14,415.53,59.38,167.25,0.6311,-1,-1,-1
98,6,1001.11,310.80,192.22,459.44,0.8591,-1,-1,-1
98,3,0.32,56.06,358.47,1015.02,0.9344,-1,-1,-1
98,2,694.17,243.94,226.29,676.61,0.8996,-1,-1,-1
99,21,375.58,366.59,113.59,334.00,0.8214,-1,-1,-1
99,18,1497.48,383.23,39.99,67.04,0.3077,-1,-1,-1
99,16,908.79,343.59,104.27,320.96,0.7370,-1,-1,-1
99,15,633.31,416.44,54.25,165.08,0.6340,-1,-1,-1
99,6,1002.52,311.50,197.50,461.15,0.8700,-1,-1,-1
99,3,0.79,46.58,347.37,1025.57,0.9272,-1,-1,-1
99,2,693.49,248.23,226.57,677.69,0.8985,-1,-1,-1
100,21,373.06,369.05,115.15,332.62,0.8323,-1,-1,-1
100,18,1496.11,380.56,43.69,67.38,0.4183,-1,-1,-1
100,16,911.13,349.77,105.60,316.69,0.7435,-1,-1,-1
100,15,630.85,415.12,59.46,166.21,0.6493,-1,-1,-1
100,6,1005.50,313.24,199.06,460.55,0.8763,-1,-1,-1
100,3,0.87,35.56,333.51,1034.99,0.9225,-1,-1,-1
100,2,695.23,251.06,222.54,675.08,0.8988,-1,-1,-1
101,21,375.06,365.87,114.71,337.56,0.8239,-1,-1,-1
101,16,913.82,348.34,104.79,317.25,0.7683,-1,-1,-1
101,15,633.63,414.00,59.20,164.84,0.7018,-1,-1,-1
101,6,1007.26,312.19,201.24,463.74,0.8568,-1,-1,-1
101,3,0.86,16.32,315.82,1059.24,0.9144,-1,-1,-1
101,2,702.07,250.85,215.49,675.58,0.8890,-1,-1,-1
102,21,375.49,365.08,116.66,341.43,0.8319,-1,-1,-1
102,16,920.73,347.07,102.47,319.69,0.7923,-1,-1,-1
102,15,637.52,414.32,59.74,165.53,0.5224,-1,-1,-1
102,6,1015.47,312.96,197.89,465.29,0.8308,-1,-1,-1
102,3,0.83,13.86,295.50,1058.83,0.9190,-1,-1,-1
102,2,703.77,251.47,220.30,668.39,0.8948,-1,-1,-1
103,21,386.23,366.99,113.45,335.92,0.8037,-1,-1,-1
103,16,931.65,340.66,100.44,323.12,0.7443,-1,-1,-1
103,15,643.35,408.80,61.12,166.40,0.5544,-1,-1,-1
103,6,1023.19,316.06,201.95,465.78,0.8433,-1,-1,-1
103,3,1.14,9.96,278.53,1061.65,0.9092,-1,-1,-1
103,2,716.46,251.04,221.61,665.92,0.8881,-1,-1,-1
104,21,396.19,371.13,112.91,333.32,0.8112,-1,-1,-1
104,16,941.65,338.27,107.17,322.57,0.7345,-1,-1,-1
104,11,658.84,407.24,56.36,169.18,0.6639,-1,-1,-1
104,6,1042.51,308.02,202.58,470.09,0.8582,-1,-1,-1
104,3,0.88,14.30,259.68,1045.43,0.8316,-1,-1,-1
104,2,726.04,246.63,222.29,668.73,0.8919,-1,-1,-1
105,23,1804.98,861.45,107.65,218.21,0.4947,-1,-1,-1
105,22,1546.07,374.21,47.03,67.87,0.4179,-1,-1,-1
105,21,404.51,365.78,111.38,337.74,0.8087,-1,-1,-1
105,16,953.13,333.33,103.75,329.01,0.7371,-1,-1,-1
105,15,663.74,409.33,60.27,165.93,0.3739,-1,-1,-1
105,6,1053.01,308.94,200.28,469.31,0.8547,-1,-1,-1
105,3,0.88,252.06,235.90,817.23,0.7801,-1,-1,-1
105,2,739.59,245.23,220.26,663.46,0.8861,-1,-1,-1
106,23,1817.96,857.21,101.06,222.79,0.6350,-1,-1,-1
106,22,1557.36,373.01,44.28,67.49,0.4629,-1,-1,-1
106,21,411.45,365.40,111.52,335.49,0.8015,-1,-1,-1
106,16,958.93,332.51,104.09,329.50,0.7895,-1,-1,-1
106,15,668.31,405.50,62.78,167.67,0.6820,-1,-1,-1
106,6,1066.18,303.31,205.31,478.03,0.8421,-1,-1,-1
106,3,0.24,247.79,133.84,660.45,0.6228,-1,-1,-1
106,2,748.67,242.29,213.29,649.05,0.8781,-1,-1,-1
107,23,1831.76,855.37,87.61,222.15,0.4784,-1,-1,-1
107,22,1568.25,372.02,44.23,66.66,0.3619,-1,-1,-1
107,21,414.61,361.63,112.70,338.80,0.7888,-1,-1,-1
107,16,963.66,330.70,107.17,326.59,0.7449,-1,-1,-1
107,15,669.69,404.28,67.28,169.52,0.6755,-1,-1,-1
107,6,1072.93,303.26,195.45,474.22,0.8424,-1,-1,-1
107,3,0.28,246.99,103.27,794.44,0.7251,-1,-1,-1
107,2,757.09,235.93,211.73,644.29,0.8783,-1,-1,-1
108,22,1575.20,370.16,43.13,65.26,0.4637,-1,-1,-1
108,21,416.69,360.58,112.96,345.76,0.7966,-1,-1,-1
108,16,967.99,328.38,106.41,329.31,0.7282,-1,-1,-1
108,15,672.72,403.67,67.91,170.16,0.7286,-1,-1,-1
108,6,1081.11,301.61,173.73,471.23,0.8386,-1,-1,-1
108,2,761.93,233.24,209.18,645.23,0.8828,-1,-1,-1
109,22,1583.75,373.71,42.71,62.15,0.6009,-1,-1,-1
109,21,414.24,358.01,116.21,350.46,0.8082,-1,-1,-1
109,16,972.09,327.15,95.72,325.55,0.5493,-1,-1,-1
109,15,678.03,400.82,63.98,170.82,0.6812,-1,-1,-1
109,6,1085.07,297.57,170.65,468.57,0.8704,-1,-1,-1
109,2,771.91,232.27,201.58,645.87,0.8753,-1,-1,-1
110,22,1587.66,367.08,40.19,65.69,0.4036,-1,-1,-1
110,21,411.22,353.38,118.35,357.71,0.7983,-1,-1,-1
110,16,976.55,323.99,103.58,327.32,0.6669,-1,-1,-1
110,15,679.55,397.56,67.17,170.98,0.6261,-1,-1,-1
110,6,1089.29,294.53,171.34,464.80,0.8721,-1,-1,-1
110,2,772.31,230.66,203.14,648.28,0.8753,-1,-1,-1
111,22,1600.09,371.68,38.45,62.35,0.4412,-1,-1,-1
111,21,409.83,352.75,120.46,354.53,0.8059,-1,-1,-1
111,16,974.80,324.33,105.73,324.41,0.6149,-1,-1,-1
111,15,682.79,394.50,65.57,173.98,0.6588,-1,-1,-1
111,6,1093.11,291.43,169.17,461.52,0.8667,-1,-1,-1
111,2,776.68,229.87,198.53,651.40,0.8721,-1,-1,-1
112,23,1878.94,878.92,40.43,199.29,0.3187,-1,-1,-1
112,21,412.93,349.01,117.08,359.38,0.7482,-1,-1,-1
112,16,974.14,324.05,110.17,326.41,0.6338,-1,-1,-1
112,15,685.10,395.34,67.40,174.33,0.6441,-1,-1,-1
112,6,1098.34,288.66,169.45,459.95,0.8549,-1,-1,-1
112,2,777.28,229.50,197.52,650.31,0.8674,-1,-1,-1
113,21,411.15,347.88,117.99,363.40,0.7392,-1,-1,-1
113,16,980.11,323.59,108.37,325.42,0.6026,-1,-1,-1
113,15,686.68,390.53,68.21,180.82,0.7009,-1,-1,-1
113,6,1104.38,286.14,165.92,463.90,0.8511,-1,-1,-1
113,2,779.72,229.06,194.87,651.04,0.8648,-1,-1,-1
114,22,1612.92,375.22,38.93,52.15,0.3496,-1,-1,-1
114,21,412.58,344.89,116.90,366.02,0.7352,-1,-1,-1
114,16,987.48,321.05,102.35,319.78,0.5927,-1,-1,-1
114,15,690.73,394.04,66.74,174.95,0.6295,-1,-1,-1
114,6,1110.10,285.11,162.87,467.58,0.8578,-1,-1,-1
114,2,786.26,231.44,190.58,652.08,0.8545,-1,-1,-1
115,22,1623.17,364.88,35.69,62.33,0.3317,-1,-1,-1
115,21,410.59,344.15,120.59,368.18,0.7379,-1,-1,-1
115,16,997.22,321.01,99.34,323.13,0.7349,-1,-1,-1
115,15,695.09,390.84,65.66,179.49,0.5955,-1,-1,-1
115,6,1112.19,286.64,163.71,466.20,0.8679,-1,-1,-1
115,2,791.82,232.96,191.59,651.94,0.8444,-1,-1,-1
116,22,1625.24,363.46,38.85,63.81,0.3823,-1,-1,-1
116,21,403.60,342.65,127.37,369.92,0.7733,-1,-1,-1
116,16,992.90,323.08,109.18,319.51,0.7067,-1,-1,-1
116,15,693.35,393.29,69.11,179.19,0.5573,-1,-1,-1
116,6,1113.99,286.31,165.08,464.11,0.8630,-1,-1,-1
116,2,792.47,233.40,192.51,652.56,0.8509,-1,-1,-1
117,21,401.28,343.76,129.45,368.46,0.7213,-1,-1,-1
117,16,993.39,321.11,107.77,321.51,0.6699,-1,-1,-1
117,15,689.28,389.27,75.25,179.37,0.6245,-1,-1,-1
117,6,1116.86,284.94,165.11,467.67,0.8591,-1,-1,-1
117,2,791.11,233.86,190.02,652.61,0.8521,-1,-1,-1
118,21,395.19,338.65,132.09,375.81,0.7031,-1,-1,-1
118,16,981.75,322.69,120.01,321.96,0.7296,-1,-1,-1
118,15,688.06,392.36,75.32,179.12,0.6155,-1,-1,-1
118,6,1118.56,285.86,166.28,471.03,0.8564,-1,-1,-1
118,2,783.81,235.70,190.19,648.91,0.8566,-1,-1,-1
119,21,390.55,338.23,132.74,376.76,0.8252,-1,-1,-1
119,16,978.07,324.54,124.45,322.37,0.7557,-1,-1,-1
119,15,690.97,393.23,72.68,178.97,0.5529,-1,-1,-1
119,6,1122.95,287.81,162.20,473.45,0.8511,-1,-1,-1
119,2,781.79,234.81,189.42,649.73,0.8667,-1,-1,-1
120,21,386.49,333.51,132.64,384.54,0.8358,-1,-1,-1
120,16,972.89,324.86,126.96,323.66,0.7074,-1,-1,-1
120,15,686.13,392.31,77.01,178.45,0.5289,-1,-1,-1
120,6,1122.28,288.37,162.17,474.59,0.8532,-1,-1,-1
120,2,775.16,232.20,194.48,649.41,0.8782,-1,-1,-1
121,21,380.14,333.68,134.30,386.36,0.8384,-1,-1,-1
121,16,968.85,326.19,130.24,322.18,0.6075,-1,-1,-1
121,15,683.38,394.37,81.08,183.28,0.4325,-1,-1,-1
121,6,1119.67,290.56,163.58,475.73,0.8470,-1,-1,-1
121,2,768.92,227.71,197.19,644.19,0.8741,-1,-1,-1
122,22,1638.42,372.59,44.70,59.61,0.3643,-1,-1,-1
122,21,369.18,333.37,139.43,395.14,0.8261,-1,-1,-1
122,16,968.82,325.36,130.94,322.71,0.6372,-1,-1,-1
122,6,1117.33,291.42,163.30,477.44,0.8405,-1,-1,-1
122,2,760.81,227.59,196.53,634.29,0.8656,-1,-1,-1
123,22,1633.99,372.08,48.30,60.21,0.4418,-1,-1,-1
123,21,363.68,332.15,137.06,402.92,0.8542,-1,-1,-1
123,16,957.04,326.26,138.40,324.31,0.6224,-1,-1,-1
123,6,1115.09,290.67,161.50,478.17,0.8582,-1,-1,-1
123,2,748.60,226.07,203.28,635.74,0.8671,-1,-1,-1
124,22,1632.32,372.35,48.35,62.66,0.4495,-1,-1,-1
124,21,355.28,332.66,139.92,404.73,0.8591,-1,-1,-1
124,16,956.47,327.59,122.12,325.46,0.6116,-1,-1,-1
124,6,1111.18,289.07,159.12,484.77,0.8491,-1,-1,-1
124,2,739.55,227.07,206.78,637.69,0.8720,-1,-1,-1
125,22,1628.49,372.23,47.30,64.08,0.3825,-1,-1,-1
125,21,346.41,339.51,141.21,402.14,0.8451,-1,-1,-1
125,16,951.93,324.10,125.86,331.50,0.6953,-1,-1,-1
125,15,676.53,393.15,67.60,193.22,0.4485,-1,-1,-1
125,6,1106.89,289.54,160.73,479.94,0.8453,-1,-1,-1
125,2,731.44,228.16,210.30,641.88,0.8767,-1,-1,-1
126,22,1626.46,370.43,45.98,65.35,0.4171,-1,-1,-1
126,21,333.11,336.88,143.85,407.92,0.8397,-1,-1,-1
126,16,952.72,320.40,126.20,334.23,0.5801,-1,-1,-1
126,15,669.12,393.93,68.41,188.21,0.3808,-1,-1,-1
126,6,1100.62,290.34,161.27,475.88,0.8445,-1,-1,-1
126,2,711.52,228.90,225.47,646.61,0.8684,-1,-1,-1
127,22,1622.97,372.11,43.93,64.85,0.4368,-1,-1,-1
127,21,327.18,343.49,142.27,407.94,0.8475,-1,-1,-1
127,16,942.39,320.24,138.70,336.89,0.7700,-1,-1,-1
127,6,1093.84,290.90,166.43,481.80,0.8566,-1,-1,-1
127,2,708.93,231.69,224.90,647.21,0.8698,-1,-1,-1
128,22,1620.48,370.92,41.67,66.34,0.3540,-1,-1,-1
128,21,318.45,341.30,144.90,411.63,0.8530,-1,-1,-1
128,16,932.22,323.63,144.98,334.25,0.6102,-1,-1,-1
128,15,659.97,389.52,74.79,192.99,0.3734,-1,-1,-1
128,6,1087.75,288.88,170.65,482.46,0.8706,-1,-1,-1
128,2,706.79,231.40,225.41,651.98,0.8799,-1,-1,-1
129,22,1616.50,367.75,45.14,69.75,0.3771,-1,-1,-1
129,21,313.67,336.90,146.97,423.82,0.8338,-1,-1,-1
129,16,935.54,321.77,106.95,334.88,0.6498,-1,-1,-1
129,15,660.49,389.22,65.40,192.93,0.5347,-1,-1,-1
129,6,1082.73,286.34,175.77,483.29,0.8741,-1,-1,-1
129,2,710.55,235.90,219.10,648.06,0.8803,-1,-1,-1
130,22,1618.39,367.40,42.06,69.93,0.4036,-1,-1,-1
130,21,310.85,333.05,148.67,432.40,0.8405,-1,-1,-1
130,16,934.54,320.24,105.14,334.74,0.7349,-1,-1,-1
130,15,659.73,389.16,62.18,192.89,0.5535,-1,-1,-1
130,6,1081.55,286.78,174.85,482.69,0.8673,-1,-1,-1
130,2,708.02,237.02,221.53,649.13,0.8819,-1,-1,-1
131,25,1012.03,370.48,70.06,222.89,0.5431,-1,-1,-1
131,22,1619.36,365.96,42.87,69.25,0.3856,-1,-1,-1
131,21,309.50,331.21,145.49,435.96,0.8388,-1,-1,-1
131,16,927.96,318.81,110.96,332.84,0.7373,-1,-1,-1
131,15,657.19,389.48,63.84,193.23,0.5875,-1,-1,-1
131,6,1080.22,283.91,176.74,482.43,0.8665,-1,-1,-1
131,2,708.61,238.91,222.71,649.35,0.8799,-1,-1,-1
132,25,1013.28,366.44,69.59,227.51,0.5586,-1,-1,-1
132,22,1619.27,365.01,41.83,69.07,0.4077,-1,-1,-1
132,21,309.88,332.67,141.87,435.77,0.8290,-1,-1,-1
132,16,925.15,317.39,111.56,333.64,0.7335,-1,-1,-1
132,15,657.05,388.85,64.37,195.02,0.5692,-1,-1,-1
132,6,1080.35,282.49,174.84,481.40,0.8634,-1,-1,-1
132,2,710.35,238.62,220.93,649.58,0.8754,-1,-1,-1
133,25,1012.60,368.06,72.60,225.03,0.5763,-1,-1,-1
133,22,1621.19,364.27,41.70,70.83,0.3852,-1,-1,-1
133,21,294.00,329.84,156.32,441.33,0.8195,-1,-1,-1
133,16,926.30,316.16,107.54,336.50,0.7468,-1,-1,-1
133,15,657.47,389.47,62.59,195.01,0.4432,-1,-1,-1
133,6,1076.54,282.34,179.69,481.90,0.8685,-1,-1,-1
133,2,713.93,238.94,220.68,646.84,0.8755,-1,-1,-1
134,25,1011.38,367.62,73.76,223.22,0.6110,-1,-1,-1
134,22,1622.65,364.56,41.85,71.75,0.3579,-1,-1,-1
134,21,288.92,324.44,156.21,455.36,0.8404,-1,-1,-1
134,16,928.85,318.53,100.94,337.83,0.7328,-1,-1,-1
134,15,655.82,392.25,68.71,194.68,0.5317,-1,-1,-1
134,6,1074.66,284.17,183.87,486.12,0.8678,-1,-1,-1
134,2,715.78,238.34,215.81,649.79,0.8765,-1,-1,-1
135,25,1010.46,370.37,76.20,218.87,0.6537,-1,-1,-1
135,21,287.44,330.38,153.60,452.75,0.8316,-1,-1,-1
135,16,927.26,318.09,98.86,341.79,0.7097,-1,-1,-1
135,15,651.43,393.73,72.95,195.46,0.5442,-1,-1,-1
135,6,1073.33,285.15,184.41,489.07,0.8648,-1,-1,-1
135,2,717.93,239.89,213.85,648.10,0.8799,-1,-1,-1
136,25,1010.96,364.04,77.20,231.37,0.7067,-1,-1,-1
136,21,281.85,327.40,158.06,459.55,0.8387,-1,-1,-1
136,16,926.25,320.60,99.80,339.21,0.7318,-1,-1,-1
136,15,644.39,395.00,81.40,196.99,0.6849,-1,-1,-1
136,6,1071.81,287.97,188.12,490.14,0.8665,-1,-1,-1
136,2,723.25,240.15,210.52,641.56,0.8737,-1,-1,-1
137,25,1014.08,370.00,76.79,225.04,0.7447,-1,-1,-1
137,22,1632.09,368.51,44.21,68.75,0.4985,-1,-1,-1
137,21,284.49,323.59,154.12,465.75,0.8409,-1,-1,-1
137,16,928.07,319.51,97.17,341.63,0.7313,-1,-1,-1
137,15,649.03,395.08,77.12,201.79,0.6352,-1,-1,-1
137,6,1070.48,291.08,193.64,492.40,0.8635,-1,-1,-1
137,2,723.95,240.62,211.82,624.30,0.8833,-1,-1,-1
138,25,1018.24,368.18,75.57,229.44,0.7447,-1,-1,-1
138,22,1637.89,371.70,45.71,69.22,0.3217,-1,-1,-1
138,21,279.49,322.98,157.54,469.12,0.8038,-1,-1,-1
138,16,928.36,321.42,96.93,342.10,0.7456,-1,-1,-1
138,15,651.64,397.23,71.27,200.45,0.5942,-1,-1,-1
138,6,1078.04,295.19,192.28,490.68,0.8618,-1,-1,-1
138,2,722.39,242.39,217.94,622.24,0.8864,-1,-1,-1
139,25,1021.26,364.20,75.55,230.59,0.7169,-1,-1,-1
139,21,269.81,320.16,164.34,475.37,0.8146,-1,-1,-1
139,16,930.39,320.94,97.17,343.78,0.7266,-1,-1,-1
139,15,651.88,395.48,71.01,204.88,0.5823,-1,-1,-1
139,6,1082.44,295.72,193.24,490.91,0.8479,-1,-1,-1
139,2,729.65,242.39,212.47,622.53,0.8851,-1,-1,-1
140,25,1022.88,369.02,76.55,226.48,0.7775,-1,-1,-1
140,22,1646.91,367.89,47.33,68.48,0.3396,-1,-1,-1
140,21,268.68,318.57,166.23,486.73,0.8302,-1,-1,-1
140,16,938.16,320.04,92.45,345.47,0.7149,-1,-1,-1
140,15,648.63,396.95,76.19,204.95,0.6319,-1,-1,-1
140,6,1089.70,296.84,188.58,489.10,0.8453,-1,-1,-1
140,2,743.82,241.32,200.18,629.20,0.8780,-1,-1,-1
141,25,1024.36,366.84,80.36,228.08,0.6852,-1,-1,-1
141,22,1650.08,367.95,48.92,70.32,0.3900,-1,-1,-1
141,21,272.34,319.98,164.17,497.87,0.8246,-1,-1,-1
141,16,934.68,322.38,97.42,344.00,0.7389,-1,-1,-1
141,15,647.08,395.13,80.08,206.86,0.7632,-1,-1,-1
141,6,1093.67,295.75,188.71,496.64,0.8582,-1,-1,-1
141,2,749.28,246.09,195.36,631.27,0.8735,-1,-1,-1
142,25,1029.75,372.69,78.91,225.89,0.7247,-1,-1,-1
142,21,271.42,323.29,167.33,500.47,0.8492,-1,-1,-1
142,16,935.28,325.73,97.49,340.27,0.7639,-1,-1,-1
142,15,648.30,400.37,86.36,201.93,0.6909,-1,-1,-1
142,6,1101.11,296.61,186.15,499.86,0.8516,-1,-1,-1
142,2,754.70,252.06,192.38,628.83,0.8694,-1,-1,-1
143,25,1038.23,372.38,72.71,225.87,0.7463,-1,-1,-1
143,22,1671.03,376.00,43.38,61.29,0.3949,-1,-1,-1
143,21,269.22,326.40,171.36,502.49,0.8474,-1,-1,-1
143,16,953.28,325.78,85.96,340.68,0.7232,-1,-1,-1
143,15,654.93,400.38,83.34,204.31,0.6631,-1,-1,-1
143,6,1107.99,296.76,186.69,502.75,0.8675,-1,-1,-1
143,2,768.76,253.87,185.85,634.45,0.8787,-1,-1,-1
144,25,1040.27,372.54,78.34,227.47,0.7546,-1,-1,-1
144,22,1671.72,369.41,52.11,68.95,0.4201,-1,-1,-1
144,21,267.14,325.50,175.25,511.12,0.8580,-1,-1,-1
144,16,959.30,331.61,83.04,332.18,0.8004,-1,-1,-1
144,15,662.99,396.90,75.43,208.06,0.7032,-1,-1,-1
144,6,1112.45,296.76,186.68,500.95,0.8615,-1,-1,-1
144,2,771.79,256.09,186.48,633.71,0.8729,-1,-1,-1
145,25,1041.91,376.09,79.30,222.44,0.7400,-1,-1,-1
145,22,1681.20,370.59,50.23,70.56,0.4226,-1,-1,-1
145,21,264.87,324.72,178.81,513.16,0.8532,-1,-1,-1
145,16,961.88,329.04,83.56,338.27,0.7497,-1,-1,-1
145,15,664.31,396.43,80.33,210.48,0.7018,-1,-1,-1
145,6,1121.80,296.60,186.92,500.44,0.8608,-1,-1,-1
145,2,779.17,258.39,185.04,634.85,0.8604,-1,-1,-1
146,25,1048.46,378.49,77.90,219.07,0.6476,-1,-1,-1
146,22,1695.20,380.05,44.23,61.06,0.3286,-1,-1,-1
146,21,268.36,324.64,177.88,524.58,0.8772,-1,-1,-1
146,16,969.15,332.12,86.70,337.41,0.6867,-1,-1,-1
146,15,669.90,397.73,80.25,209.89,0.6982,-1,-1,-1
146,6,1129.21,301.46,183.30,491.84,0.8740,-1,-1,-1
146,2,780.46,262.71,189.27,636.58,0.8638,-1,-1,-1
147,25,1049.92,382.13,80.40,220.66,0.6330,-1,-1,-1
147,22,1699.65,375.29,47.14,68.54,0.4336,-1,-1,-1
147,21,262.32,326.12,182.54,528.76,0.8601,-1,-1,-1
147,16,964.34,330.77,92.10,341.28,0.7115,-1,-1,-1
147,15,670.06,395.98,80.45,216.38,0.7260,-1,-1,-1
147,6,1134.09,298.25,187.64,490.37,0.8670,-1,-1,-1
147,2,781.60,265.46,190.37,637.61,0.8650,-1,-1,-1
148,25,1053.86,376.55,77.45,228.45,0.6768,-1,-1,-1
148,22,1699.54,374.90,52.05,68.97,0.3775,-1,-1,-1
148,21,257.87,325.75,186.31,542.02,0.8684,-1,-1,-1
148,16,969.00,331.13,91.29,341.14,0.7303,-1,-1,-1
148,15,673.65,395.03,75.45,218.79,0.7258,-1,-1,-1
148,6,1140.63,297.42,181.91,491.01,0.8671,-1,-1,-1
148,2,790.00,265.67,184.95,635.52,0.8554,-1,-1,-1
149,25,1055.79,378.42,77.42,229.42,0.6365,-1,-1,-1
149,22,1707.20,381.84,49.32,64.71,0.3492,-1,-1,-1
149,21,251.59,322.89,182.51,550.11,0.8649,-1,-1,-1
149,16,973.31,336.58,86.88,337.78,0.7344,-1,-1,-1
149,15,675.38,401.57,76.29,217.03,0.6009,-1,-1,-1
149,6,1148.24,298.52,178.47,487.84,0.8619,-1,-1,-1
149,2,793.71,266.14,183.89,638.17,0.8616,-1,-1,-1
150,25,1056.61,368.81,76.36,239.78,0.6722,-1,-1,-1
150,22,1711.38,381.28,51.87,67.26,0.4523,-1,-1,-1
150,21,246.65,318.06,179.37,559.32,0.8501,-1,-1,-1
150,16,975.69,340.04,89.33,338.97,0.7367,-1,-1,-1
150,15,673.53,406.26,79.41,215.39,0.6131,-1,-1,-1
150,6,1151.31,300.04,178.57,490.55,0.8644,-1,-1,-1
150,2,793.02,266.50,185.33,637.31,0.8498,-1,-1,-1
