1,13,504.23,134.74,51.32,176.84,0.3702,-1,-1,-1
1,12,273.15,379.05,52.48,212.40,0.3728,-1,-1,-1
1,11,1047.12,133.11,62.93,182.85,0.4447,-1,-1,-1
1,10,789.24,145.32,64.25,178.73,0.4614,-1,-1,-1
1,9,225.79,399.57,64.29,198.91,0.5118,-1,-1,-1
1,8,546.15,146.37,57.89,183.43,0.5198,-1,-1,-1
1,7,1103.64,210.05,56.21,179.71,0.5269,-1,-1,-1
1,6,0.22,880.53,41.50,199.47,0.5315,-1,-1,-1
1,5,1355.87,569.75,82.08,221.03,0.5500,-1,-1,-1
1,4,1732.44,452.89,73.78,221.06,0.6220,-1,-1,-1
1,3,1095.29,980.85,73.73,99.15,0.6920,-1,-1,-1
1,2,104.37,546.39,73.25,245.35,0.7260,-1,-1,-1
1,1,371.74,408.30,79.69,239.71,0.7909,-1,-1,-1
2,13,503.49,134.34,51.08,176.80,0.3706,-1,-1,-1
2,12,267.80,379.29,55.12,210.44,0.4318,-1,-1,-1
2,11,1046.10,132.97,63.96,181.97,0.4650,-1,-1,-1
2,10,789.64,145.31,64.44,178.91,0.4606,-1,-1,-1
2,9,225.14,398.12,65.27,199.34,0.4910,-1,-1,-1
2,8,545.60,146.85,57.53,184.07,0.5070,-1,-1,-1
2,7,1098.12,211.84,58.33,178.31,0.4729,-1,-1,-1
2,6,0.21,877.97,39.84,201.48,0.3839,-1,-1,-1
2,5,1355.91,570.14,81.69,217.33,0.5680,-1,-1,-1
2,4,1730.49,455.08,75.25,215.36,0.6073,-1,-1,-1
2,3,1101.04,981.21,71.39,98.79,0.6895,-1,-1,-1
2,2,104.29,546.55,72.95,245.64,0.7255,-1,-1,-1
2,1,372.25,408.13,80.23,239.83,0.7973,-1,-1,-1
3,13,504.08,133.73,49.71,168.80,0.3938,-1,-1,-1
3,12,259.66,365.54,66.12,227.41,0.3911,-1,-1,-1
3,11,1045.33,132.76,64.48,179.36,0.4988,-1,-1,-1
3,10,788.77,145.16,64.98,178.55,0.4541,-1,-1,-1
3,9,223.02,396.59,67.79,202.30,0.4723,-1,-1,-1
3,8,544.84,147.54,58.27,183.55,0.4875,-1,-1,-1
3,7,1092.12,213.76,61.98,177.20,0.5645,-1,-1,-1
3,6,0.23,877.51,39.69,201.51,0.3544,-1,-1,-1
3,5,1356.47,570.01,81.15,216.77,0.5666,-1,-1,-1
3,4,1731.06,452.80,73.85,220.23,0.6000,-1,-1,-1
3,3,1105.43,980.85,71.89,99.15,0.6963,-1,-1,-1
3,2,104.65,546.07,73.46,246.88,0.7315,-1,-1,-1
3,1,373.52,407.78,78.76,241.42,0.7819,-1,-1,-1
4,13,500.40,135.63,53.40,174.27,0.4398,-1,-1,-1
4,12,265.55,384.65,56.67,209.32,0.4012,-1,-1,-1
4,11,1045.42,133.68,63.02,179.73,0.4595,-1,-1,-1
4,10,789.57,144.63,64.02,178.13,0.4697,-1,-1,-1
4,9,221.53,396.88,69.81,202.32,0.4799,-1,-1,-1
4,8,546.48,145.14,55.85,183.75,0.4674,-1,-1,-1
4,7,1087.09,210.85,64.02,180.47,0.5528,-1,-1,-1
4,6,0.30,876.14,43.68,203.36,0.5373,-1,-1,-1
4,5,1356.13,570.24,82.89,217.35,0.5754,-1,-1,-1
4,4,1729.40,452.63,73.99,216.60,0.6199,-1,-1,-1
4,3,1108.33,978.74,72.30,101.26,0.6950,-1,-1,-1
4,2,104.13,545.74,73.17,247.19,0.7230,-1,-1,-1
4,1,372.59,407.25,80.10,241.00,0.7959,-1,-1,-1
5,13,501.54,135.44,50.77,167.76,0.4855,-1,-1,-1
5,12,267.89,380.43,50.89,208.59,0.3873,-1,-1,-1
5,11,1044.06,134.18,65.43,161.03,0.3774,-1,-1,-1
5,10,789.04,145.93,65.09,176.60,0.4967,-1,-1,-1
5,9,220.99,396.97,72.08,200.11,0.3747,-1,-1,-1
5,8,545.84,145.06,56.38,186.79,0.5050,-1,-1,-1
5,7,1072.27,210.42,79.10,178.51,0.5394,-1,-1,-1
5,6,0.34,874.13,45.27,204.93,0.5592,-1,-1,-1
5,5,1355.81,570.08,82.32,213.72,0.6076,-1,-1,-1
5,4,1728.62,452.21,74.17,218.64,0.6542,-1,-1,-1
5,3,1112.75,975.87,72.25,104.13,0.6964,-1,-1,-1
5,2,104.16,545.92,72.44,246.95,0.7243,-1,-1,-1
5,1,374.76,406.77,78.77,241.19,0.7978,-1,-1,-1
6,13,502.43,136.93,49.22,167.25,0.5138,-1,-1,-1
6,12,267.93,379.69,48.23,208.57,0.3933,-1,-1,-1
6,11,1043.64,135.21,64.39,154.16,0.3077,-1,-1,-1
6,10,787.80,145.24,65.12,178.22,0.5056,-1,-1,-1
6,9,218.98,392.42,75.33,204.08,0.3017,-1,-1,-1
6,8,545.22,148.12,55.42,186.14,0.5159,-1,-1,-1
6,7,1062.85,209.00,88.99,179.75,0.5797,-1,-1,-1
6,6,0.37,871.82,46.09,207.61,0.6048,-1,-1,-1
6,5,1356.92,570.14,81.32,213.42,0.6186,-1,-1,-1
6,4,1726.79,455.07,75.14,215.62,0.6514,-1,-1,-1
6,3,1114.36,975.84,72.92,104.16,0.6912,-1,-1,-1
6,2,104.39,546.14,72.63,246.62,0.7309,-1,-1,-1
6,1,375.00,405.93,79.37,239.88,0.7852,-1,-1,-1
7,13,501.86,139.33,48.82,165.61,0.4799,-1,-1,-1
7,12,266.26,380.41,48.86,197.40,0.3576,-1,-1,-1
7,10,788.45,145.44,65.60,177.93,0.5154,-1,-1,-1
7,8,544.21,148.75,54.16,186.97,0.5409,-1,-1,-1
7,7,1054.30,208.05,98.87,181.32,0.5515,-1,-1,-1
7,6,0.35,870.97,47.04,208.49,0.5963,-1,-1,-1
7,5,1356.30,570.36,82.18,212.89,0.6334,-1,-1,-1
7,4,1726.49,454.38,74.55,212.31,0.6315,-1,-1,-1
7,3,1116.55,973.95,70.91,106.05,0.7056,-1,-1,-1
7,2,104.12,545.99,72.65,245.82,0.7311,-1,-1,-1
7,1,375.75,404.67,80.52,239.99,0.7800,-1,-1,-1
8,13,499.35,141.56,52.89,174.82,0.4575,-1,-1,-1
8,12,264.52,381.26,49.49,188.14,0.3175,-1,-1,-1
8,10,788.00,146.04,65.59,176.71,0.5034,-1,-1,-1
8,8,544.70,146.58,52.99,188.92,0.5501,-1,-1,-1
8,7,1053.39,211.85,100.63,177.04,0.5409,-1,-1,-1
8,6,0.25,871.73,46.37,206.82,0.5826,-1,-1,-1
8,5,1356.58,569.91,81.47,214.89,0.6125,-1,-1,-1
8,4,1724.08,454.81,75.86,208.55,0.6454,-1,-1,-1
8,3,1119.06,973.44,70.23,106.56,0.7071,-1,-1,-1
8,2,104.89,546.16,72.93,246.68,0.7358,-1,-1,-1
8,1,376.74,402.04,80.01,238.82,0.7696,-1,-1,-1
9,14,1799.40,208.20,62.02,186.65,0.3266,-1,-1,-1
9,13,500.74,141.82,49.61,174.03,0.4449,-1,-1,-1
9,10,787.95,145.72,65.38,175.61,0.4782,-1,-1,-1
9,8,544.79,147.87,51.78,189.61,0.4971,-1,-1,-1
9,7,1049.56,210.75,105.36,175.10,0.5086,-1,-1,-1
9,6,0.27,869.63,46.48,209.48,0.5596,-1,-1,-1
9,5,1356.71,570.49,81.16,214.26,0.6143,-1,-1,-1
9,4,1723.74,454.34,75.38,210.52,0.6349,-1,-1,-1
9,3,1124.61,973.78,67.52,106.22,0.6692,-1,-1,-1
9,2,104.66,546.08,73.72,246.85,0.7443,-1,-1,-1
9,1,376.87,401.75,81.45,237.09,0.7678,-1,-1,-1
10,14,1799.56,211.99,64.65,187.57,0.3421,-1,-1,-1
10,13,498.35,142.15,52.14,174.97,0.4337,-1,-1,-1
10,12,265.17,384.45,45.76,171.79,0.3154,-1,-1,-1
10,10,788.14,145.80,65.12,177.33,0.4860,-1,-1,-1
10,8,543.44,148.82,52.08,192.06,0.4782,-1,-1,-1
10,7,1046.33,211.70,107.51,172.68,0.4661,-1,-1,-1
10,6,0.27,864.37,46.95,214.16,0.5661,-1,-1,-1
10,5,1356.16,569.36,82.46,216.37,0.6147,-1,-1,-1
10,4,1724.34,454.70,74.35,210.05,0.6104,-1,-1,-1
10,3,1127.93,973.37,67.05,106.63,0.6880,-1,-1,-1
10,2,104.84,545.87,74.00,246.63,0.7400,-1,-1,-1
10,1,377.35,400.27,81.32,236.04,0.7579,-1,-1,-1
11,14,1802.52,218.37,62.49,177.29,0.3489,-1,-1,-1
11,13,498.58,142.67,51.09,175.87,0.4252,-1,-1,-1
11,10,788.05,145.67,65.52,177.37,0.4864,-1,-1,-1
11,9,261.16,385.07,49.45,194.41,0.3796,-1,-1,-1
11,8,542.08,148.69,52.56,192.95,0.4813,-1,-1,-1
11,7,1044.95,209.63,102.35,174.56,0.4522,-1,-1,-1
11,6,0.25,862.01,46.07,216.36,0.5584,-1,-1,-1
11,5,1356.34,569.74,82.38,216.01,0.6406,-1,-1,-1
11,4,1723.82,459.66,75.01,205.46,0.6067,-1,-1,-1
11,3,1130.35,974.03,67.76,105.97,0.6688,-1,-1,-1
11,2,104.52,546.21,74.08,246.76,0.7417,-1,-1,-1
11,1,378.65,397.91,80.70,233.79,0.7550,-1,-1,-1
12,14,1802.25,219.74,64.23,175.06,0.3372,-1,-1,-1
12,13,497.10,144.17,52.88,174.26,0.4129,-1,-1,-1
12,10,788.08,145.86,65.27,177.80,0.4828,-1,-1,-1
12,8,541.82,149.32,53.16,191.46,0.5006,-1,-1,-1
12,7,1046.15,207.35,95.15,176.90,0.3598,-1,-1,-1
12,6,0.50,855.27,46.97,222.16,0.5764,-1,-1,-1
12,5,1357.04,569.59,80.38,215.27,0.6329,-1,-1,-1
12,4,1723.61,459.64,75.14,205.44,0.6362,-1,-1,-1
12,3,1133.88,973.47,67.32,106.53,0.6720,-1,-1,-1
12,2,104.23,546.13,75.12,247.13,0.7371,-1,-1,-1
12,1,378.12,396.63,81.69,233.93,0.7530,-1,-1,-1
13,14,1802.07,221.68,68.06,177.96,0.3713,-1,-1,-1
13,13,496.70,144.86,52.85,175.00,0.3769,-1,-1,-1
13,10,788.29,146.41,65.20,177.42,0.5103,-1,-1,-1
13,8,539.62,149.62,55.69,191.86,0.5203,-1,-1,-1
13,6,0.22,850.72,46.04,226.51,0.5896,-1,-1,-1
13,5,1356.60,570.17,81.17,213.31,0.6359,-1,-1,-1
13,4,1724.42,457.78,73.74,207.67,0.6621,-1,-1,-1
13,3,1135.84,973.00,66.32,107.00,0.6339,-1,-1,-1
13,2,104.23,545.90,75.73,247.93,0.7420,-1,-1,-1
13,1,378.37,395.27,81.90,232.05,0.7610,-1,-1,-1
14,16,880.61,130.07,87.14,177.90,0.4139,-1,-1,-1
14,15,209.60,396.99,64.13,178.28,0.3795,-1,-1,-1
14,14,1802.95,222.46,66.66,177.10,0.3743,-1,-1,-1
14,13,494.39,143.81,54.53,176.54,0.4112,-1,-1,-1
14,10,788.67,146.12,64.11,177.52,0.5246,-1,-1,-1
14,8,538.37,151.07,55.81,191.30,0.5044,-1,-1,-1
14,6,0.22,849.20,46.86,228.57,0.6077,-1,-1,-1
14,5,1357.30,569.93,80.45,214.53,0.6135,-1,-1,-1
14,4,1722.95,459.68,76.40,206.75,0.6575,-1,-1,-1
14,3,1139.15,972.76,64.22,107.24,0.6305,-1,-1,-1
14,2,104.05,545.91,75.95,248.49,0.7475,-1,-1,-1
14,1,379.22,394.80,81.16,231.23,0.7606,-1,-1,-1
15,16,879.72,130.61,86.46,177.62,0.3794,-1,-1,-1
15,15,208.81,390.39,62.82,184.39,0.3146,-1,-1,-1
15,14,1804.20,223.34,67.12,185.47,0.3943,-1,-1,-1
15,13,494.14,143.35,53.87,177.89,0.3866,-1,-1,-1
15,10,787.89,147.03,65.50,175.46,0.5364,-1,-1,-1
15,8,537.18,152.08,55.70,191.43,0.5038,-1,-1,-1
15,6,0.22,849.33,47.37,229.49,0.5862,-1,-1,-1
15,5,1356.77,570.63,80.50,212.76,0.6056,-1,-1,-1
15,4,1724.37,454.71,74.25,211.74,0.6507,-1,-1,-1
15,3,1140.55,973.38,64.38,106.05,0.5995,-1,-1,-1
15,2,104.39,546.03,75.66,248.00,0.7549,-1,-1,-1
15,1,379.85,393.57,81.24,231.73,0.7611,-1,-1,-1
16,16,880.05,131.83,86.09,179.20,0.3332,-1,-1,-1
16,15,208.12,382.36,58.81,193.81,0.3669,-1,-1,-1
16,14,1804.60,224.29,69.25,188.87,0.3867,-1,-1,-1
16,13,493.42,143.10,54.57,178.58,0.3327,-1,-1,-1
16,10,788.98,147.00,64.19,175.49,0.5039,-1,-1,-1
16,9,249.63,386.20,55.49,184.18,0.3551,-1,-1,-1
16,8,534.11,153.93,57.34,188.05,0.5244,-1,-1,-1
16,6,0.20,849.54,48.70,229.10,0.5054,-1,-1,-1
16,5,1356.75,570.17,80.24,213.81,0.6194,-1,-1,-1
16,4,1725.16,455.05,72.94,210.54,0.6556,-1,-1,-1
16,3,1145.08,972.95,62.85,105.98,0.5672,-1,-1,-1
16,2,104.51,546.34,75.25,246.84,0.7503,-1,-1,-1
16,1,380.21,393.05,80.71,232.53,0.7659,-1,-1,-1
17,16,880.85,132.28,84.79,177.26,0.3201,-1,-1,-1
17,15,207.37,379.98,58.63,197.32,0.3340,-1,-1,-1
17,14,1806.38,225.71,66.72,191.44,0.3620,-1,-1,-1
17,13,493.40,145.03,54.13,177.01,0.3616,-1,-1,-1
17,10,788.70,147.12,64.40,174.57,0.4923,-1,-1,-1
17,9,247.26,381.56,57.57,189.61,0.3619,-1,-1,-1
17,8,533.13,156.40,58.47,187.30,0.6085,-1,-1,-1
17,6,0.26,848.53,50.87,231.47,0.5548,-1,-1,-1
17,5,1356.60,569.94,81.83,215.14,0.6041,-1,-1,-1
17,4,1722.96,458.67,76.40,208.76,0.6399,-1,-1,-1
17,3,1148.84,973.15,59.70,106.85,0.5345,-1,-1,-1
17,2,104.04,546.93,76.82,245.80,0.7453,-1,-1,-1
17,1,380.64,391.64,81.42,234.83,0.7511,-1,-1,-1
18,16,880.45,132.77,84.70,178.24,0.3421,-1,-1,-1
18,15,207.65,383.04,56.01,192.66,0.3618,-1,-1,-1
18,14,1806.35,226.34,69.09,191.36,0.3825,-1,-1,-1
18,13,493.20,143.22,53.62,179.15,0.3680,-1,-1,-1
18,10,789.20,147.25,63.95,174.39,0.5330,-1,-1,-1
18,9,246.72,383.72,56.75,187.47,0.4081,-1,-1,-1
18,8,531.60,156.04,57.66,186.63,0.6042,-1,-1,-1
18,7,1031.69,143.99,60.32,183.55,0.3230,-1,-1,-1
18,6,0.25,847.88,52.18,232.02,0.5066,-1,-1,-1
18,5,1356.67,569.90,80.78,214.50,0.6182,-1,-1,-1
18,4,1723.39,458.02,76.13,208.48,0.6457,-1,-1,-1
18,3,1151.97,973.31,57.48,106.69,0.5305,-1,-1,-1
18,2,104.22,546.52,76.36,245.84,0.7479,-1,-1,-1
18,1,380.59,389.83,81.89,237.55,0.7520,-1,-1,-1
19,15,206.45,382.11,56.79,195.78,0.4001,-1,-1,-1
19,14,1808.79,227.08,69.11,190.40,0.3604,-1,-1,-1
19,10,789.06,146.84,63.75,174.54,0.4808,-1,-1,-1
19,9,246.30,379.98,55.54,191.61,0.4172,-1,-1,-1
19,8,530.07,159.53,58.06,182.89,0.5466,-1,-1,-1
19,7,1030.44,143.82,61.03,185.57,0.4152,-1,-1,-1
19,6,0.26,845.80,52.48,234.09,0.5326,-1,-1,-1
19,5,1357.01,569.99,80.17,214.99,0.6405,-1,-1,-1
19,4,1723.72,454.90,74.95,211.45,0.6467,-1,-1,-1
19,3,1154.01,972.76,57.69,107.24,0.5198,-1,-1,-1
19,2,104.41,546.57,76.05,246.19,0.7459,-1,-1,-1
19,1,380.77,388.52,82.75,238.77,0.7551,-1,-1,-1
20,15,204.72,389.66,58.07,185.32,0.4155,-1,-1,-1
20,14,1809.84,227.39,69.95,189.42,0.3427,-1,-1,-1
20,10,789.14,147.88,64.16,173.93,0.4956,-1,-1,-1
20,9,245.11,375.29,54.26,193.61,0.3149,-1,-1,-1
20,8,530.53,158.61,55.24,184.04,0.5439,-1,-1,-1
20,7,1027.41,144.51,63.43,234.26,0.4028,-1,-1,-1
20,6,0.25,845.97,52.43,234.03,0.4771,-1,-1,-1
20,5,1357.06,570.68,80.07,213.99,0.6494,-1,-1,-1
20,4,1723.66,458.92,75.82,207.01,0.6295,-1,-1,-1
20,3,1157.15,972.95,55.67,107.05,0.5105,-1,-1,-1
20,2,104.31,546.57,75.87,245.94,0.7456,-1,-1,-1
20,1,380.63,387.08,82.82,240.27,0.7480,-1,-1,-1
21,15,203.58,376.47,57.86,197.79,0.4005,-1,-1,-1
21,10,788.62,147.63,64.81,174.44,0.4867,-1,-1,-1
21,9,245.28,375.76,51.53,189.35,0.3460,-1,-1,-1
21,8,530.75,158.79,54.21,183.78,0.5888,-1,-1,-1
21,6,0.34,838.98,53.61,238.69,0.5228,-1,-1,-1
21,5,1357.72,570.40,79.19,216.27,0.6137,-1,-1,-1
21,4,1723.51,458.13,75.78,208.42,0.6341,-1,-1,-1
21,3,1157.48,973.57,57.25,106.43,0.5021,-1,-1,-1
21,2,104.28,546.41,75.88,246.45,0.7433,-1,-1,-1
21,1,380.45,386.34,83.33,240.31,0.7588,-1,-1,-1
22,15,203.86,370.92,61.72,202.45,0.3304,-1,-1,-1
22,10,789.32,147.73,64.36,175.31,0.4618,-1,-1,-1
22,8,528.92,155.47,54.40,187.67,0.5037,-1,-1,-1
22,7,1002.27,144.76,88.47,234.90,0.3479,-1,-1,-1
22,6,0.26,842.27,53.37,237.73,0.5434,-1,-1,-1
22,5,1357.42,570.10,79.54,214.93,0.6385,-1,-1,-1
22,4,1724.16,458.50,74.50,207.42,0.6682,-1,-1,-1
22,3,1156.33,974.81,58.91,105.19,0.5591,-1,-1,-1
22,2,104.10,546.88,76.17,245.45,0.7385,-1,-1,-1
22,1,380.84,386.40,82.99,239.38,0.7578,-1,-1,-1
23,10,790.47,148.62,61.23,174.16,0.4303,-1,-1,-1
23,8,527.86,157.57,51.94,187.02,0.4697,-1,-1,-1
23,7,1025.06,146.17,64.60,179.98,0.3871,-1,-1,-1
23,6,0.27,842.96,53.32,235.81,0.5669,-1,-1,-1
23,5,1356.80,569.92,80.73,215.20,0.6141,-1,-1,-1
23,4,1724.54,457.38,74.07,207.84,0.6392,-1,-1,-1
23,3,1158.40,973.84,61.25,106.16,0.5504,-1,-1,-1
23,2,104.26,546.47,75.91,245.62,0.7394,-1,-1,-1
23,1,381.76,385.50,81.67,238.35,0.7569,-1,-1,-1
24,15,202.37,354.01,66.56,218.10,0.3055,-1,-1,-1
24,14,1821.10,230.55,68.33,189.50,0.3512,-1,-1,-1
24,10,789.42,148.30,64.61,173.62,0.4291,-1,-1,-1
24,8,524.62,157.17,55.23,187.82,0.4250,-1,-1,-1
24,7,1022.84,147.39,66.30,178.68,0.3215,-1,-1,-1
24,6,0.27,839.72,54.50,235.97,0.5361,-1,-1,-1
24,5,1356.60,569.69,80.96,217.80,0.5891,-1,-1,-1
24,4,1723.96,455.15,74.33,211.33,0.6434,-1,-1,-1
24,3,1159.21,974.99,61.46,105.01,0.5497,-1,-1,-1
24,2,104.29,546.56,76.29,245.73,0.7382,-1,-1,-1
24,1,381.54,385.18,81.57,237.53,0.7574,-1,-1,-1
25,14,1822.43,233.36,68.32,193.62,0.3875,-1,-1,-1
25,10,789.22,147.39,64.85,175.36,0.4319,-1,-1,-1
25,8,524.81,159.28,54.44,184.35,0.4365,-1,-1,-1
25,6,0.33,835.31,54.98,238.79,0.5031,-1,-1,-1
25,5,1357.15,570.37,79.10,212.58,0.6125,-1,-1,-1
25,4,1722.36,458.22,76.16,208.81,0.6544,-1,-1,-1
25,3,1159.84,974.81,62.09,105.19,0.5631,-1,-1,-1
25,2,103.90,546.90,76.72,246.03,0.7384,-1,-1,-1
25,1,381.64,384.18,80.62,236.83,0.7571,-1,-1,-1
26,14,1826.36,236.55,66.20,192.47,0.3700,-1,-1,-1
26,10,788.65,147.91,66.27,175.36,0.4471,-1,-1,-1
26,8,525.66,161.00,52.69,183.26,0.4214,-1,-1,-1
26,6,0.26,833.65,55.82,231.39,0.5684,-1,-1,-1
26,5,1356.77,570.62,80.57,213.16,0.6084,-1,-1,-1
26,4,1723.25,453.25,73.91,214.45,0.6365,-1,-1,-1
26,3,1161.25,975.14,61.94,104.86,0.5967,-1,-1,-1
26,2,103.35,546.11,77.42,247.47,0.7375,-1,-1,-1
26,1,382.34,382.91,79.68,237.22,0.7684,-1,-1,-1
27,15,198.95,348.29,72.78,223.00,0.3685,-1,-1,-1
27,14,1827.94,238.15,65.39,191.25,0.3461,-1,-1,-1
27,10,789.62,147.90,64.87,174.77,0.4484,-1,-1,-1
27,8,526.15,160.81,51.97,185.43,0.3655,-1,-1,-1
27,7,978.22,206.39,104.81,170.77,0.4321,-1,-1,-1
27,6,0.34,829.95,56.77,235.02,0.6075,-1,-1,-1
27,5,1356.55,569.99,80.41,214.84,0.5868,-1,-1,-1
27,4,1722.75,459.39,74.76,206.80,0.6521,-1,-1,-1
27,3,1162.96,975.06,62.60,104.94,0.6073,-1,-1,-1
27,2,103.38,546.10,76.85,247.22,0.7377,-1,-1,-1
27,1,381.57,381.21,81.05,237.46,0.7790,-1,-1,-1
28,15,197.82,351.71,71.87,222.66,0.3995,-1,-1,-1
28,10,790.71,148.75,60.05,173.46,0.4501,-1,-1,-1
28,6,0.04,827.62,58.87,232.51,0.6340,-1,-1,-1
28,5,1356.75,569.37,80.85,216.43,0.5881,-1,-1,-1
28,4,1723.23,455.40,73.73,211.62,0.6400,-1,-1,-1
28,3,1164.46,975.87,63.23,104.13,0.6165,-1,-1,-1
28,2,103.00,546.85,77.20,245.94,0.7386,-1,-1,-1
28,1,381.77,379.27,82.37,238.10,0.7725,-1,-1,-1
29,17,1593.31,241.52,64.12,182.01,0.3305,-1,-1,-1
29,15,197.30,354.51,70.52,217.20,0.3247,-1,-1,-1
29,11,1025.96,151.38,60.55,169.46,0.3194,-1,-1,-1
29,10,791.08,148.59,59.45,174.36,0.4573,-1,-1,-1
29,6,0.20,826.22,59.63,228.07,0.6978,-1,-1,-1
29,5,1356.62,569.84,81.35,215.21,0.6246,-1,-1,-1
29,4,1723.13,457.53,74.28,208.49,0.6502,-1,-1,-1
29,3,1165.14,975.87,65.33,104.13,0.6355,-1,-1,-1
29,2,102.79,546.29,77.59,246.53,0.7455,-1,-1,-1
29,1,382.81,377.72,81.87,238.08,0.7810,-1,-1,-1
30,17,1593.94,240.28,61.50,183.45,0.3559,-1,-1,-1
30,15,196.20,356.85,68.92,213.00,0.3162,-1,-1,-1
30,10,790.65,148.28,59.51,174.36,0.4582,-1,-1,-1
30,8,523.37,163.69,53.45,187.26,0.3043,-1,-1,-1
30,6,0.01,822.90,60.09,228.25,0.6767,-1,-1,-1
30,5,1356.84,569.89,79.80,215.75,0.6171,-1,-1,-1
30,4,1723.08,457.51,75.15,208.49,0.6633,-1,-1,-1
30,3,1167.13,977.04,65.16,102.90,0.6211,-1,-1,-1
30,2,103.11,547.25,77.42,245.28,0.7384,-1,-1,-1
30,1,383.00,376.30,83.77,236.76,0.7847,-1,-1,-1
31,17,1589.87,238.47,62.07,181.35,0.3096,-1,-1,-1
31,15,194.78,357.74,68.60,209.49,0.3465,-1,-1,-1
31,11,1021.86,154.92,68.11,183.85,0.3513,-1,-1,-1
31,10,790.45,148.08,60.22,175.62,0.4282,-1,-1,-1
31,6,0.33,817.18,59.62,238.90,0.6491,-1,-1,-1
31,5,1356.66,569.74,80.36,213.77,0.5914,-1,-1,-1
31,4,1723.28,455.02,73.37,212.43,0.6545,-1,-1,-1
31,3,1168.25,977.37,66.03,102.63,0.6157,-1,-1,-1
31,2,103.10,546.83,76.79,246.43,0.7404,-1,-1,-1
31,1,383.77,374.74,87.17,232.93,0.7516,-1,-1,-1
32,17,1589.36,236.39,59.50,183.36,0.3030,-1,-1,-1
32,15,192.85,348.80,70.24,215.28,0.3971,-1,-1,-1
32,10,791.69,148.88,58.94,174.78,0.4570,-1,-1,-1
32,6,0.42,815.19,59.83,243.80,0.6162,-1,-1,-1
32,5,1356.48,569.80,80.06,214.33,0.6039,-1,-1,-1
32,4,1722.68,457.49,75.31,209.04,0.6534,-1,-1,-1
32,3,1169.10,978.24,66.70,101.76,0.6746,-1,-1,-1
32,2,103.10,546.68,76.37,246.51,0.7472,-1,-1,-1
32,1,383.72,373.17,91.28,232.25,0.7457,-1,-1,-1
33,15,190.09,348.76,70.65,217.40,0.4230,-1,-1,-1
33,14,1834.81,250.15,71.62,191.26,0.3130,-1,-1,-1
33,11,1019.48,157.05,67.34,183.92,0.3643,-1,-1,-1
33,10,790.75,149.10,59.63,174.05,0.4375,-1,-1,-1
33,8,492.90,159.45,84.18,196.51,0.3918,-1,-1,-1
33,6,0.38,813.51,60.86,248.86,0.6217,-1,-1,-1
33,5,1356.12,569.35,81.35,217.79,0.6021,-1,-1,-1
33,4,1722.37,457.36,75.12,210.33,0.6571,-1,-1,-1
33,3,1170.87,979.19,66.95,100.81,0.6781,-1,-1,-1
33,2,102.75,546.74,78.09,246.59,0.7486,-1,-1,-1
33,1,384.19,370.79,93.05,232.83,0.7501,-1,-1,-1
34,15,188.70,353.67,69.27,208.60,0.4157,-1,-1,-1
34,14,1835.88,250.55,68.42,190.07,0.3188,-1,-1,-1
34,11,1021.61,154.96,61.42,187.78,0.4152,-1,-1,-1
34,10,790.49,148.57,59.20,175.32,0.4324,-1,-1,-1
34,8,493.06,160.64,81.90,195.01,0.3893,-1,-1,-1
34,6,0.45,811.61,61.20,249.19,0.6135,-1,-1,-1
34,5,1356.91,569.29,80.92,216.61,0.5996,-1,-1,-1
34,4,1722.78,458.30,74.10,207.85,0.6499,-1,-1,-1
34,3,1173.90,981.25,66.45,98.75,0.6763,-1,-1,-1
34,2,102.74,546.84,77.72,246.54,0.7391,-1,-1,-1
34,1,384.98,370.48,92.32,231.57,0.7515,-1,-1,-1
35,15,186.83,344.10,64.93,212.89,0.4548,-1,-1,-1
35,14,1837.35,251.17,68.41,187.63,0.3249,-1,-1,-1
35,11,1022.13,156.20,60.56,184.25,0.4622,-1,-1,-1
35,10,791.12,148.53,59.03,175.15,0.4427,-1,-1,-1
35,8,494.15,160.80,79.90,194.68,0.3989,-1,-1,-1
35,7,960.65,200.96,61.33,173.51,0.3348,-1,-1,-1
35,6,0.45,811.04,63.34,253.30,0.5751,-1,-1,-1
35,5,1355.83,569.43,81.80,215.57,0.6011,-1,-1,-1
35,4,1722.49,457.47,73.92,208.66,0.6606,-1,-1,-1
35,3,1177.75,982.54,64.11,97.46,0.6624,-1,-1,-1
35,2,102.48,546.87,78.55,247.09,0.7346,-1,-1,-1
35,1,384.79,369.51,93.15,233.01,0.7410,-1,-1,-1
36,18,384.64,994.97,90.57,85.03,0.4535,-1,-1,-1
36,15,188.80,367.18,61.33,192.00,0.3995,-1,-1,-1
36,14,1839.89,249.36,66.89,189.12,0.3537,-1,-1,-1
36,11,1021.91,156.83,61.73,181.64,0.5125,-1,-1,-1
36,10,790.98,149.20,59.01,173.89,0.4402,-1,-1,-1
36,8,494.92,160.84,77.06,193.75,0.4165,-1,-1,-1
36,7,954.36,200.82,64.45,174.10,0.3265,-1,-1,-1
36,6,0.54,810.35,63.17,248.38,0.5426,-1,-1,-1
36,5,1355.94,569.44,82.26,216.78,0.5767,-1,-1,-1
36,4,1722.95,458.82,74.16,207.70,0.6161,-1,-1,-1
36,3,1179.86,984.35,64.33,95.65,0.6412,-1,-1,-1
36,2,102.88,547.13,77.31,246.33,0.7385,-1,-1,-1
36,1,385.24,369.04,91.98,233.18,0.7009,-1,-1,-1
37,18,384.27,993.93,92.28,86.07,0.5152,-1,-1,-1
37,15,187.21,362.10,62.29,194.96,0.4086,-1,-1,-1
37,14,1839.98,252.43,63.39,184.05,0.3773,-1,-1,-1
37,11,1021.83,158.12,61.69,183.73,0.5344,-1,-1,-1
37,10,790.27,148.72,59.94,175.00,0.4360,-1,-1,-1
37,8,494.99,162.38,75.72,192.69,0.4226,-1,-1,-1
37,7,946.17,200.80,69.18,173.42,0.4378,-1,-1,-1
37,6,0.53,809.14,65.51,248.26,0.6285,-1,-1,-1
37,5,1356.26,569.06,82.10,219.25,0.5677,-1,-1,-1
37,4,1723.08,457.34,73.97,209.55,0.6401,-1,-1,-1
37,3,1182.53,984.49,64.81,95.51,0.6850,-1,-1,-1
37,2,103.02,547.28,76.61,245.57,0.7344,-1,-1,-1
37,1,386.13,367.84,88.93,234.07,0.6902,-1,-1,-1
38,18,384.46,992.80,93.44,87.20,0.5469,-1,-1,-1
38,15,185.84,364.98,61.52,191.27,0.4321,-1,-1,-1
38,14,1840.54,252.39,63.03,185.44,0.3217,-1,-1,-1
38,11,1023.74,158.63,60.31,184.31,0.5451,-1,-1,-1
38,10,791.10,149.12,58.90,175.22,0.4243,-1,-1,-1
38,8,494.29,162.75,75.76,192.62,0.4184,-1,-1,-1
38,7,935.69,202.09,75.84,172.73,0.3836,-1,-1,-1
38,6,0.54,808.86,66.09,245.25,0.6404,-1,-1,-1
38,5,1355.87,569.44,81.73,213.64,0.6049,-1,-1,-1
38,4,1722.63,458.46,74.59,207.29,0.6428,-1,-1,-1
38,3,1184.16,984.24,66.98,95.76,0.6922,-1,-1,-1
38,2,102.77,546.88,76.43,245.40,0.7328,-1,-1,-1
38,1,387.46,366.64,85.18,235.42,0.6937,-1,-1,-1
39,18,384.56,991.55,92.84,88.45,0.5276,-1,-1,-1
39,15,183.20,361.83,63.58,195.40,0.4939,-1,-1,-1
39,14,1840.38,252.80,64.32,184.73,0.3539,-1,-1,-1
39,11,1022.08,158.85,62.10,182.82,0.5211,-1,-1,-1
39,10,790.88,148.78,58.90,175.14,0.4153,-1,-1,-1
39,8,494.63,163.39,74.59,191.40,0.4237,-1,-1,-1
39,7,923.72,201.00,86.76,172.69,0.5013,-1,-1,-1
39,6,0.52,807.56,65.90,244.29,0.6523,-1,-1,-1
39,5,1357.09,567.86,81.04,217.79,0.5814,-1,-1,-1
39,4,1722.55,456.71,73.48,210.02,0.6227,-1,-1,-1
39,3,1186.90,983.51,68.73,96.49,0.6789,-1,-1,-1
39,2,102.35,547.26,77.58,244.84,0.7308,-1,-1,-1
39,1,387.52,365.37,84.44,237.15,0.6891,-1,-1,-1
40,18,385.16,989.85,92.83,90.15,0.5279,-1,-1,-1
40,15,181.03,363.50,62.76,192.53,0.4306,-1,-1,-1
40,14,1837.89,252.72,68.04,187.62,0.3340,-1,-1,-1
40,11,1021.73,159.09,62.55,182.40,0.5093,-1,-1,-1
40,10,791.11,148.98,58.11,176.20,0.4046,-1,-1,-1
40,8,494.30,167.58,72.89,191.53,0.4405,-1,-1,-1
40,7,914.79,197.08,96.53,176.59,0.5105,-1,-1,-1
40,6,0.68,806.54,65.65,241.81,0.6072,-1,-1,-1
40,5,1357.58,569.75,79.99,212.02,0.6151,-1,-1,-1
40,4,1722.71,456.19,73.52,211.11,0.6273,-1,-1,-1
40,3,1190.80,983.65,69.31,96.35,0.6545,-1,-1,-1
40,2,102.19,547.00,77.51,244.88,0.7335,-1,-1,-1
40,1,387.90,367.06,86.60,234.99,0.6972,-1,-1,-1
41,18,385.22,989.24,93.41,90.76,0.4924,-1,-1,-1
41,15,179.53,360.70,62.35,195.52,0.3636,-1,-1,-1
41,11,1021.40,159.09,62.68,180.82,0.4771,-1,-1,-1
41,10,791.41,149.20,57.25,174.94,0.4079,-1,-1,-1
41,8,495.87,165.70,75.21,190.83,0.3632,-1,-1,-1
41,7,911.66,203.40,99.91,169.77,0.5440,-1,-1,-1
41,6,0.47,805.43,66.52,242.97,0.6001,-1,-1,-1
41,5,1356.78,568.63,81.06,215.93,0.6073,-1,-1,-1
41,4,1722.49,455.83,73.86,211.10,0.6395,-1,-1,-1
41,3,1193.20,985.00,67.51,95.00,0.6802,-1,-1,-1
41,2,102.31,546.67,77.69,245.78,0.7313,-1,-1,-1
41,1,389.54,366.16,85.25,235.38,0.6909,-1,-1,-1
42,18,384.21,987.73,94.62,92.27,0.5331,-1,-1,-1
42,15,179.82,370.90,59.25,186.95,0.3295,-1,-1,-1
42,11,1021.12,159.46,62.77,182.23,0.4734,-1,-1,-1
42,10,791.09,148.73,57.46,177.40,0.4202,-1,-1,-1
42,8,495.40,167.27,75.17,192.15,0.3718,-1,-1,-1
42,7,908.32,200.03,102.88,173.64,0.5451,-1,-1,-1
42,6,0.27,802.61,66.70,242.95,0.6312,-1,-1,-1
42,5,1356.93,569.43,80.29,214.24,0.6145,-1,-1,-1
42,4,1721.94,454.92,74.07,211.51,0.6461,-1,-1,-1
42,3,1195.65,984.78,69.10,95.22,0.6923,-1,-1,-1
42,2,102.24,546.70,78.41,245.76,0.7402,-1,-1,-1
42,1,390.43,364.55,84.90,235.51,0.7104,-1,-1,-1
43,18,383.21,987.78,95.31,92.22,0.5402,-1,-1,-1
43,11,1021.46,159.76,62.17,183.59,0.4672,-1,-1,-1
43,10,790.40,149.38,58.95,175.95,0.4042,-1,-1,-1
43,8,493.89,167.93,77.00,195.17,0.3847,-1,-1,-1
43,7,904.24,195.77,105.06,177.19,0.4978,-1,-1,-1
43,6,0.20,797.95,66.92,231.73,0.6608,-1,-1,-1
43,5,1356.76,569.13,80.53,214.51,0.6090,-1,-1,-1
43,4,1722.36,454.65,73.58,212.24,0.6162,-1,-1,-1
43,3,1198.45,985.05,70.78,94.94,0.6623,-1,-1,-1
43,2,101.82,546.84,78.42,245.91,0.7338,-1,-1,-1
43,1,391.27,365.15,85.09,233.13,0.7374,-1,-1,-1
44,18,382.53,985.24,96.11,94.76,0.5968,-1,-1,-1
44,15,175.17,364.50,58.36,191.39,0.3525,-1,-1,-1
44,14,1840.73,255.20,78.60,195.35,0.3252,-1,-1,-1
44,11,1021.56,160.20,61.35,184.63,0.4379,-1,-1,-1
44,10,790.98,149.09,58.06,176.11,0.4005,-1,-1,-1
44,8,494.28,169.13,76.26,195.85,0.3771,-1,-1,-1
44,7,902.66,193.02,100.94,180.41,0.3167,-1,-1,-1
44,6,0.19,794.66,67.33,229.15,0.6726,-1,-1,-1
44,5,1356.80,568.89,81.17,216.95,0.6236,-1,-1,-1
44,4,1721.01,457.80,75.24,208.94,0.6474,-1,-1,-1
44,3,1198.95,985.38,71.72,94.62,0.6688,-1,-1,-1
44,2,101.99,547.20,77.83,245.34,0.7334,-1,-1,-1
44,1,391.56,364.74,85.94,231.42,0.7343,-1,-1,-1
45,18,381.19,984.85,95.64,95.15,0.5952,-1,-1,-1
45,15,173.62,357.51,55.83,196.86,0.3643,-1,-1,-1
45,14,1842.14,256.76,73.14,197.61,0.3492,-1,-1,-1
45,11,1019.47,161.89,65.56,182.10,0.3991,-1,-1,-1
45,10,790.49,149.17,58.83,175.58,0.4243,-1,-1,-1
45,8,495.66,173.08,73.96,193.48,0.3115,-1,-1,-1
45,6,0.29,792.60,67.43,229.06,0.6685,-1,-1,-1
45,5,1356.35,568.81,81.01,216.28,0.6345,-1,-1,-1
45,4,1721.67,458.84,74.31,207.52,0.6321,-1,-1,-1
45,3,1200.19,985.71,72.58,94.28,0.6709,-1,-1,-1
45,2,101.74,546.73,77.49,245.84,0.7425,-1,-1,-1
45,1,393.14,361.76,85.07,232.35,0.7371,-1,-1,-1
46,18,379.74,978.00,97.15,102.00,0.6033,-1,-1,-1
46,15,172.21,352.40,54.99,201.78,0.3621,-1,-1,-1
46,14,1843.19,257.03,74.45,201.74,0.3300,-1,-1,-1
46,11,1019.13,161.97,65.60,182.18,0.4088,-1,-1,-1
46,10,790.70,149.32,58.20,174.97,0.3893,-1,-1,-1
46,8,491.92,174.11,78.40,193.58,0.3314,-1,-1,-1
46,6,0.45,790.47,68.23,229.75,0.6718,-1,-1,-1
46,5,1356.15,569.43,82.46,216.97,0.6039,-1,-1,-1
46,4,1720.77,459.25,75.03,206.47,0.6155,-1,-1,-1
46,3,1200.56,986.22,71.77,93.78,0.6854,-1,-1,-1
46,2,101.69,546.34,77.86,246.29,0.7447,-1,-1,-1
46,1,395.21,360.63,82.60,231.87,0.7422,-1,-1,-1
47,18,379.71,971.91,97.78,108.09,0.5909,-1,-1,-1
47,15,169.58,343.24,59.25,210.81,0.3911,-1,-1,-1
47,14,1844.57,259.22,73.57,202.40,0.3460,-1,-1,-1
47,11,1018.95,162.83,63.79,183.97,0.3951,-1,-1,-1
47,10,789.95,149.40,60.34,174.76,0.4296,-1,-1,-1
47,8,508.63,181.27,56.21,184.43,0.3161,-1,-1,-1
47,7,903.59,171.62,75.95,201.68,0.3144,-1,-1,-1
47,6,0.67,789.29,68.98,232.48,0.6183,-1,-1,-1
47,5,1356.64,569.56,81.37,215.63,0.5933,-1,-1,-1
47,4,1721.35,458.87,74.79,208.24,0.6306,-1,-1,-1
47,3,1201.39,986.19,73.12,93.81,0.6670,-1,-1,-1
47,2,101.44,546.31,78.03,246.24,0.7292,-1,-1,-1
47,1,395.51,358.31,83.45,232.19,0.7461,-1,-1,-1
48,18,378.57,964.72,99.52,115.28,0.6089,-1,-1,-1
48,15,168.96,344.67,57.23,211.52,0.3360,-1,-1,-1
48,14,1847.94,263.49,66.64,199.81,0.3696,-1,-1,-1
48,11,1018.68,163.13,63.12,182.83,0.3309,-1,-1,-1
48,10,790.61,149.47,59.80,175.80,0.4552,-1,-1,-1
48,8,507.36,183.58,56.76,182.11,0.3326,-1,-1,-1
48,6,0.94,788.87,70.44,234.82,0.5857,-1,-1,-1
48,5,1356.48,569.00,82.99,217.06,0.6132,-1,-1,-1
48,4,1721.53,459.65,74.26,205.91,0.6357,-1,-1,-1
48,3,1203.13,984.41,76.77,95.53,0.6326,-1,-1,-1
48,2,101.66,546.06,77.82,247.01,0.7353,-1,-1,-1
48,1,396.35,356.93,83.62,229.63,0.7647,-1,-1,-1
49,18,378.44,963.76,99.71,116.24,0.5888,-1,-1,-1
49,16,862.89,153.02,54.94,174.32,0.3164,-1,-1,-1
49,15,167.33,354.68,58.12,201.26,0.3555,-1,-1,-1
49,14,1849.64,264.52,64.49,200.58,0.3337,-1,-1,-1
49,11,1016.43,164.84,65.36,182.92,0.3711,-1,-1,-1
49,10,790.40,149.12,60.42,176.16,0.4317,-1,-1,-1
49,8,491.76,179.07,76.49,190.12,0.3703,-1,-1,-1
49,6,0.75,785.00,72.65,247.67,0.6188,-1,-1,-1
49,5,1356.50,569.52,82.54,218.14,0.6018,-1,-1,-1
49,4,1720.89,458.65,74.79,207.55,0.6575,-1,-1,-1
49,3,1203.39,983.37,77.71,96.63,0.6518,-1,-1,-1
49,2,101.55,546.08,77.85,246.96,0.7393,-1,-1,-1
49,1,396.26,356.44,84.52,226.44,0.7608,-1,-1,-1
50,18,380.94,961.45,97.57,117.29,0.5867,-1,-1,-1
50,14,1852.62,266.31,65.98,199.66,0.3915,-1,-1,-1
50,11,1017.18,164.90,61.34,175.56,0.3841,-1,-1,-1
50,10,790.39,148.94,59.69,177.27,0.4070,-1,-1,-1
50,8,491.99,178.84,77.17,192.21,0.3775,-1,-1,-1
50,6,1.07,785.21,74.07,249.20,0.6055,-1,-1,-1
50,5,1357.15,569.92,81.36,215.22,0.6122,-1,-1,-1
50,4,1721.08,459.13,74.29,206.66,0.6391,-1,-1,-1
50,3,1203.54,982.70,78.48,97.30,0.6281,-1,-1,-1
50,2,101.65,546.14,77.88,246.48,0.7482,-1,-1,-1
50,1,395.85,355.01,85.81,225.96,0.7546,-1,-1,-1
51,18,380.94,956.60,98.05,123.32,0.5503,-1,-1,-1
51,14,1854.41,267.25,62.41,195.24,0.3626,-1,-1,-1
51,11,1016.81,166.93,61.64,173.97,0.4440,-1,-1,-1
51,10,790.52,148.60,59.76,177.85,0.4134,-1,-1,-1
51,8,493.41,180.07,76.11,191.64,0.3679,-1,-1,-1
51,6,1.22,783.35,73.76,247.04,0.6422,-1,-1,-1
51,5,1357.11,569.21,81.28,214.67,0.6198,-1,-1,-1
51,4,1720.59,460.24,74.63,205.05,0.6227,-1,-1,-1
51,3,1204.30,981.50,78.93,98.50,0.6111,-1,-1,-1
51,2,101.84,545.48,77.58,247.40,0.7505,-1,-1,-1
51,1,395.92,354.38,86.62,223.10,0.7538,-1,-1,-1
52,18,381.98,952.45,98.69,127.55,0.5450,-1,-1,-1
52,11,1016.01,168.14,63.48,180.57,0.4711,-1,-1,-1
52,10,789.66,149.17,60.76,178.19,0.3952,-1,-1,-1
52,8,489.41,179.82,81.00,191.12,0.3819,-1,-1,-1
52,6,2.25,782.44,74.64,244.41,0.6113,-1,-1,-1
52,5,1356.87,569.12,81.33,215.52,0.6233,-1,-1,-1
52,4,1722.16,455.69,73.24,210.97,0.6266,-1,-1,-1
52,3,1203.84,981.71,79.19,98.29,0.6304,-1,-1,-1
52,2,102.19,545.43,76.85,247.00,0.7519,-1,-1,-1
52,1,396.93,353.10,86.63,224.21,0.7677,-1,-1,-1
53,18,382.01,950.00,101.30,129.55,0.6933,-1,-1,-1
53,14,1860.00,264.76,59.48,197.88,0.3205,-1,-1,-1
53,11,1015.86,168.96,62.77,182.23,0.4505,-1,-1,-1
53,10,789.21,148.38,61.48,177.73,0.4121,-1,-1,-1
53,8,488.64,180.31,82.97,190.67,0.4034,-1,-1,-1
53,6,3.55,781.15,72.47,241.50,0.6510,-1,-1,-1
53,5,1357.17,569.61,81.64,213.44,0.6401,-1,-1,-1
53,4,1722.20,456.02,73.38,209.29,0.6261,-1,-1,-1
53,3,1203.82,979.92,79.19,100.08,0.6525,-1,-1,-1
53,2,102.56,545.16,75.62,247.52,0.7453,-1,-1,-1
53,1,398.54,351.37,85.13,226.21,0.7697,-1,-1,-1
54,18,383.03,948.96,103.43,129.21,0.7180,-1,-1,-1
54,14,1861.74,261.88,57.79,205.35,0.3113,-1,-1,-1
54,11,1013.87,171.42,62.21,181.78,0.4274,-1,-1,-1
54,10,789.63,148.92,61.54,176.69,0.3981,-1,-1,-1
54,8,488.26,180.19,84.32,190.63,0.3868,-1,-1,-1
54,6,6.60,778.41,70.18,236.69,0.6455,-1,-1,-1
54,5,1356.94,569.10,82.17,214.12,0.6411,-1,-1,-1
54,4,1722.01,456.03,73.50,209.98,0.6240,-1,-1,-1
54,3,1202.87,979.79,80.50,100.21,0.6571,-1,-1,-1
54,2,102.52,544.87,75.71,248.18,0.7479,-1,-1,-1
54,1,398.48,350.93,85.61,226.72,0.7711,-1,-1,-1
55,18,383.10,947.22,106.49,131.62,0.6929,-1,-1,-1
55,14,1864.40,261.69,55.23,208.31,0.3406,-1,-1,-1
55,11,1012.25,173.63,62.92,181.58,0.4561,-1,-1,-1
55,10,790.07,149.04,60.93,176.72,0.4251,-1,-1,-1
55,8,488.49,179.78,84.08,191.55,0.4235,-1,-1,-1
55,6,8.30,774.22,69.49,237.45,0.6805,-1,-1,-1
55,5,1357.61,568.95,80.94,215.65,0.6082,-1,-1,-1
55,4,1722.22,456.91,74.20,210.81,0.6376,-1,-1,-1
55,3,1203.19,978.98,80.68,101.02,0.6651,-1,-1,-1
55,2,102.51,545.17,75.78,248.60,0.7363,-1,-1,-1
55,1,399.54,349.66,84.74,228.70,0.7785,-1,-1,-1
56,18,384.01,946.78,106.01,132.88,0.6985,-1,-1,-1
56,11,1014.15,175.15,60.03,179.95,0.4680,-1,-1,-1
56,10,790.05,148.69,61.54,177.98,0.4100,-1,-1,-1
56,8,488.67,179.95,81.78,191.42,0.4782,-1,-1,-1
56,6,8.13,772.02,70.21,234.98,0.6943,-1,-1,-1
56,5,1357.06,569.19,80.74,216.44,0.6102,-1,-1,-1
56,4,1721.94,455.81,73.48,210.60,0.6445,-1,-1,-1
56,3,1202.85,977.26,80.96,102.74,0.6744,-1,-1,-1
56,2,102.53,544.37,75.98,249.34,0.7376,-1,-1,-1
56,1,400.06,349.35,84.25,229.87,0.7878,-1,-1,-1
57,19,1470.91,215.79,64.72,189.98,0.3341,-1,-1,-1
57,18,385.74,946.00,105.47,133.31,0.7176,-1,-1,-1
57,11,1011.33,176.51,61.04,179.62,0.4636,-1,-1,-1
57,10,789.81,148.63,62.18,178.97,0.4009,-1,-1,-1
57,8,488.01,180.98,81.34,190.71,0.4590,-1,-1,-1
57,7,832.64,162.35,105.81,208.69,0.3014,-1,-1,-1
57,6,5.61,771.13,71.94,230.42,0.7197,-1,-1,-1
57,5,1356.92,569.23,81.51,213.12,0.6174,-1,-1,-1
57,4,1721.82,458.87,73.33,206.82,0.6509,-1,-1,-1
57,3,1202.05,976.14,81.75,103.86,0.6850,-1,-1,-1
57,2,102.35,544.92,76.07,249.49,0.7329,-1,-1,-1
57,1,400.00,348.12,83.77,230.89,0.7938,-1,-1,-1
58,19,1469.42,214.40,64.35,188.78,0.3099,-1,-1,-1
58,18,387.45,944.87,104.01,135.06,0.6723,-1,-1,-1
58,11,1011.14,179.49,59.79,178.94,0.4566,-1,-1,-1
58,10,790.27,149.05,61.48,178.43,0.3946,-1,-1,-1
58,8,488.41,181.47,80.10,191.10,0.4484,-1,-1,-1
58,6,7.14,767.34,74.15,229.03,0.7118,-1,-1,-1
58,5,1357.12,569.42,81.17,215.05,0.6247,-1,-1,-1
58,4,1722.17,455.44,72.90,210.00,0.6400,-1,-1,-1
58,3,1201.24,976.28,83.15,103.72,0.6688,-1,-1,-1
58,2,102.75,545.32,75.41,249.05,0.7288,-1,-1,-1
58,1,399.75,347.20,84.58,231.54,0.7873,-1,-1,-1
59,18,388.24,943.60,103.08,136.01,0.7142,-1,-1,-1
59,11,1009.93,180.38,60.70,178.23,0.3744,-1,-1,-1
59,10,789.51,148.84,60.77,178.46,0.3894,-1,-1,-1
59,8,488.38,181.91,81.65,191.61,0.4378,-1,-1,-1
59,6,6.42,765.34,75.83,224.80,0.7217,-1,-1,-1
59,5,1357.01,568.70,81.39,212.98,0.6413,-1,-1,-1
59,4,1722.99,455.95,72.98,211.01,0.6377,-1,-1,-1
59,3,1199.31,975.73,85.21,104.27,0.6719,-1,-1,-1
59,2,102.70,545.12,75.29,249.47,0.7327,-1,-1,-1
59,1,401.30,345.58,83.53,233.32,0.7851,-1,-1,-1
60,19,1466.58,211.76,64.30,192.89,0.3100,-1,-1,-1
60,18,387.68,940.33,105.46,138.68,0.7101,-1,-1,-1
60,11,1006.68,181.24,63.25,177.96,0.3406,-1,-1,-1
60,10,789.55,148.39,61.83,185.37,0.4231,-1,-1,-1
60,8,488.90,183.25,80.17,191.05,0.4531,-1,-1,-1
60,6,9.31,760.23,70.26,225.36,0.7345,-1,-1,-1
60,5,1356.79,568.94,81.34,215.54,0.6262,-1,-1,-1
60,4,1722.04,458.96,73.50,207.09,0.6275,-1,-1,-1
60,3,1198.98,974.70,85.20,105.30,0.6700,-1,-1,-1
60,2,102.16,545.17,75.86,250.58,0.7259,-1,-1,-1
60,1,402.07,346.04,82.15,231.48,0.7925,-1,-1,-1
61,18,386.94,938.96,107.77,140.55,0.6141,-1,-1,-1
61,11,1007.23,181.91,61.71,176.50,0.3029,-1,-1,-1
61,10,788.70,148.42,63.13,188.15,0.3661,-1,-1,-1
61,8,493.65,190.37,71.99,186.25,0.4803,-1,-1,-1
61,6,9.94,758.05,68.94,225.90,0.7307,-1,-1,-1
61,5,1357.33,569.35,80.83,213.99,0.6299,-1,-1,-1
61,4,1722.71,457.66,72.06,207.60,0.6112,-1,-1,-1
61,3,1196.38,971.98,86.25,108.02,0.6306,-1,-1,-1
61,2,103.06,546.43,74.07,247.49,0.7279,-1,-1,-1
61,1,401.70,344.36,82.46,230.91,0.7977,-1,-1,-1
62,18,385.60,936.67,108.47,141.91,0.5694,-1,-1,-1
62,11,1008.31,184.20,60.55,174.71,0.3032,-1,-1,-1
62,10,790.36,148.20,60.80,186.45,0.3199,-1,-1,-1
62,8,492.85,190.12,73.03,189.27,0.4967,-1,-1,-1
62,6,11.08,756.38,68.88,225.96,0.7302,-1,-1,-1
62,5,1357.69,569.23,80.45,214.78,0.6174,-1,-1,-1
62,4,1722.47,456.37,73.34,209.44,0.6000,-1,-1,-1
62,3,1195.83,972.44,86.44,107.56,0.6220,-1,-1,-1
62,2,103.06,546.85,74.22,247.43,0.7287,-1,-1,-1
62,1,402.14,343.04,81.71,230.90,0.7907,-1,-1,-1
63,18,385.84,934.63,106.92,144.31,0.6604,-1,-1,-1
63,8,491.10,188.01,74.89,196.64,0.5326,-1,-1,-1
63,6,10.38,755.36,71.43,229.91,0.7189,-1,-1,-1
63,5,1356.95,568.93,81.14,213.44,0.6020,-1,-1,-1
63,4,1721.54,458.75,74.27,207.30,0.5906,-1,-1,-1
63,3,1194.17,971.94,87.50,108.06,0.6573,-1,-1,-1
63,2,103.22,546.70,73.86,247.38,0.7298,-1,-1,-1
63,1,402.04,341.00,82.26,232.20,0.7965,-1,-1,-1
64,18,384.97,930.48,109.05,148.92,0.6716,-1,-1,-1
64,11,1003.87,186.47,62.26,170.96,0.3625,-1,-1,-1
64,8,493.36,191.83,72.39,193.98,0.4907,-1,-1,-1
64,6,11.01,753.71,70.88,229.84,0.7204,-1,-1,-1
64,5,1356.03,569.42,81.71,216.16,0.5977,-1,-1,-1
64,4,1721.93,456.25,73.82,209.82,0.6059,-1,-1,-1
64,3,1192.89,973.46,86.82,106.54,0.6856,-1,-1,-1
64,2,102.41,546.38,74.81,248.76,0.7195,-1,-1,-1
64,1,402.30,338.43,82.41,232.17,0.7907,-1,-1,-1
65,18,385.23,923.08,107.89,156.70,0.5634,-1,-1,-1
65,11,1003.55,187.06,62.53,171.87,0.3134,-1,-1,-1
65,8,494.05,191.71,72.07,194.92,0.5081,-1,-1,-1
65,6,10.61,752.71,71.06,233.26,0.7136,-1,-1,-1
65,5,1356.07,569.20,82.94,214.11,0.6283,-1,-1,-1
65,4,1720.53,459.88,75.30,206.36,0.6133,-1,-1,-1
65,3,1192.23,973.44,85.06,106.56,0.6846,-1,-1,-1
65,2,102.78,547.14,74.56,246.77,0.7280,-1,-1,-1
65,1,402.01,336.80,82.77,232.18,0.7933,-1,-1,-1
66,18,387.06,917.03,104.47,162.97,0.5605,-1,-1,-1
66,11,1004.13,187.69,60.28,175.37,0.3622,-1,-1,-1
66,8,496.26,190.58,68.88,196.18,0.5281,-1,-1,-1
66,6,10.55,751.33,71.36,234.41,0.7134,-1,-1,-1
66,5,1355.78,568.47,83.44,216.51,0.6046,-1,-1,-1
66,4,1719.73,459.29,75.88,207.88,0.6260,-1,-1,-1
66,3,1189.99,971.65,84.86,108.35,0.7063,-1,-1,-1
66,2,102.78,546.29,75.67,248.02,0.7208,-1,-1,-1
66,1,402.23,334.91,83.23,231.93,0.7929,-1,-1,-1
67,18,385.57,913.47,105.65,164.85,0.6553,-1,-1,-1
67,11,1002.47,187.41,59.55,175.57,0.4069,-1,-1,-1
67,8,495.28,190.82,70.02,200.02,0.5657,-1,-1,-1
67,6,9.97,749.13,71.76,237.43,0.7028,-1,-1,-1
67,5,1356.95,569.21,81.45,214.01,0.5982,-1,-1,-1
67,4,1720.64,458.98,74.84,206.72,0.5965,-1,-1,-1
67,3,1188.57,971.80,86.45,108.20,0.6942,-1,-1,-1
67,2,102.78,546.81,75.81,247.48,0.7250,-1,-1,-1
67,1,402.10,333.99,84.68,228.87,0.7944,-1,-1,-1
68,18,384.89,912.02,106.49,165.92,0.7051,-1,-1,-1
68,11,1001.01,187.99,61.42,176.95,0.4874,-1,-1,-1
68,8,495.28,192.58,69.06,196.93,0.5750,-1,-1,-1
68,6,10.10,746.64,72.03,241.36,0.7077,-1,-1,-1
68,5,1356.50,568.03,82.31,216.34,0.5953,-1,-1,-1
68,4,1721.54,459.47,74.10,207.01,0.6081,-1,-1,-1
68,3,1185.10,969.75,86.15,110.25,0.6957,-1,-1,-1
68,2,102.64,546.61,75.95,247.86,0.7294,-1,-1,-1
68,1,403.00,333.62,84.18,226.69,0.7902,-1,-1,-1
69,18,384.56,910.56,106.96,168.18,0.6853,-1,-1,-1
69,11,1000.71,187.70,62.12,177.31,0.5338,-1,-1,-1
69,8,492.35,193.46,74.94,195.29,0.5869,-1,-1,-1
69,6,10.38,744.82,71.98,241.92,0.7102,-1,-1,-1
69,5,1356.78,568.69,81.82,217.36,0.5962,-1,-1,-1
69,4,1722.59,456.80,74.67,212.94,0.5947,-1,-1,-1
69,3,1183.76,969.66,86.05,110.29,0.6797,-1,-1,-1
69,2,102.79,546.61,75.20,248.27,0.7309,-1,-1,-1
69,1,402.60,332.30,85.55,225.69,0.7834,-1,-1,-1
70,18,384.05,907.37,107.28,172.26,0.6793,-1,-1,-1
70,11,1000.37,187.61,61.38,178.15,0.5581,-1,-1,-1
70,8,490.41,195.53,78.11,193.30,0.5919,-1,-1,-1
70,6,10.91,743.34,71.75,237.36,0.7152,-1,-1,-1
70,5,1356.24,568.39,83.20,217.71,0.6087,-1,-1,-1
70,4,1722.96,455.29,74.29,212.50,0.6157,-1,-1,-1
70,3,1182.35,969.21,85.72,110.79,0.6649,-1,-1,-1
70,2,103.17,546.27,74.69,248.44,0.7319,-1,-1,-1
70,1,402.67,331.49,86.07,223.93,0.7903,-1,-1,-1
71,18,380.48,905.19,111.15,174.81,0.7093,-1,-1,-1
71,16,846.78,168.11,50.45,174.66,0.3337,-1,-1,-1
71,11,998.53,188.07,60.14,178.21,0.5614,-1,-1,-1
71,8,492.28,193.06,77.70,196.11,0.6135,-1,-1,-1
71,7,786.52,150.82,76.68,219.44,0.3588,-1,-1,-1
71,6,11.53,741.64,72.23,230.52,0.7212,-1,-1,-1
71,5,1357.03,568.84,82.07,218.75,0.5627,-1,-1,-1
71,4,1722.33,456.68,74.81,210.90,0.6225,-1,-1,-1
71,3,1181.27,968.21,86.01,111.79,0.6676,-1,-1,-1
71,2,102.19,545.06,76.11,250.56,0.7292,-1,-1,-1
71,1,403.07,329.95,85.45,223.73,0.7909,-1,-1,-1
72,18,379.87,903.79,111.20,176.21,0.7213,-1,-1,-1
72,16,843.86,169.51,52.93,176.19,0.3494,-1,-1,-1
72,11,998.27,188.42,58.29,178.99,0.5725,-1,-1,-1
72,8,487.30,193.28,84.20,196.36,0.5970,-1,-1,-1
72,7,780.06,146.87,85.09,223.06,0.3792,-1,-1,-1
72,6,10.67,737.68,73.63,228.28,0.7274,-1,-1,-1
72,5,1357.24,569.17,82.18,218.07,0.6062,-1,-1,-1
72,4,1722.43,457.12,74.42,210.21,0.6192,-1,-1,-1
72,3,1180.13,965.74,85.23,114.26,0.5933,-1,-1,-1
72,2,102.12,544.48,76.04,250.76,0.7259,-1,-1,-1
72,1,403.37,328.34,85.60,225.77,0.7885,-1,-1,-1
73,18,378.53,902.92,112.42,177.08,0.7151,-1,-1,-1
73,16,845.30,170.49,51.61,178.09,0.3473,-1,-1,-1
73,11,996.87,189.59,57.31,178.90,0.5500,-1,-1,-1
73,8,485.04,193.03,87.92,196.82,0.5927,-1,-1,-1
73,7,776.06,149.11,88.36,219.59,0.3039,-1,-1,-1
73,6,10.61,734.28,74.25,229.21,0.7478,-1,-1,-1
73,5,1356.85,569.53,83.07,215.78,0.6160,-1,-1,-1
73,4,1722.82,456.05,74.57,213.38,0.6133,-1,-1,-1
73,3,1179.24,965.12,86.20,114.88,0.6094,-1,-1,-1
73,2,101.85,545.21,76.31,249.96,0.7321,-1,-1,-1
73,1,404.49,327.82,84.83,227.30,0.7872,-1,-1,-1
74,18,378.86,900.78,111.85,179.22,0.6885,-1,-1,-1
74,16,844.85,171.27,53.43,179.88,0.3055,-1,-1,-1
74,11,998.12,190.02,54.62,181.31,0.5586,-1,-1,-1
74,8,484.75,195.07,88.77,194.68,0.5599,-1,-1,-1
74,6,10.80,732.19,74.81,225.33,0.7514,-1,-1,-1
74,5,1356.49,569.60,82.88,214.88,0.6195,-1,-1,-1
74,4,1721.94,460.34,74.22,206.44,0.5958,-1,-1,-1
74,3,1178.16,965.06,87.37,114.94,0.6237,-1,-1,-1
74,2,102.35,545.62,75.31,248.59,0.7220,-1,-1,-1
74,1,405.30,327.79,84.06,226.34,0.7842,-1,-1,-1
75,18,379.48,898.32,110.83,181.68,0.6778,-1,-1,-1
75,16,842.93,171.89,55.05,186.06,0.3013,-1,-1,-1
75,11,994.49,188.91,57.83,184.20,0.6141,-1,-1,-1
75,8,482.89,196.66,89.43,193.48,0.5708,-1,-1,-1
75,6,10.54,731.23,74.68,227.62,0.7486,-1,-1,-1
75,5,1356.85,570.06,82.38,211.66,0.6548,-1,-1,-1
75,4,1722.19,456.91,74.43,212.34,0.6187,-1,-1,-1
75,3,1176.96,964.57,88.55,115.43,0.6363,-1,-1,-1
75,2,101.79,545.08,75.44,249.57,0.7284,-1,-1,-1
75,1,405.11,326.94,84.34,226.99,0.7785,-1,-1,-1
76,19,1436.74,205.80,65.55,190.98,0.3226,-1,-1,-1
76,18,381.01,895.16,108.23,184.84,0.6904,-1,-1,-1
76,11,994.07,189.04,57.63,181.89,0.5748,-1,-1,-1
76,8,486.47,200.44,86.49,190.89,0.5540,-1,-1,-1
76,6,10.78,729.39,74.14,231.17,0.7470,-1,-1,-1
76,5,1356.13,570.59,83.22,212.51,0.6477,-1,-1,-1
76,4,1721.13,459.77,74.63,206.17,0.6303,-1,-1,-1
76,3,1176.80,963.96,88.65,116.04,0.6886,-1,-1,-1
76,2,102.00,544.11,74.82,250.55,0.7220,-1,-1,-1
76,1,406.70,326.64,83.00,227.66,0.7724,-1,-1,-1
77,19,1436.24,205.67,64.70,188.99,0.3562,-1,-1,-1
77,18,382.73,893.23,106.08,186.77,0.7466,-1,-1,-1
77,11,993.36,190.20,58.33,180.33,0.5922,-1,-1,-1
77,8,494.39,201.85,77.47,188.36,0.5687,-1,-1,-1
77,6,11.00,728.05,74.10,231.27,0.7515,-1,-1,-1
77,5,1355.80,569.76,84.90,215.19,0.6321,-1,-1,-1
77,4,1721.18,458.78,74.69,206.21,0.6226,-1,-1,-1
77,3,1176.73,963.96,88.20,116.04,0.6972,-1,-1,-1
77,2,102.17,544.28,73.84,250.33,0.7224,-1,-1,-1
77,1,407.04,325.21,83.42,229.60,0.7668,-1,-1,-1
78,19,1434.30,205.13,65.07,190.13,0.3353,-1,-1,-1
78,18,382.91,890.82,104.93,189.18,0.7540,-1,-1,-1
78,11,994.38,188.74,56.39,181.22,0.5644,-1,-1,-1
78,8,490.67,205.33,78.30,186.17,0.6007,-1,-1,-1
78,6,10.73,726.95,75.96,234.11,0.7458,-1,-1,-1
78,5,1355.41,571.58,85.28,214.50,0.6380,-1,-1,-1
78,4,1720.88,459.90,75.36,205.64,0.6372,-1,-1,-1
78,3,1176.35,963.09,88.33,116.91,0.7207,-1,-1,-1
78,2,101.78,544.24,73.74,249.87,0.7233,-1,-1,-1
78,1,406.79,324.79,83.51,229.47,0.7694,-1,-1,-1
79,18,385.90,887.11,101.71,192.89,0.7680,-1,-1,-1
79,11,992.17,190.59,58.28,178.24,0.5754,-1,-1,-1
79,8,489.52,202.27,81.12,192.93,0.5841,-1,-1,-1
79,6,11.86,726.73,75.81,232.94,0.7472,-1,-1,-1
79,5,1355.23,572.53,85.23,213.41,0.6071,-1,-1,-1
79,4,1720.90,458.47,74.76,206.91,0.6468,-1,-1,-1
79,3,1176.28,963.20,88.03,116.80,0.7240,-1,-1,-1
79,2,102.08,545.37,73.39,248.23,0.7258,-1,-1,-1
79,1,408.09,324.60,82.23,230.48,0.7798,-1,-1,-1
80,18,387.07,881.95,100.33,198.05,0.7885,-1,-1,-1
80,11,990.79,190.40,58.55,184.53,0.6078,-1,-1,-1
80,8,491.59,203.41,79.48,194.70,0.5726,-1,-1,-1
80,6,12.63,725.47,76.87,234.05,0.7277,-1,-1,-1
80,5,1356.41,572.14,85.80,217.16,0.5754,-1,-1,-1
80,4,1721.08,460.02,75.10,206.03,0.6344,-1,-1,-1
80,3,1175.34,962.42,88.32,117.58,0.7371,-1,-1,-1
80,2,102.25,545.65,72.97,248.19,0.7273,-1,-1,-1
80,1,409.67,324.43,80.78,229.34,0.7780,-1,-1,-1
81,19,1427.38,202.37,60.22,187.53,0.3166,-1,-1,-1
81,18,387.92,878.91,99.72,201.09,0.7855,-1,-1,-1
81,11,989.86,191.28,58.36,182.72,0.6100,-1,-1,-1
81,8,492.16,204.14,78.58,196.87,0.5468,-1,-1,-1
81,6,13.13,724.93,75.28,233.64,0.7207,-1,-1,-1
81,5,1355.59,571.64,85.98,217.79,0.5507,-1,-1,-1
81,4,1721.60,459.17,74.79,206.53,0.6201,-1,-1,-1
81,3,1176.76,961.91,86.33,118.09,0.7442,-1,-1,-1
81,2,102.70,544.80,72.09,248.55,0.7278,-1,-1,-1
81,1,410.09,323.79,80.37,227.29,0.7615,-1,-1,-1
82,19,1426.03,199.47,60.57,189.00,0.3005,-1,-1,-1
82,18,386.82,875.41,101.86,204.59,0.7833,-1,-1,-1
82,11,988.67,190.95,57.59,183.24,0.6095,-1,-1,-1
82,8,494.80,207.37,76.45,194.65,0.5545,-1,-1,-1
82,6,13.65,721.79,77.30,236.65,0.7266,-1,-1,-1
82,5,1355.87,571.93,85.73,217.58,0.5451,-1,-1,-1
82,4,1721.47,459.36,74.48,206.76,0.6201,-1,-1,-1
82,3,1176.22,961.42,85.43,118.58,0.7317,-1,-1,-1
82,2,102.38,545.98,72.25,246.67,0.7279,-1,-1,-1
82,1,412.54,323.63,79.68,226.33,0.7528,-1,-1,-1
83,19,1424.43,201.55,60.52,186.86,0.3057,-1,-1,-1
83,18,388.09,873.42,101.61,206.58,0.7796,-1,-1,-1
83,11,987.03,191.56,57.69,182.34,0.5994,-1,-1,-1
83,8,494.27,207.12,78.72,194.89,0.5793,-1,-1,-1
83,6,15.07,720.48,75.62,237.87,0.7177,-1,-1,-1
83,5,1356.22,571.18,85.71,219.11,0.5500,-1,-1,-1
83,4,1722.17,459.68,73.61,204.77,0.6159,-1,-1,-1
83,3,1175.54,961.92,84.63,118.08,0.7057,-1,-1,-1
83,2,101.78,545.83,72.46,247.49,0.7278,-1,-1,-1
83,1,411.91,321.82,81.53,226.16,0.7641,-1,-1,-1
84,18,388.25,871.15,102.54,208.85,0.7700,-1,-1,-1
84,11,985.95,191.86,57.46,182.17,0.6085,-1,-1,-1
84,10,794.01,149.22,55.39,170.87,0.3684,-1,-1,-1
84,8,496.06,208.37,77.13,196.72,0.5983,-1,-1,-1
84,6,14.40,718.64,75.40,239.85,0.7199,-1,-1,-1
84,5,1356.33,572.11,85.25,216.35,0.5437,-1,-1,-1
84,4,1721.58,459.49,74.56,206.02,0.5940,-1,-1,-1
84,3,1174.81,961.54,84.49,118.46,0.7224,-1,-1,-1
84,2,102.20,545.95,72.49,247.46,0.7183,-1,-1,-1
84,1,413.65,320.00,79.89,225.95,0.7627,-1,-1,-1
85,18,388.76,869.29,102.76,210.71,0.7789,-1,-1,-1
85,11,983.01,190.37,59.67,185.26,0.5486,-1,-1,-1
85,10,793.32,149.35,54.95,170.88,0.3151,-1,-1,-1
85,8,496.07,209.27,77.44,194.83,0.5914,-1,-1,-1
85,6,16.31,717.86,76.59,240.31,0.7212,-1,-1,-1
85,5,1356.68,572.90,86.13,222.18,0.4904,-1,-1,-1
85,4,1721.03,460.60,75.17,205.76,0.5994,-1,-1,-1
85,3,1174.61,961.56,83.87,118.44,0.7154,-1,-1,-1
85,2,101.76,544.91,73.13,249.39,0.7187,-1,-1,-1
85,1,413.46,318.44,81.93,224.41,0.7575,-1,-1,-1
86,19,1419.60,198.14,60.63,190.29,0.3150,-1,-1,-1
86,18,389.50,866.55,102.81,213.45,0.7884,-1,-1,-1
86,11,980.58,191.42,60.74,185.01,0.4825,-1,-1,-1
86,10,792.95,149.40,56.31,172.90,0.3062,-1,-1,-1
86,8,496.18,208.88,78.47,198.05,0.6102,-1,-1,-1
86,7,748.45,186.71,51.25,178.13,0.3357,-1,-1,-1
86,6,17.58,716.05,75.69,234.76,0.7461,-1,-1,-1
86,5,1357.47,574.04,84.83,213.15,0.5336,-1,-1,-1
86,4,1722.03,457.24,75.08,210.15,0.6081,-1,-1,-1
86,3,1172.54,961.16,85.47,118.84,0.7081,-1,-1,-1
86,2,102.08,546.13,73.38,247.22,0.7209,-1,-1,-1
86,1,414.55,317.39,81.55,221.26,0.7630,-1,-1,-1
87,18,389.76,864.77,103.93,215.23,0.7884,-1,-1,-1
87,16,835.16,179.45,61.36,189.22,0.3396,-1,-1,-1
87,11,978.72,191.90,62.29,180.63,0.4578,-1,-1,-1
87,10,791.94,149.10,57.29,173.69,0.3228,-1,-1,-1
87,8,495.75,209.92,80.47,195.60,0.6204,-1,-1,-1
87,7,747.51,186.89,51.97,178.14,0.4062,-1,-1,-1
87,6,19.16,713.75,74.02,224.76,0.7605,-1,-1,-1
87,5,1357.05,573.66,84.05,215.16,0.5166,-1,-1,-1
87,4,1721.19,460.44,74.44,206.37,0.6337,-1,-1,-1
87,3,1173.41,960.69,83.31,119.31,0.7056,-1,-1,-1
87,2,102.00,545.66,73.61,247.17,0.7339,-1,-1,-1
87,1,413.97,316.70,84.17,220.30,0.7753,-1,-1,-1
88,18,390.17,862.30,105.67,217.70,0.8054,-1,-1,-1
88,11,976.53,190.94,63.59,187.07,0.4209,-1,-1,-1
88,10,791.88,150.54,56.67,169.99,0.3240,-1,-1,-1
88,8,497.18,209.29,81.44,198.01,0.6166,-1,-1,-1
88,7,742.55,187.12,56.01,176.93,0.3602,-1,-1,-1
88,6,18.29,710.11,75.08,226.01,0.7287,-1,-1,-1
88,5,1357.26,572.69,84.15,216.18,0.5495,-1,-1,-1
88,4,1720.67,460.20,74.91,206.26,0.6468,-1,-1,-1
88,3,1170.85,960.27,84.24,119.73,0.7422,-1,-1,-1
88,2,101.98,546.32,73.59,246.26,0.7177,-1,-1,-1
88,1,413.71,315.42,85.08,220.09,0.7855,-1,-1,-1
89,18,391.61,861.75,103.76,218.25,0.8131,-1,-1,-1
89,11,975.57,193.66,64.01,184.82,0.4931,-1,-1,-1
89,8,497.46,208.00,83.20,199.63,0.6147,-1,-1,-1
89,6,17.83,705.36,76.94,227.85,0.7358,-1,-1,-1
89,5,1357.11,573.79,84.55,218.18,0.5392,-1,-1,-1
89,4,1720.08,458.91,74.97,207.55,0.6361,-1,-1,-1
89,3,1171.28,959.80,81.33,120.11,0.7522,-1,-1,-1
89,2,101.94,546.36,73.56,245.52,0.7233,-1,-1,-1
89,1,413.97,313.78,84.70,220.15,0.7766,-1,-1,-1
90,18,392.60,860.24,102.75,219.76,0.8173,-1,-1,-1
90,11,974.26,195.52,64.94,184.54,0.4124,-1,-1,-1
90,8,499.11,207.24,84.18,198.86,0.5991,-1,-1,-1
90,6,20.49,703.92,74.21,227.98,0.7339,-1,-1,-1
90,5,1356.81,573.05,82.91,216.33,0.5371,-1,-1,-1
90,4,1720.44,459.44,74.39,206.66,0.6227,-1,-1,-1
90,3,1170.62,958.52,80.90,121.48,0.7640,-1,-1,-1
90,2,101.72,546.69,73.82,245.18,0.7134,-1,-1,-1
90,1,414.98,312.43,84.22,220.54,0.7463,-1,-1,-1
91,18,391.93,857.82,104.33,222.18,0.8023,-1,-1,-1
91,11,974.14,193.28,62.93,183.79,0.3692,-1,-1,-1
91,8,501.97,208.55,78.69,199.15,0.5637,-1,-1,-1
91,6,21.32,700.77,73.82,226.91,0.7229,-1,-1,-1
91,5,1356.77,571.87,83.87,220.23,0.5257,-1,-1,-1
91,4,1720.18,460.33,74.64,206.58,0.6289,-1,-1,-1
91,3,1169.32,957.26,80.83,122.74,0.7737,-1,-1,-1
91,2,102.18,546.95,73.60,244.69,0.7042,-1,-1,-1
91,1,416.36,311.01,82.10,223.23,0.7442,-1,-1,-1
92,18,392.74,854.20,102.55,225.80,0.7953,-1,-1,-1
92,11,972.43,195.92,63.00,182.84,0.3984,-1,-1,-1
92,8,500.13,212.46,79.56,195.05,0.5911,-1,-1,-1
92,6,22.39,696.64,72.10,229.75,0.7176,-1,-1,-1
92,5,1357.29,572.32,82.88,215.73,0.5328,-1,-1,-1
92,4,1720.83,459.97,74.49,206.87,0.6310,-1,-1,-1
92,3,1169.10,956.92,78.99,123.08,0.7608,-1,-1,-1
92,2,102.20,546.66,73.37,245.12,0.7011,-1,-1,-1
92,1,416.72,310.93,82.52,224.01,0.7394,-1,-1,-1
93,18,393.81,850.90,102.77,229.10,0.8024,-1,-1,-1
93,11,973.01,195.25,61.90,186.72,0.3527,-1,-1,-1
93,8,501.60,208.99,78.88,198.75,0.5532,-1,-1,-1
93,6,23.57,698.37,71.16,225.28,0.7093,-1,-1,-1
93,5,1356.89,571.89,82.76,216.46,0.5182,-1,-1,-1
93,4,1720.72,459.99,74.73,206.37,0.6208,-1,-1,-1
93,3,1168.12,956.72,78.35,123.28,0.7792,-1,-1,-1
93,2,102.21,547.05,72.88,244.77,0.6920,-1,-1,-1
93,1,417.13,309.78,82.43,225.06,0.7306,-1,-1,-1
94,18,394.27,849.02,102.69,230.98,0.7916,-1,-1,-1
94,11,972.00,197.21,61.92,186.10,0.3334,-1,-1,-1
94,8,501.33,211.07,77.60,199.17,0.5256,-1,-1,-1
94,6,23.58,697.39,70.81,224.67,0.7143,-1,-1,-1
94,5,1356.89,572.43,83.58,217.32,0.4741,-1,-1,-1
94,4,1721.64,460.19,74.37,207.11,0.6233,-1,-1,-1
94,3,1167.29,955.50,76.77,124.50,0.7913,-1,-1,-1
94,2,102.16,547.14,73.65,244.60,0.6883,-1,-1,-1
94,1,417.10,309.21,82.44,225.01,0.7310,-1,-1,-1
95,18,395.23,843.61,100.99,236.39,0.7974,-1,-1,-1
95,11,971.05,197.34,61.63,188.63,0.3203,-1,-1,-1
95,8,503.56,213.34,76.10,199.27,0.4969,-1,-1,-1
95,6,25.47,696.37,68.96,226.38,0.7151,-1,-1,-1
95,5,1356.82,573.80,83.39,216.16,0.4456,-1,-1,-1
95,4,1721.78,460.02,73.29,206.96,0.6117,-1,-1,-1
95,3,1165.52,953.64,77.71,126.36,0.7874,-1,-1,-1
95,2,101.91,547.11,73.77,244.34,0.6853,-1,-1,-1
95,1,416.41,307.95,82.91,226.95,0.7427,-1,-1,-1
96,20,1170.26,155.97,89.21,167.17,0.3009,-1,-1,-1
96,18,395.22,841.38,100.58,238.62,0.8076,-1,-1,-1
96,11,968.47,199.74,61.11,190.27,0.4080,-1,-1,-1
96,8,507.82,211.69,78.64,204.47,0.5504,-1,-1,-1
96,6,26.10,694.04,68.36,229.60,0.7193,-1,-1,-1
96,5,1356.86,573.34,84.72,221.65,0.4978,-1,-1,-1
96,4,1721.56,458.95,73.70,207.10,0.6219,-1,-1,-1
96,3,1164.86,953.17,75.91,126.83,0.7955,-1,-1,-1
96,2,101.76,546.88,73.61,243.92,0.6778,-1,-1,-1
96,1,417.74,307.31,84.03,227.08,0.7600,-1,-1,-1
97,18,395.46,841.32,98.20,238.68,0.8020,-1,-1,-1
97,11,966.42,199.35,61.16,190.94,0.3787,-1,-1,-1
97,8,509.99,213.51,74.78,204.47,0.5288,-1,-1,-1
97,6,25.39,693.24,69.16,228.82,0.7185,-1,-1,-1
97,5,1356.53,572.37,83.77,221.49,0.5215,-1,-1,-1
97,4,1721.80,459.47,74.11,207.82,0.6386,-1,-1,-1
97,3,1163.28,951.47,74.93,128.53,0.7830,-1,-1,-1
97,2,101.97,546.98,73.43,245.01,0.6833,-1,-1,-1
97,1,417.50,306.80,83.25,227.40,0.7582,-1,-1,-1
98,18,395.08,839.09,97.13,240.91,0.8025,-1,-1,-1
98,11,964.52,199.72,62.18,190.14,0.4792,-1,-1,-1
98,8,511.13,214.35,73.17,204.55,0.5613,-1,-1,-1
98,6,25.82,692.83,69.04,229.32,0.7197,-1,-1,-1
98,5,1357.20,573.21,81.68,217.89,0.5183,-1,-1,-1
98,4,1721.98,455.56,73.92,211.84,0.6372,-1,-1,-1
98,3,1160.97,949.23,76.28,130.77,0.7766,-1,-1,-1
98,2,101.74,546.75,73.51,244.77,0.6731,-1,-1,-1
98,1,418.34,305.11,82.64,229.26,0.7627,-1,-1,-1
99,20,1165.42,159.85,89.88,163.61,0.3311,-1,-1,-1
99,18,394.71,833.93,97.09,246.07,0.8040,-1,-1,-1
99,11,962.72,200.41,61.60,189.58,0.4278,-1,-1,-1
99,8,512.77,214.50,70.76,204.41,0.5247,-1,-1,-1
99,6,26.58,692.13,69.15,228.98,0.7220,-1,-1,-1
99,5,1357.10,573.61,81.89,212.82,0.5439,-1,-1,-1
99,4,1722.21,459.49,73.55,208.05,0.6248,-1,-1,-1
99,3,1159.59,946.32,76.82,133.68,0.7661,-1,-1,-1
99,2,101.68,546.41,73.56,245.26,0.6740,-1,-1,-1
99,1,418.62,305.12,83.35,228.73,0.7623,-1,-1,-1
100,20,1167.03,161.52,88.71,161.81,0.3744,-1,-1,-1
100,18,393.55,831.84,97.18,248.16,0.7951,-1,-1,-1
100,11,961.49,201.60,60.45,188.09,0.4511,-1,-1,-1
100,8,511.25,213.68,70.58,207.10,0.4418,-1,-1,-1
100,6,26.61,690.05,70.39,230.01,0.7321,-1,-1,-1
100,5,1356.86,574.20,82.31,214.35,0.5219,-1,-1,-1
100,4,1721.85,459.52,73.76,207.85,0.6092,-1,-1,-1
100,3,1158.88,946.13,74.76,133.87,0.7549,-1,-1,-1
100,2,101.95,545.05,72.98,248.72,0.6635,-1,-1,-1
100,1,419.79,303.19,82.98,229.36,0.7518,-1,-1,-1
101,21,477.68,133.39,57.83,199.76,0.3147,-1,-1,-1
101,20,1167.74,163.25,84.07,160.31,0.3462,-1,-1,-1
101,18,391.68,830.40,98.01,249.60,0.7904,-1,-1,-1
101,11,960.30,202.06,60.17,183.25,0.4394,-1,-1,-1
101,8,511.80,217.01,71.85,207.46,0.5113,-1,-1,-1
101,6,28.33,687.73,69.69,226.09,0.7360,-1,-1,-1
101,5,1356.85,574.50,82.47,214.68,0.5131,-1,-1,-1
101,4,1721.71,459.76,74.21,207.86,0.6193,-1,-1,-1
101,3,1157.14,945.54,74.70,133.75,0.7602,-1,-1,-1
101,2,102.13,545.02,73.16,248.63,0.6691,-1,-1,-1
101,1,419.90,302.24,83.52,229.51,0.7660,-1,-1,-1
102,21,477.82,135.92,58.22,194.73,0.3717,-1,-1,-1
102,18,390.23,827.13,99.37,252.87,0.7981,-1,-1,-1
102,11,957.27,203.49,60.76,183.40,0.4930,-1,-1,-1
102,8,512.19,217.45,72.32,207.31,0.5148,-1,-1,-1
102,6,28.21,685.06,70.18,223.61,0.7533,-1,-1,-1
102,5,1356.90,574.26,82.63,217.51,0.5021,-1,-1,-1
102,4,1721.98,460.11,73.36,207.01,0.6224,-1,-1,-1
102,3,1156.16,944.03,72.97,134.60,0.7409,-1,-1,-1
102,2,102.41,544.66,73.30,248.71,0.6745,-1,-1,-1
102,1,420.74,299.91,82.49,229.73,0.7644,-1,-1,-1
103,18,388.36,825.73,101.14,254.27,0.7944,-1,-1,-1
103,11,954.23,200.34,61.15,185.26,0.4965,-1,-1,-1
103,8,511.14,216.50,74.43,210.33,0.5130,-1,-1,-1
103,6,30.92,684.33,68.94,219.20,0.7641,-1,-1,-1
103,5,1357.39,573.76,82.99,218.51,0.4881,-1,-1,-1
103,4,1721.04,459.89,74.53,206.52,0.6110,-1,-1,-1
103,3,1154.52,941.02,72.13,137.63,0.7410,-1,-1,-1
103,2,102.40,544.73,73.07,249.26,0.6718,-1,-1,-1
103,1,420.41,299.08,82.64,227.70,0.7478,-1,-1,-1
104,18,386.88,822.75,102.19,257.25,0.8052,-1,-1,-1
104,11,952.68,201.49,60.89,184.95,0.4648,-1,-1,-1
104,8,512.58,216.48,76.90,209.71,0.5278,-1,-1,-1
104,6,32.67,682.01,68.13,219.99,0.7643,-1,-1,-1
104,5,1357.28,574.34,83.20,219.12,0.4486,-1,-1,-1
104,4,1721.67,459.10,73.03,206.85,0.6162,-1,-1,-1
104,3,1151.98,941.69,70.95,137.06,0.7273,-1,-1,-1
104,2,102.75,543.94,72.95,250.24,0.6567,-1,-1,-1
104,1,421.13,299.37,81.29,224.09,0.7410,-1,-1,-1
105,21,477.34,143.19,56.64,185.22,0.3206,-1,-1,-1
105,18,386.66,821.43,102.18,258.57,0.8103,-1,-1,-1
105,11,950.64,200.84,60.56,187.50,0.4982,-1,-1,-1
105,8,514.53,221.75,73.41,204.09,0.5061,-1,-1,-1
105,6,35.42,681.13,67.89,222.32,0.7763,-1,-1,-1
105,5,1356.99,574.20,85.59,226.63,0.4627,-1,-1,-1
105,4,1721.11,458.75,74.73,207.06,0.6148,-1,-1,-1
105,3,1150.93,940.66,69.48,137.43,0.7222,-1,-1,-1
105,2,102.76,544.46,73.22,249.60,0.6829,-1,-1,-1
105,1,420.53,298.26,82.53,218.70,0.7366,-1,-1,-1
106,18,385.45,819.28,102.54,260.72,0.8043,-1,-1,-1
106,11,949.08,201.38,59.68,186.22,0.5160,-1,-1,-1
106,8,513.91,219.67,73.54,205.51,0.4992,-1,-1,-1
106,6,35.84,679.88,71.10,222.94,0.7827,-1,-1,-1
106,5,1357.15,574.43,82.12,218.35,0.4964,-1,-1,-1
106,4,1721.33,459.87,73.84,206.71,0.6220,-1,-1,-1
106,3,1149.87,939.87,68.78,138.87,0.7098,-1,-1,-1
106,2,103.00,546.00,73.19,248.29,0.6617,-1,-1,-1
106,1,421.40,296.96,81.56,215.40,0.7385,-1,-1,-1
107,18,385.63,818.11,101.00,261.89,0.8076,-1,-1,-1
107,11,949.45,204.79,58.38,186.59,0.5247,-1,-1,-1
107,8,514.09,224.09,72.27,201.33,0.5120,-1,-1,-1
107,6,36.01,679.19,76.84,222.49,0.7871,-1,-1,-1
107,5,1356.83,574.32,85.06,223.73,0.4665,-1,-1,-1
107,4,1720.93,459.61,74.44,206.82,0.6308,-1,-1,-1
107,3,1147.49,938.26,70.74,140.56,0.7247,-1,-1,-1
107,2,103.22,546.27,73.28,248.97,0.6631,-1,-1,-1
107,1,420.83,295.64,81.72,215.67,0.7489,-1,-1,-1
108,20,1162.63,153.16,56.91,169.53,0.3970,-1,-1,-1
108,18,385.81,816.39,100.40,263.61,0.8065,-1,-1,-1
108,11,946.07,205.61,60.55,189.70,0.5481,-1,-1,-1
108,8,515.52,223.85,67.57,202.07,0.4524,-1,-1,-1
108,6,36.97,676.87,81.23,225.25,0.8082,-1,-1,-1
108,5,1356.84,575.26,85.39,221.31,0.4991,-1,-1,-1
108,4,1720.84,459.07,74.34,207.20,0.6401,-1,-1,-1
108,3,1145.56,938.11,71.10,140.21,0.7298,-1,-1,-1
108,2,102.98,545.89,73.92,250.72,0.6416,-1,-1,-1
108,1,420.77,294.27,82.01,216.70,0.7383,-1,-1,-1
109,20,1160.95,153.23,56.78,167.26,0.3705,-1,-1,-1
109,18,385.73,810.97,99.67,269.03,0.8131,-1,-1,-1
109,11,945.58,204.56,59.13,188.13,0.6071,-1,-1,-1
109,8,515.73,225.35,67.29,200.63,0.4467,-1,-1,-1
109,6,38.15,676.29,78.62,225.65,0.8145,-1,-1,-1
109,5,1356.53,575.65,82.76,215.96,0.5245,-1,-1,-1
109,4,1721.92,458.64,72.77,206.27,0.6151,-1,-1,-1
109,3,1143.58,937.11,71.35,142.16,0.7533,-1,-1,-1
109,2,102.97,545.46,73.39,251.79,0.6548,-1,-1,-1
109,1,419.36,294.01,83.97,216.51,0.7413,-1,-1,-1
110,20,1158.12,149.77,58.39,174.13,0.3678,-1,-1,-1
110,18,386.41,805.44,98.14,274.56,0.8169,-1,-1,-1
110,11,944.85,206.03,57.42,186.53,0.6181,-1,-1,-1
110,8,513.96,227.67,64.23,197.87,0.4354,-1,-1,-1
110,6,38.98,673.47,89.04,226.44,0.7994,-1,-1,-1
110,5,1356.71,576.27,84.41,218.11,0.5024,-1,-1,-1
110,4,1721.43,459.48,73.75,208.00,0.6224,-1,-1,-1
110,3,1140.56,936.91,72.74,142.84,0.7566,-1,-1,-1
110,2,102.99,544.86,73.63,254.96,0.6552,-1,-1,-1
110,1,419.29,291.33,84.77,219.13,0.7467,-1,-1,-1
111,20,1154.13,149.79,56.26,169.98,0.3393,-1,-1,-1
111,18,387.92,801.34,97.24,278.66,0.8207,-1,-1,-1
111,11,942.66,207.05,59.30,187.00,0.6484,-1,-1,-1
111,8,516.37,227.57,73.75,199.42,0.5173,-1,-1,-1
111,6,41.41,671.44,90.72,226.20,0.7702,-1,-1,-1
111,5,1356.85,575.83,81.55,212.64,0.5081,-1,-1,-1
111,4,1721.96,456.04,73.47,210.78,0.5936,-1,-1,-1
111,3,1138.29,936.04,73.27,143.96,0.7606,-1,-1,-1
111,2,102.70,544.72,73.39,255.38,0.6583,-1,-1,-1
111,1,419.98,288.79,84.92,222.63,0.7341,-1,-1,-1
112,20,1151.25,149.73,59.44,168.63,0.4271,-1,-1,-1
112,18,388.71,799.88,96.01,275.89,0.8148,-1,-1,-1
112,11,940.72,209.67,59.48,185.03,0.6367,-1,-1,-1
112,8,517.56,231.28,73.89,198.00,0.5553,-1,-1,-1
112,6,43.86,670.39,89.85,225.95,0.7174,-1,-1,-1
112,5,1357.35,574.97,81.12,211.68,0.5605,-1,-1,-1
112,4,1721.99,456.48,73.78,210.72,0.6127,-1,-1,-1
112,3,1138.15,934.72,72.36,145.28,0.7561,-1,-1,-1
112,2,103.15,544.74,72.61,254.84,0.6414,-1,-1,-1
112,1,419.19,287.84,84.94,223.15,0.7348,-1,-1,-1
113,20,1146.36,150.63,63.50,166.76,0.4302,-1,-1,-1
113,18,388.46,797.68,95.88,271.43,0.8059,-1,-1,-1
113,11,940.38,210.13,57.94,185.23,0.6518,-1,-1,-1
113,8,518.05,233.49,73.41,198.31,0.5480,-1,-1,-1
113,6,46.10,670.39,79.68,224.97,0.6615,-1,-1,-1
113,5,1356.63,575.38,83.74,216.97,0.5355,-1,-1,-1
113,4,1721.69,460.41,73.81,205.24,0.6321,-1,-1,-1
113,3,1134.97,934.44,73.89,145.56,0.7561,-1,-1,-1
113,2,103.75,545.66,71.94,251.55,0.6696,-1,-1,-1
113,1,420.23,287.18,85.12,224.16,0.7437,-1,-1,-1
114,21,475.63,154.52,60.17,178.28,0.3257,-1,-1,-1
114,20,1132.89,149.86,75.63,167.38,0.3072,-1,-1,-1
114,18,389.15,794.11,95.84,270.50,0.8079,-1,-1,-1
114,11,937.05,209.46,58.66,185.69,0.6028,-1,-1,-1
114,8,519.63,235.26,74.34,201.44,0.5681,-1,-1,-1
114,6,48.46,667.98,82.04,226.25,0.6566,-1,-1,-1
114,5,1356.96,575.29,81.98,215.27,0.5363,-1,-1,-1
114,4,1721.76,456.26,73.70,210.87,0.6197,-1,-1,-1
114,3,1133.13,933.47,73.29,146.53,0.7547,-1,-1,-1
114,2,103.66,545.48,72.09,251.19,0.6596,-1,-1,-1
114,1,419.63,286.21,87.25,223.18,0.7351,-1,-1,-1
115,21,476.32,154.89,58.78,175.61,0.3448,-1,-1,-1
115,18,389.28,790.67,98.13,269.54,0.8049,-1,-1,-1
115,11,937.32,210.52,57.05,183.76,0.6124,-1,-1,-1
115,8,521.59,236.41,74.99,201.55,0.6077,-1,-1,-1
115,6,53.60,665.83,81.46,227.41,0.6841,-1,-1,-1
115,5,1357.01,574.85,82.91,213.97,0.5490,-1,-1,-1
115,4,1721.55,456.79,74.53,210.84,0.6517,-1,-1,-1
115,3,1128.94,933.97,75.81,146.03,0.7633,-1,-1,-1
115,2,103.93,545.34,71.35,253.24,0.6313,-1,-1,-1
115,1,420.15,286.89,86.92,222.39,0.7587,-1,-1,-1
116,21,474.89,153.27,60.85,178.02,0.3677,-1,-1,-1
116,20,1116.77,149.86,85.84,169.23,0.3418,-1,-1,-1
116,18,390.69,788.31,98.77,272.54,0.8108,-1,-1,-1
116,11,934.96,211.04,58.58,182.31,0.5616,-1,-1,-1
116,8,519.99,235.21,74.53,203.22,0.5904,-1,-1,-1
116,6,59.57,664.82,76.09,220.70,0.6925,-1,-1,-1
116,5,1356.42,574.91,83.99,218.33,0.5442,-1,-1,-1
116,4,1721.68,460.71,73.77,206.24,0.6297,-1,-1,-1
116,3,1126.62,934.38,75.19,145.55,0.7660,-1,-1,-1
116,2,103.34,546.49,70.80,247.07,0.5932,-1,-1,-1
116,1,419.40,285.66,87.19,223.73,0.7554,-1,-1,-1
117,20,1108.69,146.62,90.74,173.78,0.3494,-1,-1,-1
117,18,390.21,787.18,100.08,272.09,0.8087,-1,-1,-1
117,11,934.43,210.80,56.21,180.47,0.5329,-1,-1,-1
117,8,520.28,236.05,74.09,203.65,0.5523,-1,-1,-1
117,6,67.90,664.90,73.44,216.21,0.7182,-1,-1,-1
117,5,1356.01,576.01,84.93,221.73,0.5567,-1,-1,-1
117,4,1721.26,459.62,74.24,206.64,0.6431,-1,-1,-1
117,3,1124.26,934.32,76.00,145.04,0.7593,-1,-1,-1
117,2,103.27,545.88,70.81,244.77,0.5549,-1,-1,-1
117,1,419.81,285.30,86.83,223.92,0.7546,-1,-1,-1
118,20,1107.81,146.80,89.26,173.31,0.3865,-1,-1,-1
118,18,390.20,785.34,101.59,276.08,0.7998,-1,-1,-1
118,11,929.99,211.27,59.37,183.83,0.5609,-1,-1,-1
118,8,519.92,235.09,74.50,207.58,0.5837,-1,-1,-1
118,6,72.26,666.77,70.69,211.15,0.6107,-1,-1,-1
118,5,1356.64,576.09,83.55,213.71,0.5140,-1,-1,-1
118,4,1721.53,459.88,73.85,206.48,0.6523,-1,-1,-1
118,3,1121.02,934.18,77.86,145.60,0.7776,-1,-1,-1
118,2,98.78,545.03,75.36,246.82,0.5335,-1,-1,-1
118,1,420.85,284.95,85.44,223.76,0.7446,-1,-1,-1
119,21,478.51,160.83,56.04,170.74,0.3114,-1,-1,-1
119,20,1104.62,145.77,91.39,175.22,0.4330,-1,-1,-1
119,18,392.48,784.16,100.34,274.48,0.8012,-1,-1,-1
119,11,930.88,210.41,55.95,186.24,0.5357,-1,-1,-1
119,8,520.10,237.23,72.48,207.27,0.6031,-1,-1,-1
119,6,77.12,669.53,72.24,208.37,0.5400,-1,-1,-1
119,5,1356.87,575.70,83.28,217.86,0.4828,-1,-1,-1
119,4,1720.63,459.55,75.17,206.91,0.6540,-1,-1,-1
119,3,1117.73,934.24,78.31,145.76,0.7949,-1,-1,-1
119,2,99.06,546.38,75.43,256.22,0.5138,-1,-1,-1
119,1,420.69,284.66,85.29,223.68,0.7466,-1,-1,-1
120,20,1102.82,146.25,92.43,174.14,0.4382,-1,-1,-1
120,18,392.68,782.94,100.58,274.81,0.8033,-1,-1,-1
120,11,929.25,211.12,56.81,186.69,0.5363,-1,-1,-1
120,8,521.04,240.81,71.10,202.07,0.5786,-1,-1,-1
120,6,81.84,666.26,68.96,207.63,0.5924,-1,-1,-1
120,5,1356.39,577.54,83.11,211.59,0.4812,-1,-1,-1
120,4,1720.85,459.89,75.11,206.97,0.6276,-1,-1,-1
120,3,1114.10,933.54,78.84,146.46,0.7978,-1,-1,-1
120,2,99.19,545.40,75.10,257.31,0.5082,-1,-1,-1
120,1,420.97,284.01,84.88,224.57,0.7468,-1,-1,-1
121,22,625.39,750.18,57.10,170.53,0.3399,-1,-1,-1
121,21,479.10,166.04,54.39,163.25,0.3195,-1,-1,-1
121,20,1104.52,145.86,85.80,173.40,0.4002,-1,-1,-1
121,18,392.83,780.32,101.07,276.74,0.8022,-1,-1,-1
121,11,926.79,211.28,57.70,186.96,0.4909,-1,-1,-1
121,8,521.98,242.99,67.41,199.17,0.5770,-1,-1,-1
121,6,80.84,663.81,72.97,212.04,0.6927,-1,-1,-1
121,5,1356.48,575.88,82.67,212.93,0.5522,-1,-1,-1
121,4,1721.81,455.60,73.86,211.54,0.6353,-1,-1,-1
121,3,1110.23,932.74,80.05,147.26,0.7761,-1,-1,-1
121,2,100.33,544.56,74.20,244.98,0.4923,-1,-1,-1
121,1,421.14,281.83,83.93,225.27,0.7512,-1,-1,-1
122,22,625.81,751.22,57.37,168.43,0.3503,-1,-1,-1
122,20,1105.67,145.33,82.47,172.73,0.3583,-1,-1,-1
122,18,392.41,779.98,102.06,276.78,0.7995,-1,-1,-1
122,11,926.15,211.24,55.79,187.10,0.4256,-1,-1,-1
122,8,520.95,242.31,66.43,199.56,0.5996,-1,-1,-1
122,6,83.81,660.97,76.67,214.32,0.6641,-1,-1,-1
122,5,1356.69,576.06,84.24,217.05,0.4780,-1,-1,-1
122,4,1720.26,459.81,75.71,206.86,0.6479,-1,-1,-1
122,3,1106.34,932.39,80.59,147.61,0.7837,-1,-1,-1
122,2,102.46,546.63,70.66,207.87,0.4591,-1,-1,-1
122,1,421.33,281.19,84.08,223.26,0.7521,-1,-1,-1
123,22,625.48,752.37,57.02,167.40,0.3276,-1,-1,-1
123,20,1107.26,144.76,75.55,172.70,0.3435,-1,-1,-1
123,18,392.22,778.48,102.14,276.79,0.7933,-1,-1,-1
123,11,925.67,209.56,56.02,189.14,0.4608,-1,-1,-1
123,8,521.59,244.69,66.35,196.39,0.5734,-1,-1,-1
123,6,84.34,658.88,77.03,215.06,0.6610,-1,-1,-1
123,5,1356.51,576.50,84.01,212.40,0.5540,-1,-1,-1
123,4,1720.91,458.94,75.55,207.85,0.6469,-1,-1,-1
123,3,1104.63,931.49,79.44,148.04,0.7825,-1,-1,-1
123,2,102.75,546.26,70.41,207.10,0.4804,-1,-1,-1
123,1,422.31,280.28,82.79,220.51,0.7330,-1,-1,-1
124,20,1105.37,143.20,72.31,171.92,0.3047,-1,-1,-1
124,18,393.35,778.17,102.79,273.54,0.7934,-1,-1,-1
124,11,922.63,209.97,57.12,188.55,0.4639,-1,-1,-1
124,8,522.63,244.66,69.32,197.82,0.5242,-1,-1,-1
124,6,92.14,656.67,70.75,217.50,0.5096,-1,-1,-1
124,5,1356.82,576.31,83.52,214.76,0.5143,-1,-1,-1
124,4,1720.74,459.63,75.33,206.71,0.6137,-1,-1,-1
124,3,1101.02,929.85,79.57,149.55,0.7832,-1,-1,-1
124,2,102.02,544.96,71.19,214.90,0.3543,-1,-1,-1
124,1,422.28,279.00,82.48,217.29,0.7284,-1,-1,-1
125,20,1106.04,141.45,68.86,173.73,0.3247,-1,-1,-1
125,18,393.26,775.01,101.82,276.32,0.7895,-1,-1,-1
125,11,920.99,210.52,56.12,188.76,0.4718,-1,-1,-1
125,8,522.77,247.56,67.26,190.46,0.5251,-1,-1,-1
125,6,97.32,653.13,64.89,221.10,0.4099,-1,-1,-1
125,5,1357.10,575.77,83.01,215.05,0.4869,-1,-1,-1
125,4,1720.94,457.95,74.68,208.93,0.6329,-1,-1,-1
125,3,1097.23,929.75,80.21,150.11,0.7885,-1,-1,-1
125,2,102.39,545.20,70.60,210.36,0.3387,-1,-1,-1
125,1,422.82,278.34,81.66,213.31,0.7079,-1,-1,-1
126,20,1104.98,140.82,62.66,172.20,0.3627,-1,-1,-1
126,18,393.42,770.02,98.87,279.15,0.8007,-1,-1,-1
126,11,919.91,211.09,53.48,189.14,0.4829,-1,-1,-1
126,8,523.14,248.66,67.83,192.12,0.5492,-1,-1,-1
126,5,1357.59,575.94,82.03,212.37,0.5259,-1,-1,-1
126,4,1720.38,458.54,74.97,208.88,0.6346,-1,-1,-1
126,3,1093.75,929.10,80.97,150.43,0.8040,-1,-1,-1
126,2,102.58,543.50,70.13,163.36,0.3044,-1,-1,-1
126,1,421.69,277.41,82.47,213.64,0.7058,-1,-1,-1
127,20,1105.44,141.03,57.10,172.78,0.3619,-1,-1,-1
127,18,394.23,765.46,96.22,276.48,0.7937,-1,-1,-1
127,11,918.62,210.82,53.53,189.10,0.4226,-1,-1,-1
127,8,523.94,252.03,67.07,188.51,0.5626,-1,-1,-1
127,6,103.20,544.31,72.94,321.23,0.3014,-1,-1,-1
127,5,1357.56,576.70,82.67,213.69,0.5202,-1,-1,-1
127,4,1721.00,459.08,74.77,207.42,0.6575,-1,-1,-1
127,3,1090.55,929.09,82.56,150.91,0.8076,-1,-1,-1
127,1,422.77,276.99,80.52,213.54,0.6877,-1,-1,-1
128,20,1100.69,140.75,59.33,172.28,0.3974,-1,-1,-1
128,18,393.46,760.88,97.88,276.11,0.7918,-1,-1,-1
128,11,914.41,212.42,55.30,189.68,0.4353,-1,-1,-1
128,8,524.81,254.48,65.49,188.55,0.5367,-1,-1,-1
128,5,1357.19,576.71,83.03,214.99,0.5055,-1,-1,-1
128,4,1720.95,459.25,75.38,207.00,0.6282,-1,-1,-1
128,3,1087.74,928.11,81.29,151.51,0.7922,-1,-1,-1
128,2,102.61,543.62,70.61,155.38,0.3952,-1,-1,-1
128,1,422.48,276.45,80.05,213.19,0.6688,-1,-1,-1
129,18,395.78,756.29,94.88,270.70,0.7937,-1,-1,-1
129,11,911.55,213.24,56.57,187.17,0.4731,-1,-1,-1
129,8,525.46,255.13,64.08,192.44,0.5923,-1,-1,-1
129,6,102.56,540.76,72.39,249.25,0.3534,-1,-1,-1
129,5,1365.05,575.70,78.04,221.49,0.4777,-1,-1,-1
129,4,1720.76,458.30,74.93,206.44,0.6354,-1,-1,-1
129,3,1085.82,927.66,80.91,151.75,0.7887,-1,-1,-1
129,1,419.00,275.70,81.12,216.80,0.6899,-1,-1,-1
130,22,624.91,752.05,57.24,165.83,0.3088,-1,-1,-1
130,18,397.11,754.33,93.23,264.55,0.7504,-1,-1,-1
130,11,904.27,214.47,63.28,186.49,0.4832,-1,-1,-1
130,8,527.37,257.61,61.33,193.33,0.5550,-1,-1,-1
130,6,102.85,544.11,71.60,244.80,0.5555,-1,-1,-1
130,5,1358.82,575.50,83.19,217.61,0.4890,-1,-1,-1
130,4,1721.41,458.37,74.44,207.90,0.6125,-1,-1,-1
130,3,1082.02,926.88,82.04,152.23,0.7803,-1,-1,-1
130,1,418.87,273.89,81.20,218.67,0.7042,-1,-1,-1
131,18,395.99,752.41,93.20,263.24,0.7422,-1,-1,-1
131,11,900.83,214.16,64.48,186.42,0.4995,-1,-1,-1
131,8,528.10,257.20,60.94,200.51,0.5050,-1,-1,-1
131,6,103.02,543.40,71.63,244.23,0.6451,-1,-1,-1
131,5,1360.67,576.85,81.29,214.16,0.5041,-1,-1,-1
131,4,1721.32,459.12,74.22,207.02,0.6176,-1,-1,-1
131,3,1080.88,926.91,80.44,151.17,0.7587,-1,-1,-1
131,1,420.39,272.86,79.72,219.16,0.6626,-1,-1,-1
132,20,1090.13,139.91,57.93,169.33,0.3921,-1,-1,-1
132,18,393.50,750.12,94.36,265.95,0.7529,-1,-1,-1
132,11,900.13,212.91,67.22,187.88,0.4835,-1,-1,-1
132,8,529.61,252.24,62.56,205.88,0.5009,-1,-1,-1
132,6,102.57,544.54,73.55,246.01,0.5842,-1,-1,-1
132,5,1359.35,576.16,81.62,215.16,0.5141,-1,-1,-1
132,4,1721.35,459.31,74.26,207.02,0.6174,-1,-1,-1
132,3,1079.86,927.63,80.77,150.69,0.7711,-1,-1,-1
132,1,419.24,273.10,81.08,219.41,0.6495,-1,-1,-1
133,25,574.52,247.78,55.58,181.98,0.3166,-1,-1,-1
133,20,1082.60,140.07,59.72,169.55,0.3848,-1,-1,-1
133,18,389.96,749.05,98.22,265.53,0.7542,-1,-1,-1
133,11,900.14,210.44,67.55,192.12,0.4768,-1,-1,-1
133,8,530.92,252.75,60.35,207.34,0.5161,-1,-1,-1
133,6,102.30,544.77,74.55,245.59,0.5375,-1,-1,-1
133,5,1357.67,576.80,83.85,213.83,0.4921,-1,-1,-1
133,4,1720.85,458.74,74.68,206.64,0.6036,-1,-1,-1
133,3,1078.16,927.67,80.80,150.90,0.7793,-1,-1,-1
133,1,418.57,271.99,81.45,219.84,0.6420,-1,-1,-1
134,25,575.11,246.13,54.48,184.26,0.4136,-1,-1,-1
134,20,1074.02,139.44,68.53,171.87,0.4332,-1,-1,-1
134,18,388.78,748.15,98.93,266.01,0.7698,-1,-1,-1
134,11,899.03,211.91,66.36,190.04,0.4615,-1,-1,-1
134,8,531.54,255.49,57.22,203.08,0.5157,-1,-1,-1
134,6,102.26,545.34,76.14,233.91,0.5149,-1,-1,-1
134,5,1358.57,575.63,83.64,217.09,0.4819,-1,-1,-1
134,4,1721.11,459.66,74.08,206.98,0.5937,-1,-1,-1
134,3,1076.25,927.15,78.78,150.69,0.7850,-1,-1,-1
134,1,418.12,273.03,81.40,218.51,0.6426,-1,-1,-1
135,25,575.94,247.02,54.12,184.86,0.4340,-1,-1,-1
135,20,1057.39,140.47,82.82,172.64,0.4568,-1,-1,-1
135,18,388.98,745.71,98.35,268.67,0.7788,-1,-1,-1
135,11,898.92,210.78,66.19,191.59,0.4350,-1,-1,-1
135,8,530.32,259.12,57.92,202.76,0.5556,-1,-1,-1
135,6,101.34,542.61,77.86,241.90,0.6190,-1,-1,-1
135,5,1358.07,575.91,84.39,217.34,0.5092,-1,-1,-1
135,4,1720.17,458.37,75.21,207.83,0.5994,-1,-1,-1
135,3,1074.87,926.38,79.12,151.76,0.7817,-1,-1,-1
135,1,415.72,271.15,83.64,219.37,0.6417,-1,-1,-1
136,25,576.18,250.06,53.00,185.65,0.5027,-1,-1,-1
136,20,1045.61,140.66,91.83,170.60,0.5634,-1,-1,-1
136,18,385.29,745.33,102.14,268.40,0.7918,-1,-1,-1
136,11,897.83,212.22,63.10,189.06,0.4134,-1,-1,-1
136,8,530.08,258.69,57.29,202.59,0.5589,-1,-1,-1
136,6,101.73,544.04,75.12,238.62,0.6223,-1,-1,-1
136,5,1362.11,577.01,83.12,221.16,0.4843,-1,-1,-1
136,4,1721.24,458.81,74.38,208.23,0.6121,-1,-1,-1
136,3,1073.40,926.87,76.90,150.54,0.7888,-1,-1,-1
136,1,417.34,270.80,81.41,218.49,0.6724,-1,-1,-1
137,25,574.64,250.64,55.16,185.45,0.4581,-1,-1,-1
137,20,1043.22,138.81,92.05,171.60,0.5818,-1,-1,-1
137,18,384.02,744.94,102.65,268.36,0.7897,-1,-1,-1
137,11,896.51,210.89,61.21,191.61,0.4159,-1,-1,-1
137,8,531.85,255.44,55.99,205.33,0.5878,-1,-1,-1
137,6,101.29,545.11,71.12,236.46,0.5724,-1,-1,-1
137,5,1365.86,577.75,78.73,218.69,0.4571,-1,-1,-1
137,4,1721.16,457.33,74.85,209.06,0.6079,-1,-1,-1
137,3,1071.48,927.35,77.15,149.80,0.7951,-1,-1,-1
137,1,415.92,268.80,82.43,219.25,0.6636,-1,-1,-1
138,26,134.56,638.19,82.45,208.82,0.4311,-1,-1,-1
138,25,574.59,250.98,55.56,184.54,0.4441,-1,-1,-1
138,20,1039.82,140.65,94.46,169.86,0.6013,-1,-1,-1
138,18,383.13,744.84,103.18,267.75,0.7893,-1,-1,-1
138,11,894.92,212.32,53.69,178.82,0.4602,-1,-1,-1
138,8,532.65,255.83,54.47,202.71,0.5918,-1,-1,-1
138,6,101.81,545.40,67.20,236.51,0.5974,-1,-1,-1
138,5,1364.97,577.05,79.76,222.18,0.4475,-1,-1,-1
138,4,1721.00,457.77,74.92,209.12,0.6051,-1,-1,-1
138,3,1070.13,927.66,76.42,149.63,0.7898,-1,-1,-1
138,1,416.14,267.64,81.89,219.50,0.6922,-1,-1,-1
139,26,139.66,636.16,88.76,207.80,0.4477,-1,-1,-1
139,25,574.24,250.83,56.21,183.80,0.4394,-1,-1,-1
139,20,1040.86,140.64,92.20,171.02,0.5912,-1,-1,-1
139,18,382.79,744.56,102.57,266.97,0.7959,-1,-1,-1
139,11,893.13,209.92,60.05,191.16,0.5239,-1,-1,-1
139,8,532.34,259.15,54.85,200.12,0.5747,-1,-1,-1
139,6,101.72,545.44,67.09,238.29,0.6166,-1,-1,-1
139,5,1361.69,576.22,84.25,224.33,0.4683,-1,-1,-1
139,4,1720.65,457.76,75.36,209.16,0.6233,-1,-1,-1
139,3,1068.79,927.35,75.83,149.18,0.7876,-1,-1,-1
139,1,415.70,265.98,81.26,220.98,0.6406,-1,-1,-1
140,27,818.54,249.21,59.16,168.40,0.3097,-1,-1,-1
140,26,143.80,633.70,89.46,206.40,0.4220,-1,-1,-1
140,25,578.26,251.93,53.82,180.03,0.4521,-1,-1,-1
140,20,1039.95,140.79,91.44,171.22,0.5768,-1,-1,-1
140,18,383.99,741.56,101.76,267.34,0.7963,-1,-1,-1
140,11,889.30,210.12,52.62,182.09,0.4706,-1,-1,-1
140,8,531.88,258.00,56.23,202.98,0.6024,-1,-1,-1
140,6,102.13,545.25,65.56,239.40,0.6185,-1,-1,-1
140,5,1358.58,577.04,84.18,212.90,0.5493,-1,-1,-1
140,4,1720.84,458.41,75.16,208.64,0.6352,-1,-1,-1
140,3,1066.90,926.33,76.33,149.72,0.7917,-1,-1,-1
140,1,417.56,267.63,79.31,216.81,0.6140,-1,-1,-1
141,27,818.17,248.39,57.98,169.36,0.3833,-1,-1,-1
141,26,145.08,629.03,88.67,208.03,0.5908,-1,-1,-1
141,25,579.89,249.14,51.52,184.46,0.4784,-1,-1,-1
141,20,1042.22,140.33,85.92,170.19,0.5570,-1,-1,-1
141,18,384.86,739.41,99.94,267.42,0.7963,-1,-1,-1
141,11,886.15,209.54,55.03,187.78,0.5441,-1,-1,-1
141,8,531.75,257.92,55.93,201.91,0.6032,-1,-1,-1
141,6,102.58,545.90,66.19,240.54,0.6445,-1,-1,-1
141,5,1357.53,575.51,86.29,216.69,0.4985,-1,-1,-1
141,4,1721.07,458.33,74.98,207.90,0.6219,-1,-1,-1
141,3,1064.87,924.94,75.90,151.67,0.7871,-1,-1,-1
141,1,416.68,265.05,79.79,216.86,0.6318,-1,-1,-1
142,26,148.94,628.97,83.65,204.72,0.5432,-1,-1,-1
142,25,581.07,249.97,52.36,182.41,0.4965,-1,-1,-1
142,22,624.02,752.03,58.93,168.58,0.3324,-1,-1,-1
142,20,1039.92,140.58,86.56,168.96,0.5949,-1,-1,-1
142,18,387.23,737.17,96.56,268.32,0.7917,-1,-1,-1
142,11,883.05,208.33,54.65,187.39,0.5159,-1,-1,-1
142,8,531.74,257.01,55.92,203.21,0.5994,-1,-1,-1
142,6,103.59,545.95,66.52,241.76,0.6580,-1,-1,-1
142,5,1357.22,575.83,87.03,218.16,0.4819,-1,-1,-1
142,4,1721.45,459.19,74.91,206.88,0.6235,-1,-1,-1
142,3,1064.96,924.63,72.94,152.87,0.7774,-1,-1,-1
142,1,417.07,264.23,78.50,216.58,0.6327,-1,-1,-1
143,26,149.13,629.56,86.22,208.39,0.6519,-1,-1,-1
143,25,581.35,247.27,53.64,187.37,0.4530,-1,-1,-1
143,20,1041.97,137.67,81.94,171.92,0.5702,-1,-1,-1
143,18,388.56,734.32,94.71,265.54,0.8025,-1,-1,-1
143,11,881.43,206.68,53.64,189.28,0.4785,-1,-1,-1
143,8,530.76,257.43,56.28,202.96,0.5946,-1,-1,-1
143,6,103.72,545.38,67.08,241.05,0.6746,-1,-1,-1
143,5,1357.84,575.81,85.96,217.78,0.4816,-1,-1,-1
143,4,1721.27,459.17,74.87,206.97,0.6333,-1,-1,-1
143,3,1063.40,923.46,72.22,153.14,0.7622,-1,-1,-1
143,1,414.96,258.84,78.81,222.04,0.6328,-1,-1,-1
144,26,153.39,630.83,81.60,207.18,0.6813,-1,-1,-1
144,25,582.00,252.79,55.84,182.93,0.4934,-1,-1,-1
144,21,479.59,184.28,57.90,176.67,0.3204,-1,-1,-1
144,20,1041.42,136.53,78.70,171.96,0.4549,-1,-1,-1
144,18,389.50,730.97,93.46,261.74,0.7948,-1,-1,-1
144,11,877.59,206.83,57.35,188.69,0.4732,-1,-1,-1
144,8,530.37,259.79,57.69,202.74,0.6042,-1,-1,-1
144,6,103.39,545.80,68.14,240.93,0.6866,-1,-1,-1
144,5,1358.47,576.00,85.62,217.07,0.4981,-1,-1,-1
144,4,1721.63,459.76,74.57,207.03,0.6214,-1,-1,-1
144,3,1062.28,923.06,70.45,153.59,0.7572,-1,-1,-1
144,1,414.61,259.45,80.14,217.30,0.6323,-1,-1,-1
145,26,157.70,627.35,76.54,212.31,0.7007,-1,-1,-1
145,25,583.19,252.49,55.01,184.01,0.5289,-1,-1,-1
145,20,1041.35,136.35,69.40,171.83,0.4216,-1,-1,-1
145,18,392.83,729.53,90.80,255.96,0.7985,-1,-1,-1
145,11,872.24,207.37,61.90,185.72,0.5442,-1,-1,-1
145,8,529.55,259.26,56.74,202.56,0.5953,-1,-1,-1
145,6,103.82,545.74,69.12,242.75,0.7088,-1,-1,-1
145,5,1358.09,576.05,84.59,213.86,0.5396,-1,-1,-1
145,4,1721.58,459.25,74.18,206.60,0.6099,-1,-1,-1
145,3,1060.90,922.83,67.98,153.82,0.7582,-1,-1,-1
145,1,416.57,259.84,77.68,210.54,0.6204,-1,-1,-1
146,26,158.93,624.34,76.37,214.50,0.7110,-1,-1,-1
146,25,584.96,254.24,53.17,187.18,0.5108,-1,-1,-1
146,20,1041.25,136.41,63.93,171.03,0.4843,-1,-1,-1
146,18,393.56,726.32,91.05,251.50,0.7770,-1,-1,-1
146,11,872.57,206.44,59.73,185.42,0.4901,-1,-1,-1
146,8,530.32,259.19,57.62,205.00,0.5935,-1,-1,-1
146,6,103.69,546.03,69.63,242.40,0.7156,-1,-1,-1
146,5,1357.74,575.33,85.27,218.49,0.5126,-1,-1,-1
146,4,1721.89,459.56,74.19,207.65,0.6137,-1,-1,-1
146,3,1058.57,921.67,66.44,156.96,0.7412,-1,-1,-1
146,1,414.63,252.82,76.83,219.19,0.6393,-1,-1,-1
147,26,160.72,619.91,75.41,216.31,0.6894,-1,-1,-1
147,25,584.82,254.92,54.37,188.59,0.5380,-1,-1,-1
147,20,1040.42,135.24,60.95,171.13,0.4764,-1,-1,-1
147,18,394.34,718.68,91.37,256.31,0.7796,-1,-1,-1
147,11,869.57,205.72,62.06,185.16,0.4783,-1,-1,-1
147,8,530.33,260.18,56.72,206.51,0.6095,-1,-1,-1
147,6,104.04,546.23,69.63,240.90,0.7131,-1,-1,-1
147,5,1358.44,574.40,84.49,217.54,0.5407,-1,-1,-1
147,4,1721.45,458.83,74.93,207.33,0.6268,-1,-1,-1
147,3,1057.08,921.09,63.08,157.61,0.7264,-1,-1,-1
147,1,414.44,253.16,77.65,219.39,0.6465,-1,-1,-1
148,26,163.87,616.55,75.54,215.22,0.7078,-1,-1,-1
148,25,585.64,255.54,54.23,188.94,0.4954,-1,-1,-1
148,20,1038.52,134.83,56.23,171.32,0.4424,-1,-1,-1
148,18,394.54,717.01,92.40,255.55,0.7777,-1,-1,-1
148,11,866.79,204.50,63.48,193.29,0.4446,-1,-1,-1
148,8,530.30,261.58,59.33,207.00,0.5946,-1,-1,-1
148,6,103.70,545.47,70.54,241.80,0.7135,-1,-1,-1
148,5,1357.81,575.44,83.67,216.04,0.5588,-1,-1,-1
148,4,1721.45,458.32,74.89,208.85,0.6466,-1,-1,-1
148,3,1055.16,919.40,62.74,157.27,0.7273,-1,-1,-1
148,1,413.93,252.84,78.31,219.26,0.6339,-1,-1,-1
149,26,168.45,614.70,72.44,214.48,0.6958,-1,-1,-1
149,25,586.32,256.23,54.85,190.06,0.4500,-1,-1,-1
149,22,624.26,751.46,59.12,167.17,0.3254,-1,-1,-1
149,20,1037.05,135.77,53.87,168.74,0.3608,-1,-1,-1
149,18,396.17,712.49,93.40,260.54,0.7879,-1,-1,-1
149,11,865.96,204.45,61.85,192.90,0.4432,-1,-1,-1
149,8,531.14,263.41,59.30,205.92,0.6301,-1,-1,-1
149,6,103.89,545.77,70.31,241.29,0.7151,-1,-1,-1
149,5,1357.92,575.41,84.74,215.27,0.5452,-1,-1,-1
149,4,1721.06,458.99,74.36,207.37,0.6218,-1,-1,-1
149,3,1054.26,918.10,62.46,159.03,0.7264,-1,-1,-1
149,1,416.30,257.49,76.98,212.96,0.6248,-1,-1,-1
150,26,175.98,613.85,65.24,213.32,0.6570,-1,-1,-1
150,25,586.92,256.92,55.39,190.71,0.4352,-1,-1,-1
150,22,625.68,751.68,56.70,166.91,0.3234,-1,-1,-1
150,20,1033.44,134.24,56.47,172.62,0.4901,-1,-1,-1
150,18,394.58,710.75,97.07,263.34,0.7855,-1,-1,-1
150,11,865.94,205.68,63.13,192.53,0.4056,-1,-1,-1
150,8,531.37,265.41,57.55,207.72,0.6155,-1,-1,-1
150,6,103.49,545.58,70.76,243.00,0.7131,-1,-1,-1
150,5,1356.89,574.83,85.69,217.49,0.5402,-1,-1,-1
150,4,1721.20,458.47,74.64,208.26,0.6385,-1,-1,-1
150,3,1052.18,916.21,61.38,161.82,0.7368,-1,-1,-1
150,1,416.49,256.87,76.93,213.23,0.6198,-1,-1,-1
