1,1,371.74,408.30,79.69,239.71,0.7909,-1,-1,-1
1,2,104.37,546.39,73.25,245.35,0.7260,-1,-1,-1
1,3,1095.29,980.85,73.73,99.15,0.6920,-1,-1,-1
1,4,1732.44,452.89,73.78,221.06,0.6220,-1,-1,-1
1,5,1355.87,569.75,82.08,221.03,0.5500,-1,-1,-1
1,6,0.22,880.53,41.50,199.47,0.5315,-1,-1,-1
1,7,1103.64,210.05,56.21,179.71,0.5269,-1,-1,-1
1,8,546.15,146.37,57.89,183.43,0.5198,-1,-1,-1
1,9,225.79,399.57,64.29,198.91,0.5118,-1,-1,-1
1,10,789.24,145.32,64.25,178.73,0.4614,-1,-1,-1
1,11,1047.12,133.11,62.93,182.85,0.4447,-1,-1,-1
1,12,273.15,379.05,52.48,212.40,0.3728,-1,-1,-1
1,13,504.23,134.74,51.32,176.84,0.3702,-1,-1,-1
2,1,372.18,408.13,80.16,239.81,0.7973,-1,-1,-1
2,2,104.30,546.51,72.99,245.60,0.7255,-1,-1,-1
2,3,1100.27,981.14,71.70,98.84,0.6895,-1,-1,-1
2,4,1730.74,454.78,75.06,216.11,0.6073,-1,-1,-1
2,5,1355.90,570.07,81.74,217.82,0.5680,-1,-1,-1
2,6,0.21,878.28,40.06,201.22,0.3839,-1,-1,-1
2,7,1098.84,211.59,58.05,178.49,0.4729,-1,-1,-1
2,8,545.67,146.77,57.58,183.99,0.5070,-1,-1,-1
2,9,225.23,398.29,65.14,199.29,0.4910,-1,-1,-1
2,10,789.59,145.30,64.41,178.88,0.4606,-1,-1,-1
2,11,1046.23,132.97,63.83,182.09,0.4650,-1,-1,-1
2,12,268.50,379.24,54.77,210.70,0.4318,-1,-1,-1
2,13,503.59,134.37,51.11,176.80,0.3706,-1,-1,-1
3,1,373.24,407.86,79.10,241.07,0.7819,-1,-1,-1
3,2,104.56,546.18,73.34,246.61,0.7315,-1,-1,-1
3,3,1104.59,980.94,71.74,99.06,0.6963,-1,-1,-1
3,4,1730.90,453.32,74.19,219.11,0.6000,-1,-1,-1
3,5,1356.34,570.04,81.26,216.83,0.5666,-1,-1,-1
3,6,0.22,877.57,39.70,201.54,0.3544,-1,-1,-1
3,7,1093.40,213.37,61.17,177.42,0.5645,-1,-1,-1
3,8,544.99,147.39,58.10,183.68,0.4875,-1,-1,-1
3,9,223.48,396.91,67.24,201.66,0.4723,-1,-1,-1
3,10,788.96,145.19,64.86,178.63,0.4541,-1,-1,-1
3,11,1045.48,132.81,64.38,179.92,0.4988,-1,-1,-1
3,12,261.46,368.54,63.58,223.68,0.3911,-1,-1,-1
3,13,503.93,133.86,50.01,170.56,0.3938,-1,-1,-1
4,1,372.85,407.38,79.78,241.15,0.7959,-1,-1,-1
4,2,104.25,545.84,73.24,247.16,0.7230,-1,-1,-1
4,3,1108.05,979.25,72.11,100.75,0.6950,-1,-1,-1
4,4,1729.71,452.69,74.00,217.33,0.6199,-1,-1,-1
4,5,1356.22,570.19,82.46,217.03,0.5754,-1,-1,-1
4,6,0.29,876.36,42.70,203.02,0.5373,-1,-1,-1
4,7,1087.97,211.66,63.68,179.61,0.5528,-1,-1,-1
4,8,546.02,145.76,56.44,183.72,0.4674,-1,-1,-1
4,9,221.81,396.73,69.41,202.41,0.4799,-1,-1,-1
4,10,789.36,144.76,64.27,178.23,0.4697,-1,-1,-1
4,11,1045.31,133.46,63.44,179.54,0.4595,-1,-1,-1
4,12,263.25,379.34,59.94,214.38,0.4012,-1,-1,-1
4,13,501.20,135.19,52.52,172.87,0.4398,-1,-1,-1
5,1,374.28,406.87,79.04,241.28,0.7978,-1,-1,-1
5,2,104.14,545.85,72.66,247.13,0.7243,-1,-1,-1
5,3,1112.22,976.62,72.21,103.39,0.6964,-1,-1,-1
5,4,1728.74,452.23,74.07,218.24,0.6542,-1,-1,-1
5,5,1355.91,570.14,82.43,214.46,0.6076,-1,-1,-1
5,6,0.29,874.51,44.78,204.62,0.5592,-1,-1,-1
5,7,1075.69,210.76,75.19,178.90,0.5394,-1,-1,-1
5,8,545.89,145.15,56.28,185.98,0.5050,-1,-1,-1
5,9,220.88,396.76,71.72,200.97,0.3747,-1,-1,-1
5,10,789.10,145.58,64.86,176.97,0.4967,-1,-1,-1
5,11,1044.27,134.04,64.89,165.63,0.3774,-1,-1,-1
5,12,266.11,380.33,53.73,210.14,0.3873,-1,-1,-1
5,13,501.16,135.46,51.41,168.88,0.4855,-1,-1,-1
6,1,374.95,406.09,79.21,240.36,0.7852,-1,-1,-1
6,2,104.31,545.99,72.60,246.86,0.7309,-1,-1,-1
6,3,1114.66,975.71,72.71,104.28,0.6912,-1,-1,-1
6,4,1727.15,454.14,74.80,216.39,0.6514,-1,-1,-1
6,5,1356.62,570.14,81.68,213.41,0.6186,-1,-1,-1
6,6,0.36,872.25,46.05,207.03,0.6048,-1,-1,-1
6,7,1065.29,209.43,85.64,179.52,0.5797,-1,-1,-1
6,8,545.43,147.13,55.55,186.27,0.5159,-1,-1,-1
6,9,219.24,393.52,74.72,203.28,0.3017,-1,-1,-1
6,10,788.15,145.36,65.08,177.73,0.5056,-1,-1,-1
6,11,1043.67,134.98,64.63,155.93,0.3077,-1,-1,-1
6,12,267.29,380.07,49.54,208.74,0.3933,-1,-1,-1
6,13,501.89,136.60,49.86,167.22,0.5138,-1,-1,-1
7,1,375.71,404.93,80.09,240.10,0.7800,-1,-1,-1
7,2,104.22,545.93,72.60,246.19,0.7311,-1,-1,-1
7,3,1116.90,974.10,71.48,105.85,0.7056,-1,-1,-1
7,4,1726.42,454.31,74.65,213.41,0.6315,-1,-1,-1
7,5,1356.44,570.27,82.02,212.73,0.6334,-1,-1,-1
7,6,0.40,870.89,47.11,208.44,0.5963,-1,-1,-1
7,7,1055.91,208.29,95.97,180.83,0.5515,-1,-1,-1
7,8,544.58,148.26,54.43,186.92,0.5409,-1,-1,-1
7,10,788.30,145.40,65.48,177.80,0.5154,-1,-1,-1
7,12,266.50,380.43,48.70,200.42,0.3576,-1,-1,-1
7,13,501.79,138.65,49.05,165.57,0.4799,-1,-1,-1
8,1,376.58,402.88,80.08,239.20,0.7696,-1,-1,-1
8,2,104.66,546.21,72.82,246.53,0.7358,-1,-1,-1
8,3,1119.30,973.31,70.58,106.71,0.7071,-1,-1,-1
8,4,1724.51,454.68,75.51,209.75,0.6454,-1,-1,-1
8,5,1356.54,570.06,81.67,213.91,0.6125,-1,-1,-1
8,6,0.33,871.19,47.03,207.74,0.5826,-1,-1,-1
8,7,1051.59,210.61,101.19,178.35,0.5409,-1,-1,-1
8,8,544.54,147.32,53.26,188.46,0.5501,-1,-1,-1
8,10,787.98,145.94,65.63,177.00,0.5034,-1,-1,-1
8,12,264.95,381.29,48.94,191.01,0.3175,-1,-1,-1
8,13,499.94,141.03,51.63,171.50,0.4575,-1,-1,-1
9,1,377.00,401.82,81.02,237.70,0.7678,-1,-1,-1
9,2,104.69,546.08,73.41,246.78,0.7443,-1,-1,-1
9,3,1123.82,973.26,68.38,106.76,0.6692,-1,-1,-1
9,4,1723.67,454.52,75.47,209.86,0.6349,-1,-1,-1
9,5,1356.69,570.37,81.31,213.96,0.6143,-1,-1,-1
9,6,0.30,869.75,46.98,209.24,0.5596,-1,-1,-1
9,7,1047.81,210.67,106.03,176.10,0.5086,-1,-1,-1
9,8,544.68,147.71,52.01,189.48,0.4971,-1,-1,-1
9,10,787.92,145.82,65.51,175.97,0.4782,-1,-1,-1
9,13,500.31,141.90,50.32,173.11,0.4449,-1,-1,-1
10,1,377.44,400.48,81.28,236.45,0.7579,-1,-1,-1
10,2,104.81,545.90,73.82,246.72,0.7400,-1,-1,-1
10,3,1127.58,973.03,67.28,107.00,0.6880,-1,-1,-1
10,4,1723.80,454.73,74.75,209.63,0.6104,-1,-1,-1
10,5,1356.36,569.73,82.05,215.44,0.6147,-1,-1,-1
10,6,0.27,865.73,47.23,212.90,0.5661,-1,-1,-1
10,7,1044.46,211.37,109.14,173.64,0.4661,-1,-1,-1
10,8,543.80,148.50,51.80,191.47,0.4782,-1,-1,-1
10,10,788.03,145.84,65.28,176.77,0.4860,-1,-1,-1
10,13,498.85,142.41,51.53,174.36,0.4337,-1,-1,-1
11,1,378.43,398.37,80.94,234.49,0.7550,-1,-1,-1
11,2,104.61,546.00,74.01,246.78,0.7417,-1,-1,-1
11,3,1130.42,973.39,67.39,106.61,0.6688,-1,-1,-1
11,4,1723.52,458.13,74.92,206.49,0.6067,-1,-1,-1
11,5,1356.32,569.72,82.27,215.76,0.6406,-1,-1,-1
11,6,0.21,862.64,46.70,215.69,0.5584,-1,-1,-1
11,7,1042.46,210.18,106.94,174.04,0.4522,-1,-1,-1
11,8,542.55,148.65,52.08,192.78,0.4813,-1,-1,-1
11,10,787.99,145.71,65.45,177.11,0.4864,-1,-1,-1
11,13,498.47,142.84,51.26,175.42,0.4252,-1,-1,-1
11,14,1801.91,217.11,62.91,179.35,0.3489,-1,-1,-1
11,12,261.30,384.31,49.27,193.53,0.3796,-1,-1,-1
12,1,378.44,396.72,81.46,233.89,0.7530,-1,-1,-1
12,2,104.35,545.92,74.76,247.05,0.7371,-1,-1,-1
12,3,1133.72,973.18,67.15,106.80,0.6720,-1,-1,-1
12,4,1723.34,459.39,75.05,205.37,0.6362,-1,-1,-1
12,5,1356.80,569.62,81.00,215.40,0.6329,-1,-1,-1
12,6,0.35,857.00,47.05,220.53,0.5764,-1,-1,-1
12,7,1042.79,208.19,101.10,175.80,0.3598,-1,-1,-1
12,8,541.97,149.06,52.61,192.24,0.5006,-1,-1,-1
12,10,788.05,145.75,65.34,177.53,0.4828,-1,-1,-1
12,13,497.41,143.92,52.35,174.75,0.4129,-1,-1,-1
12,14,1802.18,219.21,63.92,176.00,0.3372,-1,-1,-1
13,1,378.67,395.34,81.81,232.41,0.7610,-1,-1,-1
13,2,104.37,545.86,75.47,247.65,0.7420,-1,-1,-1
13,3,1136.20,972.79,66.42,107.14,0.6339,-1,-1,-1
13,4,1723.82,458.51,74.19,206.49,0.6621,-1,-1,-1
13,5,1356.71,569.95,81.07,213.94,0.6359,-1,-1,-1
13,6,0.38,852.05,46.57,225.13,0.5896,-1,-1,-1
13,8,540.32,149.51,54.54,192.24,0.5203,-1,-1,-1
13,10,788.23,146.20,65.26,177.42,0.5103,-1,-1,-1
13,13,496.81,144.85,52.74,174.96,0.3769,-1,-1,-1
13,14,1802.08,221.36,67.24,177.20,0.3713,-1,-1,-1
13,9,211.69,393.78,64.17,180.98,0.3489,-1,-1,-1
14,1,379.22,394.56,81.44,231.36,0.7606,-1,-1,-1
14,2,104.16,545.85,75.87,248.27,0.7475,-1,-1,-1
14,3,1139.19,972.55,64.76,107.42,0.6305,-1,-1,-1
14,4,1723.07,459.44,75.64,206.34,0.6575,-1,-1,-1
14,5,1357.13,569.92,80.62,214.23,0.6135,-1,-1,-1
14,6,0.28,849.27,46.90,228.18,0.6077,-1,-1,-1
14,8,538.85,150.61,55.34,191.86,0.5044,-1,-1,-1
14,10,788.51,146.16,64.51,177.47,0.5246,-1,-1,-1
14,13,495.01,144.44,54.00,176.07,0.4112,-1,-1,-1
14,14,1802.73,222.54,67.25,177.02,0.3743,-1,-1,-1
14,15,880.80,130.00,86.86,178.07,0.4139,-1,-1,-1
14,9,209.96,396.07,63.84,178.40,0.3795,-1,-1,-1
15,1,379.81,393.44,81.34,231.34,0.7611,-1,-1,-1
15,2,104.28,545.85,75.81,248.17,0.7549,-1,-1,-1
15,3,1141.05,972.89,64.27,106.71,0.5995,-1,-1,-1
15,4,1723.73,456.49,74.75,209.67,0.6507,-1,-1,-1
15,5,1356.91,570.39,80.48,213.17,0.6056,-1,-1,-1
15,6,0.19,848.31,47.34,229.87,0.5862,-1,-1,-1
15,8,537.53,151.64,55.56,191.77,0.5038,-1,-1,-1
15,10,788.10,146.72,65.14,176.12,0.5364,-1,-1,-1
15,13,494.20,143.91,54.02,177.38,0.3866,-1,-1,-1
15,14,1803.84,223.52,67.47,183.07,0.3943,-1,-1,-1
15,15,879.98,130.44,86.54,177.73,0.3794,-1,-1,-1
15,9,208.91,392.14,62.79,181.77,0.3146,-1,-1,-1
16,1,380.26,392.82,80.96,231.89,0.7659,-1,-1,-1
16,2,104.43,546.18,75.52,247.35,0.7503,-1,-1,-1
16,3,1144.71,972.78,63.10,106.37,0.5672,-1,-1,-1
16,4,1724.53,455.59,73.55,210.13,0.6556,-1,-1,-1
16,5,1356.82,570.28,80.28,213.48,0.6194,-1,-1,-1
16,6,0.20,848.30,48.38,230.16,0.5054,-1,-1,-1
16,8,535.01,153.33,56.75,189.47,0.5244,-1,-1,-1
16,10,788.66,146.97,64.52,175.63,0.5039,-1,-1,-1
16,13,493.43,143.60,54.49,178.30,0.3327,-1,-1,-1
16,14,1804.48,224.45,68.99,187.49,0.3867,-1,-1,-1
16,15,879.94,131.58,86.16,178.83,0.3332,-1,-1,-1
16,9,208.11,385.47,59.74,189.33,0.3669,-1,-1,-1
16,12,250.13,385.88,55.01,184.96,0.3551,-1,-1,-1
17,1,380.67,391.70,81.29,233.65,0.7511,-1,-1,-1
17,2,104.16,546.72,76.44,246.35,0.7453,-1,-1,-1
17,3,1148.47,972.90,60.57,106.80,0.5345,-1,-1,-1
17,4,1723.39,457.63,75.41,209.13,0.6399,-1,-1,-1
17,5,1356.68,570.07,81.27,214.49,0.6041,-1,-1,-1
17,6,0.23,847.75,50.19,231.74,0.5548,-1,-1,-1
17,8,533.43,155.59,57.93,188.09,0.6085,-1,-1,-1
17,10,788.67,147.14,64.43,174.85,0.4923,-1,-1,-1
17,13,493.13,144.74,54.36,177.61,0.3616,-1,-1,-1
17,14,1805.91,225.68,67.78,190.79,0.3620,-1,-1,-1
17,15,880.55,132.27,85.07,177.74,0.3201,-1,-1,-1
17,9,207.33,381.46,58.56,194.48,0.3340,-1,-1,-1
17,12,247.66,382.89,56.90,187.97,0.3619,-1,-1,-1
18,1,380.80,390.11,81.72,236.13,0.7520,-1,-1,-1
18,2,104.19,546.63,76.48,246.00,0.7479,-1,-1,-1
18,3,1151.85,973.06,58.16,106.85,0.5305,-1,-1,-1
18,4,1723.27,457.96,75.92,208.59,0.6457,-1,-1,-1
18,5,1356.70,569.96,80.95,214.46,0.6182,-1,-1,-1
18,6,0.25,847.17,51.71,232.63,0.5066,-1,-1,-1
18,8,531.88,156.16,57.85,187.11,0.6042,-1,-1,-1
18,10,789.03,147.27,64.10,174.45,0.5330,-1,-1,-1
18,13,492.94,143.94,53.97,178.74,0.3680,-1,-1,-1
18,14,1806.42,226.52,68.88,191.88,0.3825,-1,-1,-1
18,15,880.49,132.80,84.67,178.07,0.3421,-1,-1,-1
18,9,207.29,381.97,56.40,193.41,0.3618,-1,-1,-1
18,12,246.44,383.38,57.04,187.48,0.4081,-1,-1,-1
19,1,380.98,388.56,82.42,237.88,0.7551,-1,-1,-1
19,2,104.36,546.48,76.26,246.10,0.7459,-1,-1,-1
19,3,1154.31,972.71,57.47,107.21,0.5198,-1,-1,-1
19,4,1723.48,456.01,75.31,210.37,0.6467,-1,-1,-1
19,5,1356.93,569.95,80.40,214.78,0.6405,-1,-1,-1
19,6,0.27,845.50,52.44,234.25,0.5326,-1,-1,-1
19,8,530.38,158.56,58.06,184.27,0.5466,-1,-1,-1
19,10,789.12,146.97,63.82,174.41,0.4808,-1,-1,-1
19,14,1808.25,227.28,69.26,191.54,0.3604,-1,-1,-1
19,9,206.53,381.49,56.21,195.04,0.4001,-1,-1,-1
19,12,245.81,380.95,56.27,190.07,0.4172,-1,-1,-1
20,1,380.89,387.20,82.76,239.53,0.7480,-1,-1,-1
20,2,104.32,546.58,76.07,245.97,0.7456,-1,-1,-1
20,3,1157.22,972.77,55.91,107.21,0.5105,-1,-1,-1
20,4,1723.50,457.91,75.67,208.11,0.6295,-1,-1,-1
20,5,1357.03,570.42,80.15,214.24,0.6494,-1,-1,-1
20,6,0.26,845.22,52.70,234.75,0.4771,-1,-1,-1
20,8,530.07,158.92,56.29,183.98,0.5439,-1,-1,-1
20,10,789.14,147.61,64.02,174.00,0.4956,-1,-1,-1
20,14,1809.56,227.69,69.95,190.67,0.3427,-1,-1,-1
20,9,205.06,386.47,57.08,188.75,0.4155,-1,-1,-1
20,12,244.80,377.09,55.12,192.36,0.3149,-1,-1,-1
20,7,1026.82,146.99,65.39,231.81,0.4028,-1,-1,-1
21,1,380.72,386.25,83.22,240.16,0.7588,-1,-1,-1
21,2,104.29,546.52,76.01,246.26,0.7433,-1,-1,-1
21,3,1158.38,973.20,56.46,106.79,0.5021,-1,-1,-1
21,4,1723.42,458.08,75.79,208.20,0.6341,-1,-1,-1
21,5,1357.51,570.40,79.49,215.54,0.6137,-1,-1,-1
21,6,0.32,840.61,53.54,237.93,0.5228,-1,-1,-1
21,8,530.15,159.15,54.92,183.71,0.5888,-1,-1,-1
21,10,788.79,147.68,64.53,174.19,0.4867,-1,-1,-1
21,9,203.78,379.63,57.30,194.67,0.4005,-1,-1,-1
21,12,244.58,375.98,52.87,190.43,0.3460,-1,-1,-1
22,1,380.87,386.08,83.18,239.77,0.7578,-1,-1,-1
22,2,104.16,546.93,76.19,245.70,0.7385,-1,-1,-1
22,3,1157.95,974.22,57.82,105.79,0.5591,-1,-1,-1
22,4,1723.79,458.38,75.00,207.56,0.6682,-1,-1,-1
22,5,1357.46,570.22,79.49,215.14,0.6385,-1,-1,-1
22,6,0.31,841.19,53.71,238.45,0.5434,-1,-1,-1
22,8,528.96,157.09,54.55,186.19,0.5037,-1,-1,-1
22,10,789.07,147.85,64.44,174.84,0.4618,-1,-1,-1
22,9,203.52,373.64,60.01,199.88,0.3304,-1,-1,-1
22,7,1004.48,143.34,85.30,235.26,0.3479,-1,-1,-1
23,1,381.57,385.36,82.26,238.93,0.7569,-1,-1,-1
23,2,104.24,546.68,76.06,245.61,0.7394,-1,-1,-1
23,3,1159.05,973.94,59.89,106.06,0.5504,-1,-1,-1
23,4,1724.21,457.77,74.38,207.62,0.6392,-1,-1,-1
23,5,1357.04,570.02,80.26,215.17,0.6141,-1,-1,-1
23,6,0.32,841.80,53.68,237.31,0.5669,-1,-1,-1
23,8,527.91,157.60,52.76,186.71,0.4697,-1,-1,-1
23,10,790.00,148.43,62.31,174.34,0.4303,-1,-1,-1
23,7,1014.94,144.37,73.66,198.55,0.3871,-1,-1,-1
24,1,381.68,384.88,81.83,238.07,0.7574,-1,-1,-1
24,2,104.28,546.60,76.24,245.65,0.7382,-1,-1,-1
24,3,1159.92,974.60,60.82,105.40,0.5497,-1,-1,-1
24,4,1724.02,456.08,74.32,209.97,0.6434,-1,-1,-1
24,5,1356.76,569.80,80.70,216.91,0.5891,-1,-1,-1
24,6,0.30,839.92,54.42,236.92,0.5361,-1,-1,-1
24,8,525.40,157.47,54.31,187.44,0.4250,-1,-1,-1
24,10,789.67,148.41,63.77,173.80,0.4291,-1,-1,-1
24,7,1019.23,145.79,68.94,183.80,0.3215,-1,-1,-1
24,14,1820.28,230.85,68.59,189.76,0.3512,-1,-1,-1
25,1,381.75,384.11,81.04,237.28,0.7571,-1,-1,-1
25,2,104.02,546.82,76.59,245.88,0.7384,-1,-1,-1
25,3,1160.57,974.76,61.60,105.26,0.5631,-1,-1,-1
25,4,1722.87,457.47,75.52,209.21,0.6544,-1,-1,-1
25,5,1357.01,570.18,79.64,214.12,0.6125,-1,-1,-1
25,6,0.32,836.39,54.99,238.58,0.5031,-1,-1,-1
25,8,524.61,158.82,54.35,185.43,0.4365,-1,-1,-1
25,10,789.40,147.81,64.46,174.76,0.4319,-1,-1,-1
25,14,1822.33,233.02,68.34,192.37,0.3875,-1,-1,-1
26,1,382.23,383.15,80.14,237.21,0.7684,-1,-1,-1
26,2,103.59,546.55,77.21,246.90,0.7375,-1,-1,-1
26,3,1161.70,975.06,61.81,104.98,0.5967,-1,-1,-1
26,4,1722.99,454.70,74.51,212.63,0.6365,-1,-1,-1
26,5,1356.84,570.51,80.24,213.42,0.6084,-1,-1,-1
26,6,0.34,834.19,55.76,234.28,0.5684,-1,-1,-1
26,8,524.89,160.59,53.24,183.93,0.4214,-1,-1,-1
26,10,788.87,148.02,65.68,175.11,0.4471,-1,-1,-1
26,14,1825.56,235.85,66.85,192.45,0.3700,-1,-1,-1
27,1,381.90,381.51,80.68,237.36,0.7790,-1,-1,-1
27,2,103.43,546.21,77.03,247.14,0.7377,-1,-1,-1
27,3,1163.13,975.05,62.32,104.94,0.6073,-1,-1,-1
27,4,1722.75,457.69,74.65,208.90,0.6521,-1,-1,-1
27,5,1356.63,570.17,80.33,214.30,0.5868,-1,-1,-1
27,6,0.34,830.73,56.63,235.01,0.6075,-1,-1,-1
27,8,525.43,160.93,52.32,184.83,0.3655,-1,-1,-1
27,10,789.36,147.96,65.20,174.87,0.4484,-1,-1,-1
27,14,1827.81,237.92,65.74,191.68,0.3461,-1,-1,-1
27,9,198.94,349.98,71.63,220.98,0.3685,-1,-1,-1
28,1,381.89,379.67,81.77,237.86,0.7725,-1,-1,-1
28,2,103.10,546.61,77.19,246.38,0.7386,-1,-1,-1
28,3,1164.61,975.62,62.93,104.39,0.6165,-1,-1,-1
28,4,1723.01,456.22,74.03,210.67,0.6400,-1,-1,-1
28,5,1356.71,569.65,80.66,215.68,0.5881,-1,-1,-1
28,6,0.13,828.00,58.31,233.60,0.6340,-1,-1,-1
28,10,790.26,148.49,61.83,173.92,0.4501,-1,-1,-1
28,9,197.86,350.16,72.17,222.70,0.3995,-1,-1,-1
29,1,382.55,378.06,81.87,238.02,0.7810,-1,-1,-1
29,2,102.85,546.48,77.52,246.48,0.7455,-1,-1,-1
29,3,1165.58,975.85,64.54,104.18,0.6355,-1,-1,-1
29,4,1723.05,457.07,74.17,209.25,0.6502,-1,-1,-1
29,5,1356.65,569.78,81.13,215.40,0.6246,-1,-1,-1
29,6,0.17,826.21,59.43,230.10,0.6978,-1,-1,-1
29,10,790.84,148.65,60.14,174.15,0.4573,-1,-1,-1
29,9,197.14,352.19,71.49,219.73,0.3247,-1,-1,-1
30,1,382.94,376.53,83.14,237.20,0.7847,-1,-1,-1
30,2,102.97,547.02,77.51,245.69,0.7384,-1,-1,-1
30,3,1167.18,976.71,65.03,103.29,0.6211,-1,-1,-1
30,4,1723.04,457.39,74.80,208.71,0.6633,-1,-1,-1
30,5,1356.78,569.86,80.28,215.65,0.6171,-1,-1,-1
30,6,0.07,823.38,60.14,228.88,0.6767,-1,-1,-1
30,10,790.77,148.48,59.58,174.25,0.4582,-1,-1,-1
30,9,196.19,354.56,70.13,215.77,0.3162,-1,-1,-1
31,1,383.59,374.90,85.85,234.36,0.7516,-1,-1,-1
31,2,103.04,546.88,77.08,246.15,0.7404,-1,-1,-1
31,3,1168.45,977.18,65.77,102.78,0.6157,-1,-1,-1
31,4,1723.15,455.82,73.86,211.12,0.6545,-1,-1,-1
31,5,1356.69,569.74,80.32,214.43,0.5914,-1,-1,-1
31,6,0.25,818.51,60.07,235.49,0.6491,-1,-1,-1
31,10,790.61,148.23,59.86,175.12,0.4282,-1,-1,-1
31,9,194.95,356.06,69.36,211.89,0.3465,-1,-1,-1
32,1,383.76,373.33,89.55,232.85,0.7457,-1,-1,-1
32,2,103.03,546.76,76.65,246.38,0.7472,-1,-1,-1
32,3,1169.43,977.95,66.49,102.03,0.6746,-1,-1,-1
32,4,1722.80,456.85,74.80,209.80,0.6534,-1,-1,-1
32,5,1356.54,569.75,80.14,214.34,0.6039,-1,-1,-1
32,6,0.34,815.51,60.16,241.15,0.6162,-1,-1,-1
32,10,791.34,148.66,59.13,174.90,0.4570,-1,-1,-1
32,9,193.21,350.79,70.14,214.25,0.3971,-1,-1,-1
33,1,384.16,371.11,92.06,232.69,0.7501,-1,-1,-1
33,2,102.81,546.62,77.59,246.53,0.7486,-1,-1,-1
33,3,1170.88,978.86,66.90,101.13,0.6781,-1,-1,-1
33,4,1722.51,457.23,74.99,210.16,0.6571,-1,-1,-1
33,5,1356.27,569.48,80.90,216.61,0.6021,-1,-1,-1
33,6,0.33,813.21,60.81,246.61,0.6217,-1,-1,-1
33,10,791.06,148.92,59.31,174.34,0.4375,-1,-1,-1
33,9,190.82,348.73,70.65,216.52,0.4230,-1,-1,-1
33,13,492.77,159.38,83.72,196.24,0.3918,-1,-1,-1
34,1,384.80,370.23,92.57,231.80,0.7515,-1,-1,-1
34,2,102.74,546.78,77.72,246.55,0.7391,-1,-1,-1
34,3,1173.39,980.59,66.73,99.42,0.6763,-1,-1,-1
34,4,1722.65,457.97,74.42,208.64,0.6499,-1,-1,-1
34,5,1356.68,569.35,80.93,216.67,0.5996,-1,-1,-1
34,6,0.42,811.32,61.28,248.87,0.6135,-1,-1,-1
34,10,790.73,148.74,59.12,174.96,0.4324,-1,-1,-1
34,9,189.02,351.37,69.94,211.57,0.4157,-1,-1,-1
34,20,1021.17,155.38,62.60,187.01,0.4152,-1,-1,-1
34,13,492.92,160.56,83.34,195.75,0.3893,-1,-1,-1
35,1,384.90,369.31,93.27,232.44,0.7410,-1,-1,-1
35,2,102.53,546.86,78.32,246.92,0.7346,-1,-1,-1
35,3,1176.83,982.07,65.12,97.94,0.6624,-1,-1,-1
35,4,1722.52,457.68,74.09,208.60,0.6606,-1,-1,-1
35,5,1356.12,569.38,81.52,216.00,0.6011,-1,-1,-1
35,6,0.43,810.32,62.84,252.36,0.5751,-1,-1,-1
35,10,791.01,148.63,58.96,175.09,0.4427,-1,-1,-1
35,9,187.13,346.11,66.79,212.49,0.4548,-1,-1,-1
35,20,1021.92,156.01,60.99,184.89,0.4622,-1,-1,-1
35,13,493.66,161.07,81.76,195.35,0.3989,-1,-1,-1
35,8,495.18,161.00,78.70,194.23,0.3989,-1,-1,-1
36,1,385.21,368.68,92.74,232.81,0.7009,-1,-1,-1
36,2,102.69,547.02,77.72,246.56,0.7385,-1,-1,-1
36,3,1179.43,983.81,64.63,96.21,0.6412,-1,-1,-1
36,4,1722.76,458.47,74.11,207.96,0.6161,-1,-1,-1
36,5,1355.97,569.41,82.04,216.55,0.5767,-1,-1,-1
36,6,0.47,809.53,63.30,250.43,0.5426,-1,-1,-1
36,10,791.01,149.01,58.89,174.31,0.4402,-1,-1,-1
36,9,187.79,359.40,63.15,199.04,0.3995,-1,-1,-1
36,20,1021.97,156.71,61.42,182.14,0.5125,-1,-1,-1
36,13,494.45,161.22,79.23,194.56,0.4165,-1,-1,-1
36,21,384.60,995.36,90.24,84.62,0.4535,-1,-1,-1
36,8,493.89,160.94,78.58,194.15,0.4165,-1,-1,-1
36,14,1840.06,249.50,66.83,189.22,0.3537,-1,-1,-1
37,1,385.94,367.64,90.49,233.55,0.6902,-1,-1,-1
37,2,102.90,547.11,77.00,245.91,0.7344,-1,-1,-1
37,3,1182.11,984.48,64.76,95.49,0.6850,-1,-1,-1
37,4,1722.95,457.79,73.98,208.95,0.6401,-1,-1,-1
37,5,1356.13,569.15,82.11,218.37,0.5677,-1,-1,-1
37,6,0.52,808.45,64.96,249.52,0.6285,-1,-1,-1
37,10,790.58,148.81,59.48,174.74,0.4360,-1,-1,-1
37,9,187.07,361.12,62.44,195.86,0.4086,-1,-1,-1
37,20,1021.94,157.87,61.55,182.93,0.5344,-1,-1,-1
37,13,494.85,162.22,77.32,193.53,0.4226,-1,-1,-1
37,21,384.32,994.19,91.80,85.73,0.5152,-1,-1,-1
37,8,493.63,161.88,77.50,193.42,0.4226,-1,-1,-1
37,14,1840.48,251.98,64.49,185.56,0.3773,-1,-1,-1
38,1,387.08,366.57,87.13,234.73,0.6937,-1,-1,-1
38,2,102.81,546.97,76.62,245.56,0.7328,-1,-1,-1
38,3,1184.16,984.57,66.24,95.43,0.6922,-1,-1,-1
38,4,1722.75,458.26,74.36,207.84,0.6428,-1,-1,-1
38,5,1355.96,569.32,81.91,215.37,0.6049,-1,-1,-1
38,6,0.55,808.03,65.97,247.14,0.6404,-1,-1,-1
38,10,790.95,149.03,59.04,175.06,0.4243,-1,-1,-1
38,9,185.90,363.75,61.70,192.28,0.4321,-1,-1,-1
38,20,1023.30,158.61,60.61,183.68,0.5451,-1,-1,-1
38,13,494.53,162.86,76.59,193.07,0.4184,-1,-1,-1
38,21,384.40,993.01,93.23,86.98,0.5469,-1,-1,-1
38,8,493.17,162.53,77.03,193.08,0.4184,-1,-1,-1
38,14,1841.00,252.76,63.47,185.31,0.3217,-1,-1,-1
38,22,937.78,201.83,74.51,172.87,0.3836,-1,-1,-1
39,1,387.51,365.38,85.35,236.33,0.6891,-1,-1,-1
39,2,102.46,547.17,77.25,245.06,0.7308,-1,-1,-1
39,3,1186.64,984.11,67.94,95.92,0.6789,-1,-1,-1
39,4,1722.60,457.29,73.78,209.23,0.6227,-1,-1,-1
39,5,1356.69,568.36,81.37,216.97,0.5814,-1,-1,-1
39,6,0.51,807.10,66.20,245.56,0.6523,-1,-1,-1
39,10,790.92,148.90,58.88,175.12,0.4153,-1,-1,-1
39,9,183.72,362.60,62.82,193.80,0.4939,-1,-1,-1
39,20,1022.55,158.99,61.58,182.93,0.5211,-1,-1,-1
39,13,494.60,163.50,75.52,192.08,0.4237,-1,-1,-1
39,21,384.49,991.74,93.20,88.28,0.5276,-1,-1,-1
39,8,493.25,163.19,76.04,192.12,0.4237,-1,-1,-1
39,14,1841.02,253.28,63.97,184.76,0.3539,-1,-1,-1
39,22,927.19,201.19,83.72,172.73,0.5013,-1,-1,-1
40,1,387.93,365.98,86.11,235.51,0.6972,-1,-1,-1
40,2,102.25,546.94,77.41,244.91,0.7335,-1,-1,-1
40,3,1190.02,983.97,68.95,96.03,0.6545,-1,-1,-1
40,4,1722.67,456.59,73.56,210.48,0.6273,-1,-1,-1
40,5,1357.29,569.22,80.45,213.76,0.6151,-1,-1,-1
40,6,0.59,806.00,66.08,243.30,0.6072,-1,-1,-1
40,10,791.10,148.90,58.29,175.85,0.4046,-1,-1,-1
40,9,181.54,363.15,62.67,192.51,0.4306,-1,-1,-1
40,20,1022.07,159.21,62.21,182.40,0.5093,-1,-1,-1
40,13,494.45,166.38,73.95,191.78,0.4405,-1,-1,-1
40,21,384.93,990.04,93.12,89.89,0.5279,-1,-1,-1
40,8,493.21,166.10,74.47,191.84,0.4405,-1,-1,-1
40,14,1839.37,253.39,66.61,186.50,0.3340,-1,-1,-1
40,22,916.96,197.89,94.08,175.72,0.5105,-1,-1,-1
41,1,389.16,365.75,85.52,235.44,0.6909,-1,-1,-1
41,2,102.28,546.74,77.61,245.44,0.7313,-1,-1,-1
41,3,1192.85,984.80,68.16,95.20,0.6802,-1,-1,-1
41,4,1722.54,456.08,73.73,210.93,0.6395,-1,-1,-1
41,5,1356.99,568.82,80.82,215.12,0.6073,-1,-1,-1
41,6,0.53,805.03,66.59,243.18,0.6001,-1,-1,-1
41,10,791.35,149.11,57.51,175.29,0.4079,-1,-1,-1
41,9,179.78,361.59,62.38,194.07,0.3636,-1,-1,-1
41,20,1021.65,159.31,62.55,181.14,0.4771,-1,-1,-1
41,13,495.42,166.28,74.89,191.19,0.3632,-1,-1,-1
41,21,385.17,989.14,93.47,90.83,0.4924,-1,-1,-1
41,8,494.28,166.03,75.35,191.25,0.3632,-1,-1,-1
41,22,911.24,201.62,100.05,171.59,0.5440,-1,-1,-1
42,1,390.19,364.65,85.08,235.49,0.7104,-1,-1,-1
42,2,102.25,546.71,78.16,245.62,0.7402,-1,-1,-1
42,3,1195.46,984.93,68.89,95.04,0.6923,-1,-1,-1
42,4,1722.11,455.25,73.93,211.37,0.6461,-1,-1,-1
42,5,1356.96,569.18,80.46,214.52,0.6145,-1,-1,-1
42,6,0.39,802.89,66.89,243.11,0.6312,-1,-1,-1
42,10,791.21,148.89,57.37,176.69,0.4202,-1,-1,-1
42,9,179.36,367.80,60.22,189.00,0.3295,-1,-1,-1
42,20,1021.28,159.57,62.74,181.66,0.4734,-1,-1,-1
42,13,495.46,167.26,75.21,191.83,0.3718,-1,-1,-1
42,21,384.57,987.84,94.41,92.15,0.5331,-1,-1,-1
42,8,494.42,167.04,75.63,191.89,0.3718,-1,-1,-1
42,22,907.16,200.49,103.99,172.96,0.5451,-1,-1,-1
43,1,391.10,364.70,85.04,233.94,0.7374,-1,-1,-1
43,2,101.94,546.83,78.38,245.80,0.7338,-1,-1,-1
43,3,1198.22,985.17,70.25,94.81,0.6623,-1,-1,-1
43,4,1722.23,454.78,73.69,212.01,0.6162,-1,-1,-1
43,5,1356.83,569.14,80.50,214.47,0.6090,-1,-1,-1
43,6,0.28,799.10,67.12,235.66,0.6608,-1,-1,-1
43,10,790.68,149.24,58.33,176.26,0.4042,-1,-1,-1
43,20,1021.36,159.87,62.40,182.80,0.4672,-1,-1,-1
43,13,494.46,168.05,76.52,194.07,0.3847,-1,-1,-1
43,21,383.66,987.48,95.20,92.55,0.5402,-1,-1,-1
43,8,493.54,167.86,76.89,194.11,0.3847,-1,-1,-1
43,22,903.19,197.13,106.65,175.94,0.4978,-1,-1,-1
44,1,391.59,364.59,85.63,232.22,0.7343,-1,-1,-1
44,2,101.93,547.26,78.10,245.48,0.7334,-1,-1,-1
44,3,1199.58,985.50,71.38,94.54,0.6688,-1,-1,-1
44,4,1721.41,456.66,74.73,210.07,0.6474,-1,-1,-1
44,5,1356.83,568.99,80.95,216.07,0.6236,-1,-1,-1
44,6,0.23,795.69,67.49,231.08,0.6726,-1,-1,-1
44,10,790.83,149.25,58.13,176.19,0.4005,-1,-1,-1
44,20,1021.44,160.29,61.74,183.94,0.4379,-1,-1,-1
44,13,494.29,169.20,76.54,195.35,0.3771,-1,-1,-1
44,21,382.91,985.80,96.02,94.35,0.5968,-1,-1,-1
44,8,493.46,169.03,76.88,195.39,0.3771,-1,-1,-1
44,22,900.86,194.10,104.74,179.19,0.3167,-1,-1,-1
44,9,175.45,365.50,58.67,190.56,0.3525,-1,-1,-1
45,1,392.81,362.51,85.24,232.20,0.7371,-1,-1,-1
45,2,101.76,546.98,77.73,245.70,0.7425,-1,-1,-1
45,3,1200.77,985.82,72.35,94.22,0.6709,-1,-1,-1
45,4,1721.53,458.12,74.48,208.39,0.6321,-1,-1,-1
45,5,1356.52,568.89,81.00,216.24,0.6345,-1,-1,-1
45,6,0.26,793.00,67.65,229.37,0.6685,-1,-1,-1
45,10,790.60,149.26,58.55,175.82,0.4243,-1,-1,-1
45,20,1020.10,161.53,64.29,182.69,0.3991,-1,-1,-1
45,13,495.17,172.12,75.00,194.27,0.3115,-1,-1,-1
45,21,381.68,984.86,95.98,95.26,0.5952,-1,-1,-1
45,9,173.68,360.06,56.68,194.92,0.3643,-1,-1,-1
45,14,1842.28,256.93,72.57,196.63,0.3492,-1,-1,-1
46,1,394.65,360.95,83.46,231.89,0.7422,-1,-1,-1
46,2,101.71,546.55,77.83,246.08,0.7447,-1,-1,-1
46,3,1201.40,986.20,72.17,93.79,0.6854,-1,-1,-1
46,4,1721.00,458.90,74.86,207.05,0.6155,-1,-1,-1
46,5,1356.29,569.21,81.97,216.75,0.6039,-1,-1,-1
46,6,0.41,790.59,68.21,229.24,0.6718,-1,-1,-1
46,10,790.68,149.31,58.29,175.27,0.3893,-1,-1,-1
46,20,1019.42,161.99,65.25,182.28,0.4088,-1,-1,-1
46,13,493.06,173.82,77.33,193.91,0.3314,-1,-1,-1
46,21,380.30,979.95,96.93,100.08,0.6033,-1,-1,-1
46,9,172.18,354.71,55.42,199.70,0.3621,-1,-1,-1
46,14,1843.16,257.27,73.99,200.39,0.3300,-1,-1,-1
47,1,395.46,358.98,83.39,231.99,0.7461,-1,-1,-1
47,2,101.48,546.51,78.00,246.19,0.7292,-1,-1,-1
47,3,1202.13,986.36,72.98,93.66,0.6670,-1,-1,-1
47,4,1721.17,458.92,74.86,207.73,0.6306,-1,-1,-1
47,5,1356.51,569.44,81.64,216.05,0.5933,-1,-1,-1
47,6,0.59,789.14,68.92,231.05,0.6183,-1,-1,-1
47,10,790.15,149.44,59.63,174.92,0.4296,-1,-1,-1
47,20,1018.98,162.76,64.44,183.32,0.3951,-1,-1,-1
47,13,503.11,179.25,63.74,187.70,0.3161,-1,-1,-1
47,21,379.78,974.32,97.70,105.81,0.5909,-1,-1,-1
47,9,169.86,346.87,57.87,207.38,0.3911,-1,-1,-1
47,14,1844.33,258.78,73.95,202.12,0.3460,-1,-1,-1
48,1,396.33,357.30,83.46,230.35,0.7647,-1,-1,-1
48,2,101.58,546.25,77.91,246.74,0.7353,-1,-1,-1
48,3,1203.45,985.20,75.64,94.77,0.6326,-1,-1,-1
48,4,1721.37,459.47,74.49,206.46,0.6357,-1,-1,-1
48,5,1356.49,569.16,82.56,216.73,0.6132,-1,-1,-1
48,6,0.86,788.30,70.11,233.30,0.5857,-1,-1,-1
48,10,790.43,149.51,59.77,175.48,0.4552,-1,-1,-1
48,20,1018.69,163.21,63.65,182.96,0.3309,-1,-1,-1
48,13,506.40,182.73,58.48,183.80,0.3326,-1,-1,-1
48,21,378.84,967.48,99.12,112.60,0.6089,-1,-1,-1
48,9,168.70,344.76,57.42,210.73,0.3360,-1,-1,-1
48,14,1846.97,262.16,69.36,201.05,0.3696,-1,-1,-1
49,1,396.58,356.34,84.08,227.62,0.7608,-1,-1,-1
49,2,101.55,546.10,77.88,246.91,0.7393,-1,-1,-1
49,3,1204.03,984.07,77.24,95.93,0.6518,-1,-1,-1
49,4,1721.00,459.03,74.69,207.07,0.6575,-1,-1,-1
49,5,1356.49,569.41,82.59,217.70,0.6018,-1,-1,-1
49,6,0.82,785.44,71.97,242.66,0.6188,-1,-1,-1
49,10,790.42,149.29,60.21,175.93,0.4317,-1,-1,-1
49,20,1017.10,164.49,64.82,182.89,0.3711,-1,-1,-1
49,13,496.48,180.91,70.68,187.73,0.3703,-1,-1,-1
49,21,378.39,964.18,99.74,115.83,0.5888,-1,-1,-1
49,9,167.26,350.47,57.83,205.29,0.3555,-1,-1,-1
49,14,1849.08,264.14,66.09,201.09,0.3337,-1,-1,-1
50,1,396.34,355.03,85.18,226.31,0.7546,-1,-1,-1
50,2,101.56,546.04,77.88,246.67,0.7482,-1,-1,-1
50,3,1204.29,983.18,78.34,96.82,0.6281,-1,-1,-1
50,4,1721.04,459.15,74.43,206.74,0.6391,-1,-1,-1
50,5,1356.93,569.74,81.83,216.15,0.6122,-1,-1,-1
50,6,0.96,784.52,73.59,247.19,0.6055,-1,-1,-1
50,10,790.40,149.03,59.90,176.84,0.4070,-1,-1,-1
50,20,1017.02,164.94,62.61,178.00,0.3841,-1,-1,-1
50,13,493.50,179.99,74.93,190.59,0.3775,-1,-1,-1
50,21,379.85,961.48,98.55,117.70,0.5867,-1,-1,-1
50,14,1851.87,265.99,65.91,200.48,0.3915,-1,-1,-1
51,1,396.27,354.35,86.16,223.91,0.7538,-1,-1,-1
51,2,101.74,545.82,77.73,247.16,0.7505,-1,-1,-1
51,3,1204.89,982.08,79.03,97.93,0.6111,-1,-1,-1
51,4,1720.68,459.89,74.59,205.53,0.6227,-1,-1,-1
51,5,1357.05,569.41,81.51,215.16,0.6198,-1,-1,-1
51,6,1.19,783.27,74.02,247.47,0.6422,-1,-1,-1
51,10,790.42,148.84,59.85,177.54,0.4134,-1,-1,-1
51,20,1016.70,166.53,61.97,175.07,0.4440,-1,-1,-1
51,13,493.14,180.58,76.03,191.28,0.3679,-1,-1,-1
51,21,380.53,957.55,98.40,122.19,0.5503,-1,-1,-1
51,14,1853.95,267.21,63.50,197.27,0.3626,-1,-1,-1
52,1,396.91,353.15,86.51,223.80,0.7677,-1,-1,-1
52,2,102.05,545.52,77.14,247.08,0.7519,-1,-1,-1
52,3,1204.70,981.77,79.43,98.22,0.6304,-1,-1,-1
52,4,1721.59,457.19,73.70,209.02,0.6266,-1,-1,-1
52,5,1356.93,569.22,81.39,215.36,0.6233,-1,-1,-1
52,6,1.94,782.06,74.69,245.82,0.6113,-1,-1,-1
52,10,789.92,149.06,60.46,178.04,0.3952,-1,-1,-1
52,20,1016.11,167.85,62.94,178.44,0.4711,-1,-1,-1
52,13,490.51,180.46,79.57,191.21,0.3819,-1,-1,-1
52,21,381.43,953.29,98.73,126.58,0.5450,-1,-1,-1
53,1,398.18,351.55,85.65,225.12,0.7697,-1,-1,-1
53,2,102.39,545.19,76.11,247.41,0.7453,-1,-1,-1
53,3,1204.57,980.45,79.55,99.50,0.6525,-1,-1,-1
53,4,1721.98,456.35,73.46,209.23,0.6261,-1,-1,-1
53,5,1357.10,569.44,81.55,214.07,0.6401,-1,-1,-1
53,6,3.04,780.80,73.51,243.23,0.6510,-1,-1,-1
53,10,789.43,148.57,61.16,177.92,0.4121,-1,-1,-1
53,20,1015.81,168.81,62.83,180.80,0.4505,-1,-1,-1
53,13,489.00,180.64,82.17,190.89,0.4034,-1,-1,-1
53,21,381.78,950.11,100.56,129.51,0.6933,-1,-1,-1
54,1,398.58,350.64,85.62,225.99,0.7711,-1,-1,-1
54,2,102.45,544.81,75.77,247.97,0.7479,-1,-1,-1
54,3,1203.81,979.88,80.42,100.08,0.6571,-1,-1,-1
54,4,1722.01,456.07,73.44,209.77,0.6240,-1,-1,-1
54,5,1356.99,569.19,81.95,214.04,0.6411,-1,-1,-1
54,6,5.41,778.51,71.50,239.06,0.6455,-1,-1,-1
54,10,789.53,148.71,61.46,177.19,0.3981,-1,-1,-1
54,20,1014.40,170.74,62.41,181.42,0.4274,-1,-1,-1
54,13,488.19,180.55,84.00,190.74,0.3868,-1,-1,-1
54,21,382.53,948.24,102.62,130.35,0.7180,-1,-1,-1
55,1,399.47,349.55,85.03,227.64,0.7785,-1,-1,-1
55,2,102.54,544.91,75.70,248.44,0.7363,-1,-1,-1
55,3,1203.69,979.14,80.84,100.81,0.6651,-1,-1,-1
55,4,1722.12,456.59,73.89,210.50,0.6376,-1,-1,-1
55,5,1357.39,569.02,81.29,215.04,0.6082,-1,-1,-1
55,6,7.52,774.95,70.25,237.96,0.6805,-1,-1,-1
55,10,789.88,148.90,61.16,176.91,0.4251,-1,-1,-1
55,20,1012.83,172.96,62.72,181.52,0.4561,-1,-1,-1
55,13,488.10,180.27,84.52,191.28,0.4235,-1,-1,-1
55,21,382.92,946.50,105.38,132.12,0.6929,-1,-1,-1
55,14,1863.78,262.99,56.04,207.08,0.3406,-1,-1,-1
56,1,400.07,349.05,84.50,229.04,0.7878,-1,-1,-1
56,2,102.54,544.52,75.83,249.09,0.7376,-1,-1,-1
56,3,1203.41,977.78,81.16,102.20,0.6744,-1,-1,-1
56,4,1721.99,456.04,73.61,210.64,0.6445,-1,-1,-1
56,5,1357.17,569.13,80.91,215.95,0.6102,-1,-1,-1
56,6,8.13,772.34,70.27,235.92,0.6943,-1,-1,-1
56,10,789.96,148.77,61.45,177.64,0.4100,-1,-1,-1
56,20,1013.47,174.79,60.94,180.48,0.4680,-1,-1,-1
56,13,488.17,180.30,83.19,191.40,0.4782,-1,-1,-1
56,21,383.65,945.73,106.12,133.52,0.6985,-1,-1,-1
57,1,400.23,348.04,83.98,230.26,0.7938,-1,-1,-1
57,2,102.41,544.69,75.94,249.44,0.7329,-1,-1,-1
57,3,1202.76,976.53,81.77,103.45,0.6850,-1,-1,-1
57,4,1721.88,457.85,73.40,208.19,0.6509,-1,-1,-1
57,5,1357.01,569.18,81.28,214.10,0.6174,-1,-1,-1
57,6,6.66,770.81,71.42,232.13,0.7197,-1,-1,-1
57,10,789.85,148.65,61.98,178.56,0.4009,-1,-1,-1
57,20,1011.88,176.30,60.94,179.88,0.4636,-1,-1,-1
57,13,487.80,180.92,82.33,190.98,0.4590,-1,-1,-1
57,21,385.05,944.98,106.01,134.26,0.7176,-1,-1,-1
58,1,400.15,347.09,84.31,231.15,0.7873,-1,-1,-1
58,2,102.67,544.99,75.53,249.27,0.7288,-1,-1,-1
58,3,1201.93,976.18,82.90,103.82,0.6688,-1,-1,-1
58,4,1722.06,456.32,73.03,209.37,0.6400,-1,-1,-1
58,5,1357.08,569.36,81.19,214.68,0.6247,-1,-1,-1
58,6,7.13,767.75,73.28,229.80,0.7118,-1,-1,-1
58,10,790.15,148.90,61.70,178.55,0.3946,-1,-1,-1
58,20,1011.22,178.83,60.10,179.20,0.4566,-1,-1,-1
58,13,488.00,181.45,81.14,191.08,0.4484,-1,-1,-1
58,21,386.71,944.02,104.96,135.60,0.6723,-1,-1,-1
59,1,401.11,345.74,83.76,232.64,0.7851,-1,-1,-1
59,2,102.74,545.05,75.32,249.47,0.7327,-1,-1,-1
59,3,1200.38,975.68,84.65,104.30,0.6719,-1,-1,-1
59,4,1722.67,456.02,72.96,210.46,0.6377,-1,-1,-1
59,5,1357.04,568.92,81.31,213.53,0.6413,-1,-1,-1
59,6,6.84,765.43,75.09,226.14,0.7217,-1,-1,-1
59,10,789.74,148.87,61.13,178.55,0.3894,-1,-1,-1
59,20,1010.16,180.31,60.42,178.47,0.3744,-1,-1,-1
59,13,488.06,181.96,81.69,191.44,0.4378,-1,-1,-1
59,21,387.89,942.95,103.93,136.64,0.7142,-1,-1,-1
60,1,401.89,345.64,82.66,231.99,0.7925,-1,-1,-1
60,2,102.32,545.20,75.65,250.28,0.7259,-1,-1,-1
60,3,1199.55,974.90,85.30,105.13,0.6700,-1,-1,-1
60,4,1722.27,457.91,73.30,208.30,0.6275,-1,-1,-1
60,5,1356.86,568.94,81.34,214.80,0.6262,-1,-1,-1
60,6,8.53,761.34,72.16,225.20,0.7345,-1,-1,-1
60,10,789.55,148.60,61.62,183.11,0.4231,-1,-1,-1
60,20,1007.58,181.42,62.24,178.04,0.3406,-1,-1,-1
60,13,488.36,183.07,80.92,191.21,0.4531,-1,-1,-1
60,21,387.90,940.60,105.10,138.70,0.7101,-1,-1,-1
61,1,401.91,344.44,82.45,231.37,0.7977,-1,-1,-1
61,2,102.75,545.98,74.57,248.54,0.7279,-1,-1,-1
61,3,1197.51,972.79,86.20,107.22,0.6306,-1,-1,-1
61,4,1722.58,457.75,72.46,207.81,0.6112,-1,-1,-1
61,5,1357.16,569.18,81.00,214.26,0.6299,-1,-1,-1
61,6,9.57,758.35,70.09,225.26,0.7307,-1,-1,-1
61,10,788.94,148.44,62.66,186.64,0.3661,-1,-1,-1
61,20,1007.02,182.16,61.91,176.92,0.3029,-1,-1,-1
61,13,491.65,188.08,75.19,187.96,0.4803,-1,-1,-1
61,21,387.38,938.78,107.04,140.64,0.6141,-1,-1,-1
62,1,402.20,343.17,81.88,231.12,0.7907,-1,-1,-1
62,2,102.91,546.56,74.27,247.84,0.7287,-1,-1,-1
62,3,1196.37,972.36,86.64,107.70,0.6220,-1,-1,-1
62,4,1722.57,456.88,73.00,208.86,0.6000,-1,-1,-1
62,5,1357.53,569.24,80.63,214.59,0.6174,-1,-1,-1
62,6,10.69,756.22,69.26,225.38,0.7302,-1,-1,-1
62,10,789.81,148.25,61.51,186.86,0.3199,-1,-1,-1
62,20,1007.59,183.93,61.01,175.33,0.3032,-1,-1,-1
62,13,492.42,189.79,73.66,188.73,0.4967,-1,-1,-1
62,21,386.28,936.69,108.21,142.21,0.5694,-1,-1,-1
63,1,402.24,341.39,82.04,231.87,0.7965,-1,-1,-1
63,2,103.11,546.70,73.93,247.53,0.7298,-1,-1,-1
63,3,1194.85,971.84,87.47,108.18,0.6573,-1,-1,-1
63,4,1721.89,458.08,73.82,207.83,0.5906,-1,-1,-1
63,5,1357.15,569.02,80.94,213.82,0.6020,-1,-1,-1
63,6,10.66,754.85,70.67,228.07,0.7189,-1,-1,-1
63,13,491.52,189.01,74.37,193.89,0.5326,-1,-1,-1
63,21,386.04,934.62,107.62,144.29,0.6604,-1,-1,-1
64,1,402.41,339.06,82.22,232.12,0.7907,-1,-1,-1
64,2,102.67,546.54,74.44,248.32,0.7195,-1,-1,-1
64,3,1193.45,972.64,87.32,107.33,0.6856,-1,-1,-1
64,4,1721.88,456.86,73.84,209.10,0.6059,-1,-1,-1
64,5,1356.40,569.25,81.44,215.32,0.5977,-1,-1,-1
64,6,11.07,753.33,70.83,229.05,0.7204,-1,-1,-1
64,13,492.70,191.19,72.98,194.09,0.4907,-1,-1,-1
64,21,385.39,931.20,108.77,148.01,0.6716,-1,-1,-1
64,20,1004.33,186.42,61.97,171.79,0.3625,-1,-1,-1
65,1,402.24,337.24,82.54,232.22,0.7933,-1,-1,-1
65,2,102.71,547.08,74.49,247.31,0.7280,-1,-1,-1
65,3,1192.52,973.02,86.08,107.00,0.6846,-1,-1,-1
65,4,1720.96,458.81,74.84,207.31,0.6133,-1,-1,-1
65,5,1356.15,569.23,82.46,214.54,0.6283,-1,-1,-1
65,6,10.92,752.30,71.03,231.71,0.7136,-1,-1,-1
65,13,493.58,191.99,72.27,194.76,0.5081,-1,-1,-1
65,21,385.31,925.27,108.43,154.40,0.5634,-1,-1,-1
65,20,1003.45,187.23,62.40,171.74,0.3134,-1,-1,-1
66,1,402.36,335.21,82.95,232.09,0.7929,-1,-1,-1
66,2,102.77,546.55,75.23,247.75,0.7208,-1,-1,-1
66,3,1190.68,971.94,85.44,108.03,0.7063,-1,-1,-1
66,4,1720.11,459.16,75.57,207.63,0.6260,-1,-1,-1
66,5,1355.88,568.70,83.15,215.83,0.6046,-1,-1,-1
66,6,10.83,750.90,71.27,233.48,0.7134,-1,-1,-1
66,13,495.44,191.38,69.86,195.84,0.5281,-1,-1,-1
66,21,386.47,919.00,106.01,160.84,0.5605,-1,-1,-1
66,20,1003.59,187.85,61.05,174.05,0.3622,-1,-1,-1
67,1,402.30,333.90,84.06,230.02,0.7944,-1,-1,-1
67,2,102.78,546.70,75.60,247.57,0.7250,-1,-1,-1
67,3,1189.06,971.67,86.23,108.31,0.6942,-1,-1,-1
67,4,1720.40,459.10,75.15,207.00,0.5965,-1,-1,-1
67,5,1356.55,569.00,82.09,214.67,0.5982,-1,-1,-1
67,6,10.38,749.00,71.62,236.14,0.7028,-1,-1,-1
67,13,495.46,191.27,69.75,198.76,0.5657,-1,-1,-1
67,21,385.92,914.37,105.84,164.48,0.6553,-1,-1,-1
67,20,1002.58,187.88,60.04,175.06,0.4069,-1,-1,-1
68,1,402.86,333.22,84.16,227.78,0.7902,-1,-1,-1
68,2,102.68,546.63,75.83,247.75,0.7294,-1,-1,-1
68,3,1186.21,970.23,86.32,109.75,0.6957,-1,-1,-1
68,4,1721.12,459.38,74.50,206.95,0.6081,-1,-1,-1
68,5,1356.52,568.34,82.26,215.77,0.5953,-1,-1,-1
68,6,10.28,746.73,71.93,239.72,0.7077,-1,-1,-1
68,13,495.45,192.36,69.10,197.83,0.5750,-1,-1,-1
68,21,385.26,911.72,106.34,166.49,0.7051,-1,-1,-1
68,20,1001.27,188.23,60.92,176.35,0.4874,-1,-1,-1
69,1,402.76,332.20,85.10,226.28,0.7834,-1,-1,-1
69,2,102.73,546.66,75.44,248.09,0.7309,-1,-1,-1
69,3,1184.25,969.67,86.27,110.30,0.6797,-1,-1,-1
69,4,1722.06,457.72,74.64,210.86,0.5947,-1,-1,-1
69,5,1356.67,568.54,82.00,216.85,0.5962,-1,-1,-1
69,6,10.40,744.82,72.02,241.43,0.7102,-1,-1,-1
69,13,493.43,193.38,72.82,196.35,0.5869,-1,-1,-1
69,21,384.78,909.92,106.83,168.63,0.6853,-1,-1,-1
69,20,1000.57,188.17,61.71,177.07,0.5338,-1,-1,-1
70,1,402.81,331.29,85.79,224.56,0.7903,-1,-1,-1
70,2,103.04,546.41,74.94,248.33,0.7319,-1,-1,-1
70,3,1182.64,969.15,86.02,110.82,0.6649,-1,-1,-1
70,4,1722.68,456.10,74.43,212.04,0.6157,-1,-1,-1
70,5,1356.39,568.41,82.81,217.49,0.6087,-1,-1,-1
70,6,10.83,743.15,71.88,239.06,0.7152,-1,-1,-1
70,13,491.48,195.07,76.25,194.45,0.5919,-1,-1,-1
70,21,384.30,907.21,107.21,171.99,0.6793,-1,-1,-1
70,20,1000.16,188.04,61.52,177.88,0.5581,-1,-1,-1
71,1,403.09,329.96,85.64,223.81,0.7909,-1,-1,-1
71,2,102.51,545.49,75.68,249.82,0.7292,-1,-1,-1
71,3,1181.36,968.33,86.10,111.65,0.6676,-1,-1,-1
71,4,1722.50,456.42,74.69,211.42,0.6225,-1,-1,-1
71,5,1356.81,568.67,82.36,218.40,0.5627,-1,-1,-1
71,6,11.40,741.45,72.14,233.61,0.7212,-1,-1,-1
71,13,491.95,194.03,77.30,195.59,0.6135,-1,-1,-1
71,21,381.76,904.85,109.89,174.84,0.7093,-1,-1,-1
71,20,998.82,188.27,60.62,178.21,0.5614,-1,-1,-1
71,10,786.64,150.82,76.11,218.20,0.3588,-1,-1,-1
72,1,403.36,328.51,85.68,224.90,0.7885,-1,-1,-1
72,2,102.26,544.83,75.93,250.50,0.7259,-1,-1,-1
72,3,1180.15,966.45,85.61,113.56,0.5933,-1,-1,-1
72,4,1722.47,456.86,74.53,210.72,0.6192,-1,-1,-1
72,5,1357.09,569.02,82.26,218.29,0.6062,-1,-1,-1
72,6,11.03,738.32,73.16,230.03,0.7274,-1,-1,-1
72,13,488.88,193.82,81.94,196.17,0.5970,-1,-1,-1
72,21,380.41,903.18,110.93,176.75,0.7213,-1,-1,-1
72,20,998.16,188.60,59.05,178.84,0.5725,-1,-1,-1
72,10,782.36,148.40,82.23,222.14,0.3792,-1,-1,-1
72,22,843.74,169.52,53.14,176.21,0.3494,-1,-1,-1
73,1,404.20,327.63,85.18,226.34,0.7872,-1,-1,-1
73,2,102.00,545.04,76.20,250.23,0.7321,-1,-1,-1
73,3,1179.17,965.31,86.06,114.68,0.6094,-1,-1,-1
73,4,1722.72,456.28,74.57,212.54,0.6133,-1,-1,-1
73,5,1356.95,569.34,82.81,216.72,0.6160,-1,-1,-1
73,6,10.86,734.95,73.96,229.32,0.7478,-1,-1,-1
73,13,486.27,193.51,86.08,196.68,0.5927,-1,-1,-1
73,21,379.04,902.04,112.11,177.95,0.7151,-1,-1,-1
73,20,997.02,189.44,57.81,179.01,0.5500,-1,-1,-1
73,10,778.21,148.90,86.62,221.33,0.3039,-1,-1,-1
73,22,844.86,169.93,51.53,177.47,0.3473,-1,-1,-1
74,1,405.03,327.34,84.46,226.26,0.7842,-1,-1,-1
74,2,102.20,545.40,75.64,249.21,0.7220,-1,-1,-1
74,3,1178.09,964.89,86.99,115.11,0.6237,-1,-1,-1
74,4,1722.20,458.93,74.34,208.64,0.5958,-1,-1,-1
74,5,1356.63,569.55,82.89,215.52,0.6195,-1,-1,-1
74,6,10.88,732.38,74.61,226.50,0.7514,-1,-1,-1
74,13,485.06,194.74,88.21,195.46,0.5599,-1,-1,-1
74,21,378.72,900.32,112.16,179.71,0.6885,-1,-1,-1
74,20,997.45,190.05,55.56,180.64,0.5586,-1,-1,-1
74,22,844.50,170.60,52.45,179.08,0.3055,-1,-1,-1
75,1,405.21,326.72,84.38,226.67,0.7785,-1,-1,-1
75,2,101.92,545.18,75.51,249.47,0.7284,-1,-1,-1
75,3,1176.95,964.45,88.11,115.57,0.6363,-1,-1,-1
75,4,1722.19,457.67,74.40,211.07,0.6187,-1,-1,-1
75,5,1356.76,569.93,82.58,212.95,0.6548,-1,-1,-1
75,6,10.71,730.88,74.76,226.99,0.7486,-1,-1,-1
75,13,483.42,196.23,89.43,194.19,0.5708,-1,-1,-1
75,21,379.03,898.16,111.49,181.89,0.6778,-1,-1,-1
75,20,995.21,189.53,56.91,183.15,0.6141,-1,-1,-1
75,22,843.06,171.30,54.03,183.80,0.3013,-1,-1,-1
76,1,406.36,326.28,83.45,227.27,0.7724,-1,-1,-1
76,2,102.00,544.41,75.04,250.21,0.7220,-1,-1,-1
76,3,1176.45,963.86,88.58,116.12,0.6886,-1,-1,-1
76,4,1721.48,459.07,74.54,207.90,0.6303,-1,-1,-1
76,5,1356.34,570.39,83.01,212.54,0.6477,-1,-1,-1
76,6,10.85,729.11,74.45,229.54,0.7470,-1,-1,-1
76,13,485.15,199.23,87.97,191.99,0.5540,-1,-1,-1
76,21,380.21,895.29,109.48,184.69,0.6904,-1,-1,-1
76,20,994.17,189.37,57.27,182.56,0.5748,-1,-1,-1
77,1,406.97,325.20,83.39,228.78,0.7668,-1,-1,-1
77,2,102.12,544.22,74.22,250.34,0.7224,-1,-1,-1
77,3,1176.24,963.65,88.46,116.31,0.6972,-1,-1,-1
77,4,1721.23,458.92,74.64,206.70,0.6226,-1,-1,-1
77,5,1355.95,570.00,84.28,214.17,0.6321,-1,-1,-1
77,6,11.01,727.63,74.29,230.59,0.7515,-1,-1,-1
77,13,491.02,201.26,81.44,189.48,0.5687,-1,-1,-1
77,21,381.79,893.02,107.28,186.93,0.7466,-1,-1,-1
77,20,993.32,190.04,57.88,181.28,0.5922,-1,-1,-1
78,1,407.00,324.62,83.44,229.27,0.7694,-1,-1,-1
78,2,101.89,544.21,73.86,250.08,0.7233,-1,-1,-1
78,3,1175.99,963.07,88.49,116.92,0.7207,-1,-1,-1
78,4,1720.96,459.61,75.13,205.89,0.6372,-1,-1,-1
78,5,1355.56,571.07,85.02,214.34,0.6380,-1,-1,-1
78,6,10.88,726.52,75.46,232.87,0.7458,-1,-1,-1
78,13,490.80,204.35,79.42,187.10,0.6007,-1,-1,-1
78,21,382.52,890.74,105.69,189.28,0.7540,-1,-1,-1
78,20,993.70,189.34,56.85,181.36,0.5644,-1,-1,-1
79,1,407.89,324.28,82.61,230.11,0.7798,-1,-1,-1
79,2,102.03,544.92,73.49,248.89,0.7258,-1,-1,-1
79,3,1175.87,962.91,88.28,117.05,0.7240,-1,-1,-1
79,4,1720.87,458.92,74.91,206.44,0.6468,-1,-1,-1
79,5,1355.29,572.09,85.25,213.69,0.6071,-1,-1,-1
79,6,11.60,725.97,75.79,232.96,0.7472,-1,-1,-1
79,13,489.98,203.40,80.56,190.74,0.5841,-1,-1,-1
79,21,384.81,887.49,102.95,192.49,0.7680,-1,-1,-1
79,20,992.43,190.28,57.72,179.41,0.5754,-1,-1,-1
80,1,409.26,324.02,81.33,229.68,0.7780,-1,-1,-1
80,2,102.20,545.32,73.07,248.42,0.7273,-1,-1,-1
80,3,1175.24,962.35,88.38,117.60,0.7371,-1,-1,-1
80,4,1720.98,459.67,75.04,206.08,0.6344,-1,-1,-1
80,5,1355.99,572.20,85.70,215.93,0.5754,-1,-1,-1
80,6,12.36,724.95,76.59,233.73,0.7277,-1,-1,-1
80,13,491.06,203.71,79.89,193.27,0.5726,-1,-1,-1
80,21,386.43,882.94,101.01,197.00,0.7885,-1,-1,-1
80,20,991.10,190.46,58.22,182.84,0.6078,-1,-1,-1
81,1,410.00,323.65,80.59,228.15,0.7615,-1,-1,-1
81,2,102.54,545.03,72.35,248.48,0.7278,-1,-1,-1
81,3,1175.97,961.91,87.10,118.12,0.7442,-1,-1,-1
81,4,1721.35,459.43,74.90,206.29,0.6201,-1,-1,-1
81,5,1355.71,571.97,85.99,217.19,0.5507,-1,-1,-1
81,6,12.96,724.42,75.86,233.74,0.7207,-1,-1,-1
81,13,491.81,204.38,79.05,195.66,0.5468,-1,-1,-1
81,21,387.58,879.42,99.92,200.62,0.7855,-1,-1,-1
81,20,989.98,191.17,58.29,182.92,0.6100,-1,-1,-1
82,1,411.89,323.38,79.86,226.94,0.7528,-1,-1,-1
82,2,102.44,545.65,72.19,247.26,0.7279,-1,-1,-1
82,3,1175.91,961.39,86.01,118.62,0.7317,-1,-1,-1
82,4,1721.41,459.43,74.63,206.52,0.6201,-1,-1,-1
82,5,1355.78,572.02,85.92,217.53,0.5451,-1,-1,-1
82,6,13.50,722.14,76.89,235.72,0.7266,-1,-1,-1
82,13,493.84,206.66,77.30,195.11,0.5545,-1,-1,-1
82,21,387.24,875.83,100.97,204.19,0.7833,-1,-1,-1
82,20,988.80,191.16,57.81,183.27,0.6095,-1,-1,-1
83,1,412.22,322.06,80.83,226.36,0.7641,-1,-1,-1
83,2,102.09,545.71,72.26,247.34,0.7278,-1,-1,-1
83,3,1175.46,961.50,85.06,118.46,0.7057,-1,-1,-1
83,4,1721.89,459.66,73.94,205.30,0.6159,-1,-1,-1
83,5,1356.05,571.53,85.85,218.64,0.5500,-1,-1,-1
83,6,14.71,720.39,76.15,237.26,0.7177,-1,-1,-1
83,13,494.32,207.30,78.16,195.04,0.5793,-1,-1,-1
83,21,387.99,873.17,101.20,206.76,0.7796,-1,-1,-1
83,20,987.35,191.54,57.69,182.79,0.5994,-1,-1,-1
84,1,413.42,320.41,80.13,226.02,0.7627,-1,-1,-1
84,2,102.19,545.85,72.33,247.36,0.7183,-1,-1,-1
84,3,1174.85,961.33,84.62,118.62,0.7224,-1,-1,-1
84,4,1721.70,459.57,74.32,205.68,0.5940,-1,-1,-1
84,5,1356.24,571.93,85.53,217.25,0.5437,-1,-1,-1
84,6,14.67,718.64,75.72,239.13,0.7199,-1,-1,-1
84,13,495.62,208.33,77.44,196.22,0.5983,-1,-1,-1
84,21,388.34,870.81,101.94,209.13,0.7700,-1,-1,-1
84,20,986.11,191.85,57.50,182.49,0.6085,-1,-1,-1
84,10,793.49,149.58,56.48,172.42,0.3684,-1,-1,-1
85,1,413.73,318.81,81.23,224.87,0.7575,-1,-1,-1
85,2,101.95,545.25,72.80,248.64,0.7187,-1,-1,-1
85,3,1174.53,961.31,84.06,118.65,0.7154,-1,-1,-1
85,4,1721.26,460.27,74.88,205.66,0.5994,-1,-1,-1
85,5,1356.54,572.61,85.98,220.55,0.4904,-1,-1,-1
85,6,15.92,717.55,76.35,240.12,0.7212,-1,-1,-1
85,13,496.11,209.31,77.38,195.41,0.5914,-1,-1,-1
85,21,388.81,868.83,102.38,211.14,0.7789,-1,-1,-1
85,20,983.73,191.00,58.90,184.40,0.5486,-1,-1,-1
85,10,793.56,149.51,54.86,170.44,0.3151,-1,-1,-1
86,1,414.49,317.57,81.41,222.37,0.7630,-1,-1,-1
86,2,102.01,545.86,73.15,247.70,0.7209,-1,-1,-1
86,3,1173.04,961.07,84.92,118.91,0.7081,-1,-1,-1
86,4,1721.75,458.30,75.03,208.56,0.6081,-1,-1,-1
86,5,1357.16,573.60,85.30,215.86,0.5336,-1,-1,-1
86,6,17.17,716.05,75.99,236.83,0.7461,-1,-1,-1
86,13,496.30,209.39,78.05,197.21,0.6102,-1,-1,-1
86,21,389.42,866.41,102.60,213.60,0.7884,-1,-1,-1
86,20,981.24,191.35,60.14,184.95,0.4825,-1,-1,-1
86,10,793.37,149.56,55.34,171.14,0.3062,-1,-1,-1
87,1,414.41,316.65,83.20,220.80,0.7753,-1,-1,-1
87,2,102.03,545.72,73.43,247.32,0.7339,-1,-1,-1
87,3,1173.06,960.66,83.81,119.31,0.7056,-1,-1,-1
87,4,1721.37,459.68,74.66,207.17,0.6337,-1,-1,-1
87,5,1357.11,573.73,84.50,215.37,0.5166,-1,-1,-1
87,6,18.69,713.96,74.73,228.92,0.7605,-1,-1,-1
87,13,496.11,210.04,79.62,196.27,0.6204,-1,-1,-1
87,21,389.82,864.37,103.41,215.60,0.7884,-1,-1,-1
87,20,979.15,191.79,61.61,182.25,0.4578,-1,-1,-1
87,10,792.61,149.35,56.23,172.03,0.3228,-1,-1,-1
87,22,835.07,179.27,61.26,189.12,0.3396,-1,-1,-1
88,1,414.20,315.48,84.47,220.10,0.7855,-1,-1,-1
88,2,102.03,546.10,73.52,246.57,0.7177,-1,-1,-1
88,3,1171.41,960.24,84.02,119.71,0.7422,-1,-1,-1
88,4,1720.90,460.04,74.82,206.56,0.6468,-1,-1,-1
88,5,1357.25,573.12,84.26,215.86,0.5495,-1,-1,-1
88,6,18.68,710.80,74.95,226.76,0.7287,-1,-1,-1
88,13,496.97,209.83,80.85,197.49,0.6166,-1,-1,-1
88,21,390.24,862.06,104.87,217.89,0.8054,-1,-1,-1
88,20,976.98,191.30,63.01,185.47,0.4209,-1,-1,-1
88,10,792.27,150.22,56.20,169.96,0.3240,-1,-1,-1
88,24,743.56,187.07,55.20,177.16,0.3602,-1,-1,-1
89,1,414.24,314.00,84.70,219.91,0.7766,-1,-1,-1
89,2,101.97,546.27,73.54,245.81,0.7233,-1,-1,-1
89,3,1171.09,959.80,82.18,120.11,0.7522,-1,-1,-1
89,4,1720.33,459.33,74.92,207.19,0.6361,-1,-1,-1
89,5,1357.19,573.62,84.44,217.38,0.5392,-1,-1,-1
89,6,18.32,706.54,76.27,227.22,0.7358,-1,-1,-1
89,13,497.45,208.87,82.47,199.01,0.6147,-1,-1,-1
89,21,391.30,860.92,104.18,219.04,0.8131,-1,-1,-1
89,20,975.56,192.90,63.81,185.20,0.4931,-1,-1,-1
90,1,414.84,312.60,84.47,220.13,0.7463,-1,-1,-1
90,2,101.74,546.59,73.73,245.32,0.7134,-1,-1,-1
90,3,1170.55,958.84,81.21,121.15,0.7640,-1,-1,-1
90,4,1720.37,459.40,74.59,206.85,0.6227,-1,-1,-1
90,5,1356.96,573.31,83.43,216.75,0.5371,-1,-1,-1
90,6,19.84,704.12,74.98,227.52,0.7339,-1,-1,-1
90,13,498.63,207.99,83.72,199.08,0.5991,-1,-1,-1
90,21,392.29,859.65,103.25,220.37,0.8173,-1,-1,-1
90,20,974.18,194.72,64.72,184.90,0.4124,-1,-1,-1
91,1,416.00,311.19,82.98,222.01,0.7442,-1,-1,-1
91,2,102.00,546.88,73.65,244.81,0.7042,-1,-1,-1
91,3,1169.52,957.64,80.81,122.35,0.7737,-1,-1,-1
91,4,1720.20,460.01,74.62,206.66,0.6289,-1,-1,-1
91,5,1356.84,572.41,83.69,219.07,0.5257,-1,-1,-1
91,6,21.01,701.19,74.21,226.93,0.7229,-1,-1,-1
91,13,500.98,208.51,80.60,199.27,0.5637,-1,-1,-1
91,21,392.24,857.65,103.94,222.37,0.8023,-1,-1,-1
91,20,973.63,193.93,63.74,184.27,0.3692,-1,-1,-1
92,1,416.67,310.66,82.68,223.24,0.7394,-1,-1,-1
92,2,102.14,546.80,73.47,244.90,0.7011,-1,-1,-1
92,3,1169.02,956.99,79.46,123.01,0.7608,-1,-1,-1
92,4,1720.57,460.02,74.53,206.78,0.6310,-1,-1,-1
92,5,1357.15,572.37,83.13,216.97,0.5328,-1,-1,-1
92,6,22.16,697.44,72.79,228.62,0.7176,-1,-1,-1
92,13,500.65,211.28,79.95,196.62,0.5911,-1,-1,-1
92,21,392.75,854.61,103.02,225.41,0.7953,-1,-1,-1
92,20,972.37,195.38,63.38,183.39,0.3984,-1,-1,-1
93,1,417.17,309.72,82.51,224.41,0.7306,-1,-1,-1
93,2,102.19,547.00,73.08,244.73,0.6920,-1,-1,-1
93,3,1168.20,956.63,78.54,123.38,0.7792,-1,-1,-1
93,4,1720.65,460.03,74.66,206.50,0.6208,-1,-1,-1
93,5,1357.00,572.06,82.84,216.64,0.5182,-1,-1,-1
93,6,23.33,697.25,71.62,226.32,0.7093,-1,-1,-1
93,13,501.48,210.00,79.25,198.05,0.5532,-1,-1,-1
93,21,393.62,851.37,102.82,228.65,0.8024,-1,-1,-1
93,20,972.33,195.46,62.51,185.62,0.3527,-1,-1,-1
94,1,417.24,309.10,82.48,224.83,0.7310,-1,-1,-1
94,2,102.11,547.25,73.47,244.57,0.6883,-1,-1,-1
94,3,1167.40,955.74,77.18,124.30,0.7913,-1,-1,-1
94,4,1721.29,460.12,74.49,206.88,0.6233,-1,-1,-1
94,5,1356.94,572.30,83.30,217.09,0.4741,-1,-1,-1
94,6,23.69,696.75,70.99,225.06,0.7143,-1,-1,-1
94,13,501.51,210.93,78.16,198.87,0.5256,-1,-1,-1
94,21,394.22,849.08,102.73,231.03,0.7916,-1,-1,-1
94,20,971.65,196.77,62.20,186.04,0.3334,-1,-1,-1
95,1,416.85,308.01,82.75,226.25,0.7427,-1,-1,-1
95,2,101.98,547.21,73.67,244.33,0.6853,-1,-1,-1
95,3,1165.90,954.15,77.31,125.85,0.7874,-1,-1,-1
95,4,1721.59,460.06,73.69,206.92,0.6117,-1,-1,-1
95,5,1356.85,573.28,83.34,216.49,0.4456,-1,-1,-1
95,6,25.12,695.85,69.51,225.73,0.7151,-1,-1,-1
95,13,503.05,212.71,76.73,199.23,0.4969,-1,-1,-1
95,21,395.08,844.67,101.55,235.37,0.7974,-1,-1,-1
95,20,970.83,197.32,61.86,187.85,0.3203,-1,-1,-1
96,1,417.57,307.22,83.60,226.87,0.7600,-1,-1,-1
96,2,101.83,547.06,73.63,243.97,0.6778,-1,-1,-1
96,3,1164.94,953.28,76.18,126.72,0.7955,-1,-1,-1
96,4,1721.57,459.35,73.66,207.03,0.6219,-1,-1,-1
96,5,1356.85,573.37,84.23,219.89,0.4978,-1,-1,-1
96,6,26.04,694.06,68.57,228.13,0.7193,-1,-1,-1
96,13,506.45,212.28,77.91,202.78,0.5504,-1,-1,-1
96,21,395.37,841.63,100.83,238.41,0.8076,-1,-1,-1
96,20,968.87,199.11,61.39,189.60,0.4080,-1,-1,-1
97,1,417.64,306.64,83.41,227.32,0.7582,-1,-1,-1
97,2,101.88,547.09,73.52,244.58,0.6833,-1,-1,-1
97,3,1163.58,951.88,75.14,128.14,0.7830,-1,-1,-1
97,4,1721.75,459.40,73.94,207.56,0.6386,-1,-1,-1
97,5,1356.64,572.75,83.95,221.07,0.5215,-1,-1,-1
97,6,25.84,692.96,68.80,228.54,0.7185,-1,-1,-1
97,13,509.08,213.30,75.81,204.11,0.5288,-1,-1,-1
97,21,395.60,840.55,99.00,239.52,0.8020,-1,-1,-1
97,20,966.81,199.50,61.25,190.70,0.3787,-1,-1,-1
98,1,418.20,305.31,82.93,228.70,0.7627,-1,-1,-1
98,2,101.74,546.90,73.51,244.66,0.6731,-1,-1,-1
98,3,1161.53,949.88,75.68,130.13,0.7766,-1,-1,-1
98,4,1721.92,456.83,73.92,210.41,0.6372,-1,-1,-1
98,5,1357.00,573.06,82.46,219.13,0.5183,-1,-1,-1
98,6,26.02,692.30,68.81,229.04,0.7197,-1,-1,-1
98,13,510.80,214.19,73.93,204.65,0.5613,-1,-1,-1
98,21,395.40,838.73,97.61,241.31,0.8025,-1,-1,-1
98,20,964.82,199.85,61.87,190.57,0.4792,-1,-1,-1
99,1,418.61,304.86,83.21,228.86,0.7623,-1,-1,-1
99,2,101.68,546.60,73.54,245.01,0.6740,-1,-1,-1
99,3,1159.89,947.25,76.26,132.76,0.7661,-1,-1,-1
99,4,1722.12,458.49,73.66,208.98,0.6248,-1,-1,-1
99,5,1357.06,573.46,82.03,215.02,0.5439,-1,-1,-1
99,6,26.59,691.64,68.90,228.99,0.7220,-1,-1,-1
99,13,512.52,214.62,71.62,204.73,0.5247,-1,-1,-1
99,21,395.07,834.76,97.08,245.27,0.8040,-1,-1,-1
99,20,962.95,200.44,61.71,190.12,0.4278,-1,-1,-1
100,1,419.53,303.47,83.07,229.32,0.7518,-1,-1,-1
100,2,101.85,545.61,73.17,247.43,0.6635,-1,-1,-1
100,3,1158.86,946.17,75.13,133.86,0.7549,-1,-1,-1
100,4,1721.97,459.16,73.70,208.29,0.6092,-1,-1,-1
100,5,1356.93,574.00,82.15,214.48,0.5219,-1,-1,-1
100,6,26.82,690.10,69.77,229.66,0.7321,-1,-1,-1
100,13,512.08,214.24,70.68,206.50,0.4418,-1,-1,-1
100,21,394.18,831.98,96.96,248.05,0.7951,-1,-1,-1
100,20,961.50,201.43,60.89,188.94,0.4511,-1,-1,-1
101,1,419.92,302.34,83.38,229.57,0.7660,-1,-1,-1
101,2,102.01,545.21,73.16,248.28,0.6691,-1,-1,-1
101,3,1157.34,945.38,74.68,134.16,0.7602,-1,-1,-1
101,4,1721.80,459.54,74.02,208.03,0.6193,-1,-1,-1
101,5,1356.87,574.38,82.31,214.50,0.5131,-1,-1,-1
101,6,28.00,688.03,69.65,227.32,0.7360,-1,-1,-1
101,13,512.22,216.24,71.21,207.39,0.5113,-1,-1,-1
101,21,392.57,830.05,97.50,249.97,0.7904,-1,-1,-1
101,20,960.20,202.06,60.40,185.28,0.4394,-1,-1,-1
101,25,1167.55,162.91,85.00,160.60,0.3462,-1,-1,-1
102,1,420.62,300.37,82.80,229.81,0.7644,-1,-1,-1
102,2,102.27,544.76,73.23,248.66,0.6745,-1,-1,-1
102,3,1156.16,944.14,73.37,134.80,0.7409,-1,-1,-1
102,4,1721.93,459.95,73.57,207.37,0.6224,-1,-1,-1
102,5,1356.88,574.37,82.47,216.41,0.5021,-1,-1,-1
102,6,28.34,685.48,69.92,224.79,0.7533,-1,-1,-1
102,13,512.53,217.23,71.74,207.60,0.5148,-1,-1,-1
102,21,390.99,827.23,98.60,252.75,0.7981,-1,-1,-1
102,20,957.78,203.22,60.60,183.98,0.4930,-1,-1,-1
103,1,420.61,299.18,82.70,228.54,0.7478,-1,-1,-1
103,2,102.34,544.73,73.12,249.16,0.6718,-1,-1,-1
103,3,1154.69,941.74,72.36,136.98,0.7410,-1,-1,-1
103,4,1721.35,459.93,74.19,206.80,0.6110,-1,-1,-1
103,5,1357.21,574.03,82.79,217.78,0.4881,-1,-1,-1
103,6,30.23,684.20,69.23,220.93,0.7641,-1,-1,-1
103,13,511.87,217.01,73.37,209.64,0.5130,-1,-1,-1
103,21,389.17,825.40,100.21,254.64,0.7944,-1,-1,-1
103,20,954.88,201.55,60.95,184.74,0.4965,-1,-1,-1
104,1,421.11,298.90,81.75,225.66,0.7410,-1,-1,-1
104,2,102.62,544.13,72.99,249.98,0.6567,-1,-1,-1
104,3,1152.48,941.28,71.21,137.41,0.7273,-1,-1,-1
104,4,1721.55,459.41,73.43,206.80,0.6162,-1,-1,-1
104,5,1357.27,574.27,83.04,218.71,0.4486,-1,-1,-1
104,6,32.10,682.16,68.43,220.02,0.7643,-1,-1,-1
104,13,512.59,216.85,75.61,209.98,0.5278,-1,-1,-1
104,21,387.53,822.77,101.50,257.22,0.8052,-1,-1,-1
104,20,952.86,201.64,60.90,184.83,0.4648,-1,-1,-1
105,1,420.91,298.14,82.22,220.98,0.7366,-1,-1,-1
105,2,102.78,544.28,73.13,249.84,0.6829,-1,-1,-1
105,3,1151.05,940.47,69.82,137.77,0.7222,-1,-1,-1
105,4,1721.28,458.96,74.27,206.94,0.6148,-1,-1,-1
105,5,1357.13,574.25,84.73,224.00,0.4627,-1,-1,-1
105,6,34.65,680.91,67.98,221.26,0.7763,-1,-1,-1
105,13,514.14,220.25,74.19,206.38,0.5061,-1,-1,-1
105,21,386.83,821.02,101.99,258.96,0.8103,-1,-1,-1
105,20,950.84,201.24,60.67,186.55,0.4982,-1,-1,-1
106,1,421.39,297.03,81.77,217.04,0.7385,-1,-1,-1
106,2,102.99,545.37,73.16,248.92,0.6617,-1,-1,-1
106,3,1149.85,939.70,68.87,138.82,0.7098,-1,-1,-1
106,4,1721.33,459.54,74.00,206.77,0.6220,-1,-1,-1
106,5,1357.18,574.40,83.08,220.57,0.4964,-1,-1,-1
106,6,35.83,679.68,69.96,222.16,0.7827,-1,-1,-1
106,13,514.29,220.15,73.73,205.91,0.4992,-1,-1,-1
106,21,385.78,819.05,102.41,260.95,0.8043,-1,-1,-1
106,20,949.11,201.44,60.00,186.36,0.5160,-1,-1,-1
107,1,421.15,295.75,81.70,215.78,0.7489,-1,-1,-1
107,2,103.18,545.93,73.23,249.01,0.6631,-1,-1,-1
107,3,1147.83,938.35,69.86,140.29,0.7247,-1,-1,-1
107,4,1721.03,459.57,74.29,206.77,0.6308,-1,-1,-1
107,5,1356.94,574.36,84.39,222.77,0.4665,-1,-1,-1
107,6,36.34,678.79,74.46,222.23,0.7871,-1,-1,-1
107,13,514.41,222.98,72.71,202.96,0.5120,-1,-1,-1
107,21,385.49,817.57,101.55,262.39,0.8076,-1,-1,-1
107,20,948.74,203.74,58.88,186.52,0.5247,-1,-1,-1
108,1,421.05,294.38,81.87,216.03,0.7383,-1,-1,-1
108,2,103.15,545.87,73.68,250.18,0.6416,-1,-1,-1
108,3,1145.88,937.73,70.49,140.58,0.7298,-1,-1,-1
108,4,1720.88,459.18,74.33,207.02,0.6401,-1,-1,-1
108,5,1356.88,574.92,85.09,221.98,0.4991,-1,-1,-1
108,6,37.18,676.96,78.98,224.09,0.8082,-1,-1,-1
108,13,515.41,223.84,69.21,202.32,0.4524,-1,-1,-1
108,21,385.57,815.95,100.81,263.96,0.8065,-1,-1,-1
108,20,946.44,205.10,59.92,188.64,0.5481,-1,-1,-1
108,25,1162.67,153.27,57.21,169.43,0.3970,-1,-1,-1
109,1,420.06,293.78,83.23,216.04,0.7413,-1,-1,-1
109,2,103.11,545.61,73.50,251.33,0.6548,-1,-1,-1
109,3,1143.88,936.95,70.91,141.93,0.7533,-1,-1,-1
109,4,1721.54,458.82,73.31,206.51,0.6151,-1,-1,-1
109,5,1356.65,575.45,83.62,218.13,0.5245,-1,-1,-1
109,6,38.21,675.99,79.06,225.07,0.8145,-1,-1,-1
109,13,515.88,225.17,67.72,201.14,0.4467,-1,-1,-1
109,21,385.55,811.92,100.05,268.03,0.8131,-1,-1,-1
109,20,945.32,204.97,59.37,188.40,0.6071,-1,-1,-1
109,25,1161.14,152.87,56.23,168.27,0.3705,-1,-1,-1
110,1,419.63,291.79,84.26,217.83,0.7467,-1,-1,-1
110,2,103.08,545.07,73.58,253.85,0.6552,-1,-1,-1
110,3,1141.17,936.55,72.00,142.87,0.7566,-1,-1,-1
110,4,1721.47,459.24,73.56,207.47,0.6224,-1,-1,-1
110,5,1356.68,576.05,84.14,218.09,0.5024,-1,-1,-1
110,6,39.09,673.78,85.82,225.97,0.7994,-1,-1,-1
110,13,514.83,227.14,65.13,198.87,0.4354,-1,-1,-1
110,21,385.99,806.82,98.75,273.12,0.8169,-1,-1,-1
110,20,944.49,205.84,58.02,187.24,0.6181,-1,-1,-1
110,25,1158.73,150.41,56.94,172.49,0.3678,-1,-1,-1
111,1,419.88,289.40,84.76,220.83,0.7341,-1,-1,-1
111,2,102.85,544.79,73.46,255.06,0.6583,-1,-1,-1
111,3,1138.70,935.86,72.77,143.92,0.7606,-1,-1,-1
111,4,1721.79,457.11,73.49,209.67,0.5936,-1,-1,-1
111,5,1356.78,575.95,82.46,214.46,0.5081,-1,-1,-1
111,6,40.92,671.68,89.42,226.16,0.7702,-1,-1,-1
111,13,516.02,227.77,70.68,199.07,0.5173,-1,-1,-1
111,21,387.15,802.29,97.67,277.66,0.8207,-1,-1,-1
111,20,942.76,206.81,58.78,187.11,0.6484,-1,-1,-1
111,25,1155.13,149.53,55.77,171.27,0.3393,-1,-1,-1
112,1,419.49,288.01,84.97,222.31,0.7348,-1,-1,-1
112,2,103.11,544.81,72.91,255.14,0.6414,-1,-1,-1
112,3,1137.80,934.82,72.48,145.15,0.7561,-1,-1,-1
112,4,1721.96,456.61,73.67,210.45,0.6127,-1,-1,-1
112,5,1357.19,575.38,81.53,212.45,0.5605,-1,-1,-1
112,6,43.24,670.36,90.27,226.04,0.7174,-1,-1,-1
112,13,517.24,230.51,72.73,198.21,0.5553,-1,-1,-1
112,21,388.19,799.79,96.47,277.50,0.8148,-1,-1,-1
112,20,940.91,208.95,59.20,185.75,0.6367,-1,-1,-1
112,25,1151.92,149.27,57.75,169.84,0.4271,-1,-1,-1
113,1,420.00,287.05,85.14,223.56,0.7437,-1,-1,-1
113,2,103.56,545.37,72.25,252.98,0.6696,-1,-1,-1
113,3,1135.40,934.27,73.38,145.77,0.7561,-1,-1,-1
113,4,1721.83,459.04,73.76,207.13,0.6321,-1,-1,-1
113,5,1356.86,575.43,82.93,215.24,0.5355,-1,-1,-1
113,6,45.51,669.87,83.99,225.36,0.6615,-1,-1,-1
113,13,518.01,232.92,73.22,198.12,0.5480,-1,-1,-1
113,21,388.37,797.46,95.94,274.42,0.8059,-1,-1,-1
113,20,940.04,210.01,58.34,185.38,0.6518,-1,-1,-1
113,25,1147.53,149.80,61.24,168.02,0.4302,-1,-1,-1
114,1,419.80,286.04,86.60,223.38,0.7351,-1,-1,-1
114,2,103.68,545.40,72.10,251.90,0.6596,-1,-1,-1
114,3,1133.31,933.41,73.32,146.60,0.7547,-1,-1,-1
114,4,1721.79,457.18,73.71,209.59,0.6197,-1,-1,-1
114,5,1356.92,575.35,82.29,215.18,0.5363,-1,-1,-1
114,6,47.91,668.09,82.97,225.94,0.6566,-1,-1,-1
114,13,519.31,234.90,74.01,200.17,0.5681,-1,-1,-1
114,21,388.90,794.27,95.72,272.52,0.8079,-1,-1,-1
114,20,937.56,209.90,58.49,185.54,0.6028,-1,-1,-1
114,25,1137.02,149.51,70.61,167.72,0.3072,-1,-1,-1
115,1,420.10,286.20,86.92,222.77,0.7587,-1,-1,-1
115,2,103.94,545.35,71.55,252.83,0.6313,-1,-1,-1
115,3,1129.84,933.46,74.96,146.55,0.7633,-1,-1,-1
115,4,1721.63,456.88,74.24,210.47,0.6517,-1,-1,-1
115,5,1356.99,575.06,82.66,214.30,0.5490,-1,-1,-1
115,6,52.19,666.08,82.19,226.93,0.6841,-1,-1,-1
115,13,521.09,236.40,74.73,201.02,0.6077,-1,-1,-1
115,21,389.21,790.92,97.18,271.09,0.8049,-1,-1,-1
115,20,936.88,210.57,57.49,184.32,0.6124,-1,-1,-1
116,1,419.71,285.49,87.21,223.42,0.7554,-1,-1,-1
116,2,103.63,546.09,70.99,249.10,0.5932,-1,-1,-1
116,3,1127.06,933.79,75.17,146.18,0.7660,-1,-1,-1
116,4,1721.65,459.37,73.94,207.77,0.6297,-1,-1,-1
116,5,1356.62,574.99,83.51,216.86,0.5442,-1,-1,-1
116,6,57.68,664.71,78.32,222.87,0.6925,-1,-1,-1
116,13,520.69,236.12,74.69,202.45,0.5904,-1,-1,-1
116,21,390.25,788.21,98.16,272.47,0.8108,-1,-1,-1
116,20,935.12,211.14,58.13,182.91,0.5616,-1,-1,-1
116,27,475.20,153.61,60.43,177.53,0.3677,-1,-1,-1
116,25,1120.04,149.48,82.42,168.96,0.3418,-1,-1,-1
117,1,419.79,285.01,87.08,223.80,0.7546,-1,-1,-1
117,2,103.42,545.97,70.80,246.16,0.5549,-1,-1,-1
117,3,1124.53,933.90,75.77,145.67,0.7593,-1,-1,-1
117,4,1721.40,459.57,74.14,207.01,0.6431,-1,-1,-1
117,5,1356.21,575.67,84.46,220.07,0.5567,-1,-1,-1
117,6,65.24,664.31,75.05,218.34,0.7182,-1,-1,-1
117,13,520.67,236.50,74.38,203.28,0.5523,-1,-1,-1
117,21,390.29,786.54,99.40,272.65,0.8087,-1,-1,-1
117,20,934.15,211.14,56.82,181.18,0.5329,-1,-1,-1
117,25,1111.33,147.37,88.10,172.25,0.3494,-1,-1,-1
118,1,420.50,284.65,86.10,223.83,0.7446,-1,-1,-1
118,2,100.35,545.36,73.76,246.43,0.5335,-1,-1,-1
118,3,1121.50,933.88,77.22,145.82,0.7776,-1,-1,-1
118,4,1721.46,459.80,73.96,206.61,0.6523,-1,-1,-1
118,5,1356.45,575.97,83.92,216.02,0.5140,-1,-1,-1
118,6,70.87,665.49,71.99,213.28,0.6107,-1,-1,-1
118,13,520.38,235.97,74.53,206.18,0.5837,-1,-1,-1
118,21,390.29,784.82,100.87,275.30,0.7998,-1,-1,-1
118,20,930.87,211.43,58.43,182.77,0.5609,-1,-1,-1
118,25,1107.43,146.76,89.39,173.09,0.3865,-1,-1,-1
119,1,420.63,284.39,85.63,223.79,0.7466,-1,-1,-1
119,2,99.36,546.09,74.91,252.79,0.5138,-1,-1,-1
119,3,1118.30,933.98,78.06,145.97,0.7949,-1,-1,-1
119,4,1720.93,459.68,74.78,206.77,0.6540,-1,-1,-1
119,5,1356.73,575.85,83.53,217.21,0.4828,-1,-1,-1
119,6,76.06,667.89,71.95,209.59,0.5400,-1,-1,-1
119,13,520.34,237.17,73.26,207.07,0.6031,-1,-1,-1
119,21,391.76,783.55,100.62,275.23,0.8012,-1,-1,-1
119,20,930.29,210.97,56.79,184.98,0.5357,-1,-1,-1
119,25,1104.01,145.88,91.21,174.66,0.4330,-1,-1,-1
120,1,420.90,283.82,85.16,224.35,0.7468,-1,-1,-1
120,2,99.11,545.62,75.12,255.87,0.5082,-1,-1,-1
120,3,1114.77,933.52,78.71,146.47,0.7978,-1,-1,-1
120,4,1720.87,459.85,75.03,206.86,0.6276,-1,-1,-1
120,5,1356.51,576.99,83.26,213.52,0.4812,-1,-1,-1
120,6,81.03,666.53,69.75,207.77,0.5924,-1,-1,-1
120,13,520.97,239.87,71.83,203.97,0.5786,-1,-1,-1
120,21,392.46,782.27,100.65,275.35,0.8033,-1,-1,-1
120,20,929.09,211.20,56.73,186.11,0.5363,-1,-1,-1
120,25,1101.69,145.87,92.53,174.53,0.4382,-1,-1,-1
121,1,421.11,282.23,84.36,225.02,0.7512,-1,-1,-1
121,2,99.78,544.93,74.60,248.95,0.4923,-1,-1,-1
121,3,1110.98,932.86,79.73,147.16,0.7761,-1,-1,-1
121,4,1721.49,457.08,74.30,209.92,0.6353,-1,-1,-1
121,5,1356.50,576.32,82.87,213.00,0.5522,-1,-1,-1
121,6,82.05,664.45,71.67,210.11,0.6927,-1,-1,-1
121,13,521.81,242.33,68.85,200.84,0.5770,-1,-1,-1
121,21,392.82,780.20,100.99,276.63,0.8022,-1,-1,-1
121,20,927.06,211.40,57.30,186.72,0.4909,-1,-1,-1
121,25,1102.02,145.64,88.75,173.96,0.4002,-1,-1,-1
122,1,421.32,281.19,84.14,223.95,0.7521,-1,-1,-1
122,2,101.46,545.97,72.05,221.55,0.4591,-1,-1,-1
122,3,1107.05,932.37,80.46,147.64,0.7837,-1,-1,-1
122,4,1720.68,458.82,75.22,208.00,0.6479,-1,-1,-1
122,5,1356.62,576.18,83.75,215.56,0.4780,-1,-1,-1
122,6,84.29,661.76,74.83,212.54,0.6641,-1,-1,-1
122,13,521.41,242.71,67.06,199.93,0.5996,-1,-1,-1
122,21,392.66,779.21,101.74,277.10,0.7995,-1,-1,-1
122,20,925.95,211.40,56.25,187.04,0.4256,-1,-1,-1
122,25,1103.14,145.21,84.97,173.29,0.3583,-1,-1,-1
122,28,625.73,750.97,57.31,168.85,0.3503,-1,-1,-1
123,1,422.05,280.21,83.21,221.71,0.7330,-1,-1,-1
123,2,102.31,546.10,70.90,210.56,0.4804,-1,-1,-1
123,3,1104.52,931.60,79.96,148.08,0.7825,-1,-1,-1
123,4,1720.82,458.91,75.47,207.91,0.6469,-1,-1,-1
123,5,1356.55,576.41,83.93,213.46,0.5540,-1,-1,-1
123,6,85.39,659.38,76.25,213.98,0.6610,-1,-1,-1
123,13,521.69,244.37,66.37,197.49,0.5734,-1,-1,-1
123,21,392.46,777.91,102.07,277.25,0.7933,-1,-1,-1
123,20,925.28,210.27,56.01,188.49,0.4608,-1,-1,-1
123,25,1104.78,144.68,78.90,173.00,0.3435,-1,-1,-1
123,28,625.53,751.99,57.08,167.72,0.3276,-1,-1,-1
124,1,422.31,279.08,82.66,218.72,0.7284,-1,-1,-1
124,2,102.18,545.31,71.01,212.26,0.3543,-1,-1,-1
124,3,1101.31,930.24,79.84,149.22,0.7832,-1,-1,-1
124,4,1720.73,459.38,75.42,207.12,0.6137,-1,-1,-1
124,5,1356.72,576.36,83.67,214.22,0.5143,-1,-1,-1
124,6,90.85,657.12,72.70,216.14,0.5096,-1,-1,-1
124,13,522.49,244.97,68.14,197.52,0.5242,-1,-1,-1
124,21,393.16,777.34,102.62,275.11,0.7934,-1,-1,-1
124,20,923.06,210.13,56.66,188.64,0.4639,-1,-1,-1
124,25,1104.28,143.51,74.40,172.36,0.3047,-1,-1,-1
125,1,422.76,278.28,81.92,214.95,0.7079,-1,-1,-1
125,2,102.38,545.21,70.67,209.88,0.3387,-1,-1,-1
125,3,1097.70,929.69,80.20,150.00,0.7885,-1,-1,-1
125,4,1720.83,458.45,74.97,208.28,0.6329,-1,-1,-1
125,5,1356.97,575.99,83.24,214.70,0.4869,-1,-1,-1
125,6,96.28,654.01,67.37,219.35,0.4099,-1,-1,-1
125,13,522.85,247.10,67.45,192.67,0.5251,-1,-1,-1
125,21,393.36,775.14,102.18,276.10,0.7895,-1,-1,-1
125,20,921.20,210.45,56.26,188.81,0.4718,-1,-1,-1
125,25,1104.67,141.95,70.43,173.30,0.3247,-1,-1,-1
126,1,422.09,277.38,82.19,213.81,0.7058,-1,-1,-1
126,2,102.46,544.03,70.24,177.43,0.3044,-1,-1,-1
126,3,1094.13,929.13,80.83,150.50,0.8040,-1,-1,-1
126,4,1720.55,458.51,74.99,208.71,0.6346,-1,-1,-1
126,5,1357.40,575.99,82.44,213.15,0.5259,-1,-1,-1
126,13,523.16,248.55,67.58,192.00,0.5492,-1,-1,-1
126,21,393.44,771.11,100.07,278.34,0.8007,-1,-1,-1
126,20,919.81,210.92,54.36,189.14,0.4829,-1,-1,-1
126,25,1104.20,140.94,64.78,172.66,0.3627,-1,-1,-1
127,1,422.59,276.87,81.01,213.34,0.6877,-1,-1,-1
127,2,102.97,544.23,71.96,279.20,0.3014,-1,-1,-1
127,3,1090.80,928.96,82.10,150.97,0.8076,-1,-1,-1
127,4,1720.85,458.92,74.87,207.89,0.6575,-1,-1,-1
127,5,1357.54,576.52,82.56,213.42,0.5202,-1,-1,-1
127,13,523.82,251.36,67.14,189.36,0.5626,-1,-1,-1
127,21,394.06,766.72,97.50,277.39,0.7937,-1,-1,-1
127,20,918.51,210.97,53.69,189.22,0.4226,-1,-1,-1
127,25,1104.48,140.79,58.92,172.78,0.3619,-1,-1,-1
128,1,422.57,276.33,80.26,212.95,0.6688,-1,-1,-1
128,2,102.77,543.86,71.08,212.02,0.3952,-1,-1,-1
128,3,1087.77,928.21,81.74,151.52,0.7922,-1,-1,-1
128,4,1720.87,459.13,75.22,207.29,0.6282,-1,-1,-1
128,5,1357.31,576.67,82.85,214.38,0.5055,-1,-1,-1
128,13,524.61,253.96,65.94,188.44,0.5367,-1,-1,-1
128,21,393.76,762.06,97.65,276.75,0.7918,-1,-1,-1
128,20,915.24,212.01,54.64,189.61,0.4353,-1,-1,-1
128,25,1101.28,140.54,58.57,172.48,0.3974,-1,-1,-1
129,1,420.26,275.63,80.71,215.24,0.6899,-1,-1,-1
129,2,102.84,544.15,70.31,170.81,0.3474,-1,-1,-1
129,3,1085.50,927.66,81.32,151.87,0.7887,-1,-1,-1
129,4,1720.82,458.59,75.05,206.71,0.6354,-1,-1,-1
129,5,1362.46,576.07,79.66,219.05,0.4777,-1,-1,-1
129,13,525.35,255.28,64.56,190.74,0.5923,-1,-1,-1
129,21,395.19,757.35,95.72,272.92,0.7937,-1,-1,-1
129,20,912.24,212.92,55.83,188.11,0.4731,-1,-1,-1
129,6,103.18,553.32,71.77,245.78,0.3534,-1,-1,-1
130,1,419.28,274.19,80.94,217.37,0.7042,-1,-1,-1
130,2,102.84,544.08,71.10,223.95,0.5555,-1,-1,-1
130,3,1082.21,926.96,81.90,152.30,0.7803,-1,-1,-1
130,4,1721.21,458.44,74.66,207.46,0.6125,-1,-1,-1
130,5,1360.21,575.70,81.90,218.27,0.4890,-1,-1,-1
130,13,526.86,257.34,62.21,192.22,0.5550,-1,-1,-1
130,21,396.57,754.37,93.90,267.37,0.7504,-1,-1,-1
130,20,906.36,214.06,60.70,187.07,0.4832,-1,-1,-1
130,6,103.73,543.75,71.83,245.96,0.5555,-1,-1,-1
131,1,419.95,273.03,80.06,218.50,0.6626,-1,-1,-1
131,2,103.01,543.64,71.42,238.51,0.6451,-1,-1,-1
131,3,1080.34,926.72,81.05,151.73,0.7587,-1,-1,-1
131,4,1721.28,458.87,74.36,207.15,0.6176,-1,-1,-1
131,5,1360.61,576.44,81.47,215.66,0.5041,-1,-1,-1
131,13,527.91,257.82,61.11,197.54,0.5050,-1,-1,-1
131,21,396.36,752.11,93.23,264.41,0.7422,-1,-1,-1
131,20,902.00,214.28,63.29,186.62,0.4995,-1,-1,-1
131,6,104.05,539.99,71.86,245.59,0.6451,-1,-1,-1
132,1,419.46,272.76,80.63,219.09,0.6495,-1,-1,-1
132,2,102.77,544.13,72.81,245.66,0.5842,-1,-1,-1
132,3,1079.06,927.11,80.93,151.18,0.7711,-1,-1,-1
132,4,1721.31,459.16,74.28,207.04,0.6174,-1,-1,-1
132,5,1359.86,576.27,81.52,215.33,0.5141,-1,-1,-1
132,13,529.30,254.68,61.83,203.06,0.5009,-1,-1,-1
132,21,394.60,749.83,93.78,265.13,0.7529,-1,-1,-1
132,20,899.91,213.52,66.05,187.43,0.4835,-1,-1,-1
132,6,103.80,539.62,73.11,246.53,0.5842,-1,-1,-1
132,25,1090.21,139.71,57.80,169.69,0.3921,-1,-1,-1
133,1,418.82,271.96,81.11,219.60,0.6420,-1,-1,-1
133,2,102.49,544.51,73.99,248.00,0.5375,-1,-1,-1
133,3,1077.57,927.30,80.90,151.09,0.7793,-1,-1,-1
133,4,1721.00,458.86,74.53,206.75,0.6036,-1,-1,-1
133,5,1358.46,576.60,83.03,214.32,0.4921,-1,-1,-1
133,13,530.64,253.77,60.64,206.11,0.5161,-1,-1,-1
133,21,391.58,748.37,96.57,265.16,0.7542,-1,-1,-1
133,20,899.16,211.57,67.33,190.53,0.4768,-1,-1,-1
133,6,103.46,539.97,74.23,246.56,0.5375,-1,-1,-1
133,25,1084.04,139.81,59.17,169.50,0.3848,-1,-1,-1
134,1,418.30,272.36,81.25,218.92,0.6426,-1,-1,-1
134,2,102.35,545.00,75.48,241.13,0.5149,-1,-1,-1
134,3,1075.85,927.06,79.55,150.92,0.7850,-1,-1,-1
134,4,1721.08,459.39,74.22,206.87,0.5937,-1,-1,-1
134,5,1358.54,575.97,83.45,216.11,0.4819,-1,-1,-1
134,13,531.53,255.15,58.12,204.48,0.5157,-1,-1,-1
134,21,389.68,747.32,98.08,265.52,0.7698,-1,-1,-1
134,20,898.27,211.79,67.03,190.33,0.4615,-1,-1,-1
134,6,103.23,540.76,75.68,238.86,0.5149,-1,-1,-1
134,25,1076.31,139.43,65.45,170.98,0.4332,-1,-1,-1
135,1,416.51,271.34,82.81,219.22,0.6417,-1,-1,-1
135,2,101.70,543.47,77.17,243.35,0.6190,-1,-1,-1
135,3,1074.42,926.49,79.26,151.55,0.7817,-1,-1,-1
135,4,1720.50,458.72,74.87,207.48,0.5994,-1,-1,-1
135,5,1358.25,575.92,84.11,216.95,0.5092,-1,-1,-1
135,13,530.98,258.07,57.70,203.60,0.5556,-1,-1,-1
135,21,389.10,745.46,98.30,267.44,0.7788,-1,-1,-1
135,20,897.93,211.15,66.77,191.27,0.4350,-1,-1,-1
135,6,102.49,539.69,77.34,241.12,0.6190,-1,-1,-1
135,25,1062.90,139.98,76.85,172.04,0.4568,-1,-1,-1
135,29,575.79,246.85,54.19,184.73,0.4340,-1,-1,-1
136,1,416.90,270.76,81.93,218.75,0.6724,-1,-1,-1
136,2,101.69,543.82,76.02,241.91,0.6223,-1,-1,-1
136,3,1072.95,926.62,77.68,150.97,0.7888,-1,-1,-1
136,4,1720.94,458.76,74.56,207.97,0.6121,-1,-1,-1
136,5,1360.77,576.63,83.52,219.78,0.4843,-1,-1,-1
136,13,530.58,258.87,57.15,203.12,0.5589,-1,-1,-1
136,21,386.44,744.59,100.87,267.99,0.7918,-1,-1,-1
136,20,897.14,211.87,64.63,189.94,0.4134,-1,-1,-1
136,6,102.40,540.42,76.18,239.78,0.6223,-1,-1,-1
136,25,1050.42,140.34,86.82,171.10,0.5634,-1,-1,-1
136,29,576.09,249.34,53.27,185.43,0.5027,-1,-1,-1
137,1,416.14,269.24,82.27,219.08,0.6636,-1,-1,-1
137,2,101.42,544.67,72.92,239.75,0.5724,-1,-1,-1
137,3,1071.27,926.99,77.26,150.25,0.7951,-1,-1,-1
137,4,1721.10,457.78,74.76,208.71,0.6079,-1,-1,-1
137,5,1364.23,577.38,80.40,219.21,0.4571,-1,-1,-1
137,13,531.61,256.98,56.12,204.73,0.5878,-1,-1,-1
137,21,384.65,744.11,102.17,268.19,0.7897,-1,-1,-1
137,20,896.09,211.25,62.52,191.11,0.4159,-1,-1,-1
137,6,102.04,541.67,73.06,237.80,0.5724,-1,-1,-1
137,25,1043.89,139.26,91.09,171.40,0.5818,-1,-1,-1
137,29,574.99,250.62,54.67,185.51,0.4581,-1,-1,-1
138,1,416.00,267.90,82.03,219.38,0.6922,-1,-1,-1
138,2,101.63,545.15,69.10,238.81,0.5974,-1,-1,-1
138,3,1069.82,927.35,76.63,149.87,0.7898,-1,-1,-1
138,4,1721.09,457.71,74.88,209.04,0.6051,-1,-1,-1
138,5,1364.96,577.19,79.90,221.30,0.4475,-1,-1,-1
138,13,532.50,256.46,54.74,203.61,0.5918,-1,-1,-1
138,21,383.38,743.92,102.99,267.88,0.7893,-1,-1,-1
138,20,894.72,211.92,56.70,183.12,0.4602,-1,-1,-1
138,6,102.17,542.51,69.22,237.08,0.5974,-1,-1,-1
138,25,1039.28,140.04,94.27,170.38,0.6013,-1,-1,-1
138,29,574.61,251.17,55.41,184.84,0.4441,-1,-1,-1
138,30,134.19,638.13,80.92,209.11,0.4311,-1,-1,-1
139,1,415.69,266.30,81.52,220.47,0.6406,-1,-1,-1
139,2,101.66,545.32,67.60,239.49,0.6166,-1,-1,-1
139,3,1068.44,927.28,76.00,149.43,0.7876,-1,-1,-1
139,4,1720.81,457.69,75.20,209.17,0.6233,-1,-1,-1
139,5,1363.00,576.57,82.70,223.47,0.4683,-1,-1,-1
139,13,532.60,258.40,54.52,201.45,0.5747,-1,-1,-1
139,21,382.70,743.70,102.88,267.24,0.7959,-1,-1,-1
139,20,893.09,210.57,58.85,188.32,0.5239,-1,-1,-1
139,6,102.12,542.99,67.70,237.97,0.6166,-1,-1,-1
139,25,1038.25,140.35,94.03,170.76,0.5912,-1,-1,-1
139,29,574.25,251.17,56.10,184.07,0.4394,-1,-1,-1
139,30,138.33,636.57,86.80,208.09,0.4477,-1,-1,-1
140,1,416.81,266.87,80.04,218.11,0.6140,-1,-1,-1
140,2,101.98,545.32,66.05,240.36,0.6185,-1,-1,-1
140,3,1066.75,926.59,76.11,149.61,0.7917,-1,-1,-1
140,4,1720.80,458.12,75.20,208.87,0.6352,-1,-1,-1
140,5,1360.20,576.88,83.69,216.77,0.5493,-1,-1,-1
140,13,532.30,258.41,55.41,202.50,0.6024,-1,-1,-1
140,21,383.28,741.74,102.30,267.24,0.7963,-1,-1,-1
140,20,889.98,210.26,54.68,184.24,0.4706,-1,-1,-1
140,6,102.38,543.26,66.14,239.01,0.6185,-1,-1,-1
140,25,1037.45,140.61,93.34,171.03,0.5768,-1,-1,-1
140,29,576.95,251.95,54.66,181.14,0.4521,-1,-1,-1
140,30,142.89,634.18,89.45,206.65,0.4220,-1,-1,-1
141,1,416.66,265.40,79.81,217.25,0.6318,-1,-1,-1
141,2,102.38,545.72,65.93,241.34,0.6445,-1,-1,-1
141,3,1064.86,925.41,75.88,150.97,0.7871,-1,-1,-1
141,4,1720.98,458.22,75.07,208.27,0.6219,-1,-1,-1
141,5,1358.45,575.97,85.46,216.69,0.4985,-1,-1,-1
141,13,532.09,258.31,55.56,202.19,0.6032,-1,-1,-1
141,21,384.09,739.64,100.86,267.30,0.7963,-1,-1,-1
141,20,886.76,209.72,54.72,186.46,0.5441,-1,-1,-1
141,6,102.73,543.90,66.01,240.16,0.6445,-1,-1,-1
141,25,1038.79,140.38,89.43,170.46,0.5570,-1,-1,-1
141,29,579.08,250.21,52.50,183.22,0.4784,-1,-1,-1
141,30,145.27,629.96,89.62,207.48,0.5908,-1,-1,-1
141,22,818.16,248.37,57.98,169.37,0.3833,-1,-1,-1
142,1,416.84,264.35,78.87,216.75,0.6327,-1,-1,-1
142,2,103.18,545.93,66.13,242.43,0.6580,-1,-1,-1
142,3,1064.26,924.81,73.84,152.27,0.7774,-1,-1,-1
142,4,1721.29,458.86,74.98,207.36,0.6235,-1,-1,-1
142,5,1357.56,575.88,86.61,217.64,0.4819,-1,-1,-1
142,13,531.96,257.66,55.63,202.92,0.5994,-1,-1,-1
142,21,385.97,737.45,98.06,267.93,0.7917,-1,-1,-1
142,20,883.57,208.76,54.49,187.04,0.5159,-1,-1,-1
142,6,103.48,544.31,66.19,241.38,0.6580,-1,-1,-1
142,25,1038.03,140.49,88.20,169.43,0.5949,-1,-1,-1
142,29,580.62,250.15,52.31,182.59,0.4965,-1,-1,-1
142,30,148.64,628.64,85.96,205.39,0.5432,-1,-1,-1
143,1,415.57,260.41,78.73,220.17,0.6328,-1,-1,-1
143,2,103.62,545.60,66.60,242.28,0.6746,-1,-1,-1
143,3,1063.13,923.78,72.60,152.93,0.7622,-1,-1,-1
143,4,1721.31,459.05,74.91,207.08,0.6333,-1,-1,-1
143,5,1357.67,575.79,86.34,217.74,0.4816,-1,-1,-1
143,13,531.30,257.65,55.92,203.02,0.5946,-1,-1,-1
143,21,387.65,734.78,95.77,266.33,0.8025,-1,-1,-1
143,20,881.43,207.29,53.76,188.51,0.4785,-1,-1,-1
143,6,103.89,544.17,66.65,241.35,0.6746,-1,-1,-1
143,25,1039.25,138.58,84.65,171.01,0.5702,-1,-1,-1
143,29,581.38,248.27,53.14,185.73,0.4530,-1,-1,-1
143,30,149.86,628.69,86.35,207.29,0.6519,-1,-1,-1
144,1,414.89,259.31,79.56,218.34,0.6323,-1,-1,-1
144,2,103.57,545.67,67.47,242.06,0.6866,-1,-1,-1
144,3,1061.98,923.12,70.96,153.47,0.7572,-1,-1,-1
144,4,1721.52,459.56,74.67,207.01,0.6214,-1,-1,-1
144,5,1358.11,575.90,85.97,217.31,0.4981,-1,-1,-1
144,13,530.80,259.15,56.96,202.90,0.6042,-1,-1,-1
144,21,388.90,731.56,94.07,263.21,0.7948,-1,-1,-1
144,20,878.16,206.83,55.98,188.67,0.4732,-1,-1,-1
144,6,103.80,544.42,67.52,241.24,0.6866,-1,-1,-1
144,25,1039.57,137.12,81.04,171.63,0.4549,-1,-1,-1
144,29,582.09,251.24,54.91,183.92,0.4934,-1,-1,-1
144,30,153.12,629.60,83.26,207.14,0.6813,-1,-1,-1
145,1,415.89,259.26,78.27,213.16,0.6204,-1,-1,-1
145,2,103.78,545.75,68.48,243.10,0.7088,-1,-1,-1
145,3,1060.72,922.78,68.73,153.82,0.7582,-1,-1,-1
145,4,1721.58,459.40,74.34,206.71,0.6099,-1,-1,-1
145,5,1358.04,575.99,85.16,215.02,0.5396,-1,-1,-1
145,13,530.02,259.40,56.75,202.74,0.5953,-1,-1,-1
145,21,391.57,729.54,91.69,258.21,0.7985,-1,-1,-1
145,20,873.47,207.05,59.81,186.77,0.5442,-1,-1,-1
145,6,103.99,544.64,68.52,242.38,0.7088,-1,-1,-1
145,25,1039.76,136.48,73.43,171.79,0.4216,-1,-1,-1
145,29,583.07,252.20,55.03,183.95,0.5289,-1,-1,-1
145,30,157.11,627.71,78.61,210.62,0.7007,-1,-1,-1
146,1,414.99,254.56,77.21,216.99,0.6393,-1,-1,-1
146,2,103.76,545.90,69.20,243.21,0.7156,-1,-1,-1
146,3,1058.73,921.87,66.89,156.00,0.7412,-1,-1,-1
146,4,1721.80,459.52,74.22,207.29,0.6137,-1,-1,-1
146,5,1357.78,575.52,85.28,217.24,0.5126,-1,-1,-1
146,13,530.23,259.38,57.25,204.29,0.5935,-1,-1,-1
146,21,393.03,726.68,91.00,253.39,0.7770,-1,-1,-1
146,20,871.96,206.49,59.85,185.85,0.4901,-1,-1,-1
146,6,103.94,544.91,69.24,242.57,0.7156,-1,-1,-1
146,25,1039.96,136.25,66.75,171.31,0.4843,-1,-1,-1
146,29,584.58,253.66,53.84,186.09,0.5108,-1,-1,-1
146,30,159.23,624.98,76.80,213.36,0.7110,-1,-1,-1
147,1,414.47,253.12,77.39,218.55,0.6465,-1,-1,-1
147,2,103.91,546.16,69.49,242.21,0.7131,-1,-1,-1
147,3,1057.08,921.22,64.00,157.25,0.7264,-1,-1,-1
147,4,1721.62,459.07,74.68,207.32,0.6268,-1,-1,-1
147,5,1358.16,574.75,84.83,217.46,0.5407,-1,-1,-1
147,13,530.25,260.04,56.86,205.87,0.6095,-1,-1,-1
147,21,394.02,720.66,91.01,254.87,0.7796,-1,-1,-1
147,20,869.49,205.84,61.39,185.35,0.4783,-1,-1,-1
147,6,104.07,545.29,69.53,241.65,0.7131,-1,-1,-1
147,25,1039.57,135.42,62.34,171.20,0.4764,-1,-1,-1
147,29,584.97,254.67,54.20,187.83,0.5380,-1,-1,-1
147,30,161.04,621.13,75.56,215.59,0.6894,-1,-1,-1
148,1,414.01,252.43,77.90,219.05,0.6339,-1,-1,-1
148,2,103.80,545.74,70.19,242.36,0.7135,-1,-1,-1
148,3,1055.24,919.86,62.75,157.48,0.7273,-1,-1,-1
148,4,1721.53,458.59,74.82,208.33,0.6466,-1,-1,-1
148,5,1357.90,575.16,84.09,216.54,0.5588,-1,-1,-1
148,13,530.29,261.21,58.45,206.77,0.5946,-1,-1,-1
148,21,394.55,717.38,91.71,254.95,0.7777,-1,-1,-1
148,20,866.86,204.82,62.88,190.54,0.4446,-1,-1,-1
148,6,103.94,544.98,70.22,241.86,0.7135,-1,-1,-1
148,25,1038.22,134.87,57.56,171.29,0.4424,-1,-1,-1
148,29,585.68,255.45,54.23,188.71,0.4954,-1,-1,-1
148,30,163.79,617.49,75.24,215.66,0.7078,-1,-1,-1
149,1,415.41,255.27,77.22,215.08,0.6248,-1,-1,-1
149,2,103.88,545.75,70.30,242.03,0.7151,-1,-1,-1
149,3,1054.04,918.50,62.15,158.70,0.7264,-1,-1,-1
149,4,1721.24,458.84,74.52,207.73,0.6218,-1,-1,-1
149,5,1357.88,575.29,84.52,215.68,0.5452,-1,-1,-1
149,13,530.86,262.82,59.01,206.38,0.6301,-1,-1,-1
149,21,395.81,713.23,92.66,258.33,0.7879,-1,-1,-1
149,20,865.40,204.40,62.38,192.23,0.4432,-1,-1,-1
149,6,104.01,545.08,70.33,241.59,0.7151,-1,-1,-1
149,25,1036.84,135.29,54.33,169.61,0.3608,-1,-1,-1
149,29,586.37,256.16,54.65,189.76,0.4500,-1,-1,-1
149,30,167.79,614.94,73.05,215.15,0.6958,-1,-1,-1
150,1,416.08,256.03,76.94,213.75,0.6198,-1,-1,-1
150,2,103.64,545.67,70.64,242.99,0.7131,-1,-1,-1
150,3,1052.26,916.79,61.26,160.97,0.7368,-1,-1,-1
150,4,1721.23,458.62,74.59,208.09,0.6385,-1,-1,-1
150,5,1357.19,574.98,85.31,216.83,0.5402,-1,-1,-1
150,13,531.22,264.75,58.09,207.40,0.6155,-1,-1,-1
150,21,395.21,710.66,95.46,261.48,0.7855,-1,-1,-1
150,20,864.93,205.10,63.01,192.61,0.4056,-1,-1,-1
150,6,103.75,545.07,70.66,242.61,0.7131,-1,-1,-1
150,25,1033.90,134.48,55.17,171.55,0.4901,-1,-1,-1
150,29,586.99,256.89,55.16,190.57,0.4352,-1,-1,-1
150,30,174.26,613.53,67.37,214.16,0.6570,-1,-1,-1
