1,1,118.00,157.54,79.99,171.14,0.8484,-1,-1,-1
1,2,16.01,148.76,74.71,190.85,0.8159,-1,-1,-1
2,1,118.05,154.91,82.14,174.66,0.8474,-1,-1,-1
2,2,17.59,145.32,74.08,194.76,0.8564,-1,-1,-1
3,1,124.61,153.60,68.50,177.40,0.7125,-1,-1,-1
3,2,22.15,137.97,73.92,203.07,0.8289,-1,-1,-1
4,1,129.90,154.12,78.49,179.17,0.8467,-1,-1,-1
4,2,27.46,141.90,72.90,201.17,0.8197,-1,-1,-1
4,3,253.00,193.87,24.96,67.00,0.4797,-1,-1,-1
5,1,136.47,156.85,83.68,180.23,0.8143,-1,-1,-1
5,2,35.33,140.63,73.38,206.92,0.8697,-1,-1,-1
5,3,263.45,198.63,23.50,64.61,0.5432,-1,-1,-1
6,1,141.46,155.47,86.54,183.80,0.8338,-1,-1,-1
6,2,35.64,140.63,78.03,209.30,0.8531,-1,-1,-1
6,3,269.38,198.32,24.89,66.27,0.5848,-1,-1,-1
6,4,222.71,197.99,23.85,67.02,0.6154,-1,-1,-1
6,5,251.17,197.66,21.84,66.03,0.4303,-1,-1,-1
7,1,144.60,152.17,87.77,187.05,0.8595,-1,-1,-1
7,2,38.97,139.17,76.79,210.29,0.8357,-1,-1,-1
7,3,274.25,198.69,25.84,63.72,0.6744,-1,-1,-1
7,4,226.25,197.76,24.82,66.17,0.6563,-1,-1,-1
7,5,256.79,195.94,21.47,62.92,0.6028,-1,-1,-1
8,1,152.13,152.82,88.96,190.20,0.8705,-1,-1,-1
8,2,43.25,140.06,78.10,213.22,0.8246,-1,-1,-1
8,3,281.23,200.90,26.53,64.75,0.5862,-1,-1,-1
8,4,234.53,200.20,24.63,65.57,0.6827,-1,-1,-1
8,5,265.05,198.05,20.57,64.04,0.5556,-1,-1,-1
9,1,156.59,151.65,88.24,193.06,0.8672,-1,-1,-1
9,2,47.22,139.60,77.80,214.06,0.8304,-1,-1,-1
9,3,287.55,200.20,25.69,65.64,0.7195,-1,-1,-1
9,4,240.32,203.04,24.92,63.21,0.5636,-1,-1,-1
9,5,269.92,198.77,22.02,65.88,0.6477,-1,-1,-1
10,1,164.82,148.03,88.02,197.40,0.8699,-1,-1,-1
10,2,50.41,135.28,83.19,219.51,0.8570,-1,-1,-1
10,3,296.14,200.90,25.50,64.97,0.6351,-1,-1,-1
10,4,250.18,198.31,25.26,67.11,0.6476,-1,-1,-1
10,5,278.76,196.91,21.74,66.85,0.4569,-1,-1,-1
11,1,171.09,147.14,88.85,200.44,0.8611,-1,-1,-1
11,2,55.11,135.09,84.92,221.57,0.8677,-1,-1,-1
11,3,305.23,201.13,22.79,64.57,0.6469,-1,-1,-1
11,4,256.10,200.32,22.98,65.04,0.4890,-1,-1,-1
11,5,285.23,197.61,22.88,67.29,0.6966,-1,-1,-1
11,9,143.72,195.55,28.50,69.84,0.5637,-1,-1,-1
12,1,181.90,147.53,91.59,204.67,0.8704,-1,-1,-1
12,2,64.58,131.78,84.47,230.56,0.8809,-1,-1,-1
12,3,316.46,204.78,22.54,63.17,0.5016,-1,-1,-1
12,4,268.83,200.21,24.21,67.49,0.6251,-1,-1,-1
12,5,297.45,199.35,21.86,67.52,0.2312,-1,-1,-1
12,9,153.88,197.76,29.55,69.10,0.5749,-1,-1,-1
13,1,184.44,147.19,95.81,208.29,0.8587,-1,-1,-1
13,2,67.92,138.80,85.81,225.84,0.8563,-1,-1,-1
13,3,321.40,197.72,24.35,70.12,0.4617,-1,-1,-1
13,4,275.35,200.27,23.98,67.96,0.5106,-1,-1,-1
13,5,303.79,202.57,21.07,64.27,0.4761,-1,-1,-1
13,9,159.07,196.84,30.33,70.55,0.5691,-1,-1,-1
14,1,197.40,144.95,94.52,211.42,0.8290,-1,-1,-1
14,2,81.53,130.67,82.70,235.26,0.8715,-1,-1,-1
14,3,334.17,202.46,22.11,64.94,0.3741,-1,-1,-1
14,4,286.97,202.49,23.59,64.35,0.5899,-1,-1,-1
14,5,316.24,201.54,21.67,64.79,0.5775,-1,-1,-1
14,9,170.58,195.62,29.85,71.17,0.5988,-1,-1,-1
15,1,208.75,144.87,95.28,215.04,0.8599,-1,-1,-1
15,2,87.02,135.67,85.24,233.67,0.8602,-1,-1,-1
15,3,345.47,204.44,25.25,64.39,0.6195,-1,-1,-1
15,4,297.11,202.47,22.81,65.92,0.5773,-1,-1,-1
15,5,325.92,200.75,22.77,66.59,0.5191,-1,-1,-1
15,9,181.80,197.21,28.95,70.86,0.6604,-1,-1,-1
16,1,211.96,143.18,98.66,216.49,0.8458,-1,-1,-1
16,2,82.15,126.32,92.95,242.84,0.8776,-1,-1,-1
16,3,351.58,200.21,26.67,66.54,0.5434,-1,-1,-1
16,4,301.03,198.71,23.63,66.44,0.6868,-1,-1,-1
16,5,330.61,195.93,23.83,69.63,0.5508,-1,-1,-1
16,9,185.66,193.52,29.83,71.57,0.6426,-1,-1,-1
16,12,1.10,142.45,45.78,156.63,0.4308,-1,-1,-1
17,1,213.84,140.19,105.23,221.91,0.7738,-1,-1,-1
17,2,84.26,123.86,93.19,247.08,0.8982,-1,-1,-1
17,3,354.17,190.88,26.06,74.24,0.4913,-1,-1,-1
17,4,305.69,196.46,23.91,68.72,0.5980,-1,-1,-1
17,5,334.53,195.24,23.45,69.82,0.4471,-1,-1,-1
17,9,188.95,192.67,29.00,71.81,0.6422,-1,-1,-1
17,12,1.15,140.62,60.21,149.78,0.3768,-1,-1,-1
18,1,216.20,138.24,109.77,228.62,0.8572,-1,-1,-1
18,2,84.06,123.81,96.13,252.05,0.9013,-1,-1,-1
18,4,311.33,195.68,22.59,70.57,0.7058,-1,-1,-1
18,9,193.30,194.34,27.93,70.66,0.5464,-1,-1,-1
18,12,1.02,140.51,54.36,155.38,0.4964,-1,-1,-1
19,1,216.68,133.12,112.36,233.83,0.8666,-1,-1,-1
19,2,81.34,118.80,97.78,256.68,0.9064,-1,-1,-1
19,4,311.22,192.37,24.53,71.02,0.6221,-1,-1,-1
19,9,193.67,192.25,28.63,70.29,0.5145,-1,-1,-1
19,12,-0.18,137.38,47.60,156.83,0.3060,-1,-1,-1
20,1,214.34,129.05,114.05,240.07,0.8877,-1,-1,-1
20,2,76.63,113.82,99.01,263.83,0.9029,-1,-1,-1
20,9,192.10,188.50,28.75,72.19,0.5803,-1,-1,-1
20,12,-0.85,134.96,45.60,151.15,0.2910,-1,-1,-1
21,1,213.60,127.11,116.45,246.65,0.8791,-1,-1,-1
21,2,72.85,109.10,101.52,272.74,0.8988,-1,-1,-1
21,9,191.90,187.25,28.20,73.95,0.6602,-1,-1,-1
21,12,-0.87,132.75,39.84,161.47,0.5208,-1,-1,-1
21,14,42.27,186.18,25.33,69.64,0.5713,-1,-1,-1
22,1,214.42,123.28,118.40,253.33,0.8829,-1,-1,-1
22,2,68.93,104.25,105.03,280.34,0.8850,-1,-1,-1
22,9,193.87,185.94,27.43,73.93,0.3509,-1,-1,-1
22,12,-0.44,129.35,38.17,205.81,0.3507,-1,-1,-1
22,14,41.70,183.18,27.95,70.88,0.4103,-1,-1,-1
23,1,215.58,124.19,120.38,260.65,0.8812,-1,-1,-1
23,2,67.57,105.50,108.12,289.04,0.8965,-1,-1,-1
23,9,197.90,190.53,26.63,73.80,0.5789,-1,-1,-1
23,12,-0.22,133.60,39.08,224.23,0.3568,-1,-1,-1
23,14,48.44,190.57,24.24,68.17,0.3665,-1,-1,-1
24,1,219.92,121.91,117.52,265.59,0.7988,-1,-1,-1
24,2,65.57,104.06,111.30,294.70,0.8602,-1,-1,-1
24,9,200.71,189.65,25.41,74.57,0.1659,-1,-1,-1
24,12,0.53,133.11,39.60,190.74,0.4349,-1,-1,-1
25,1,228.54,121.26,112.26,274.23,0.8810,-1,-1,-1
25,2,62.52,103.27,114.85,302.83,0.8911,-1,-1,-1
25,12,0.75,134.09,38.10,178.65,0.3614,-1,-1,-1
26,1,230.43,117.47,110.36,280.88,0.8712,-1,-1,-1
26,2,58.70,100.38,117.35,308.99,0.8826,-1,-1,-1
26,12,0.51,132.52,36.94,174.91,0.3655,-1,-1,-1
27,1,235.45,113.13,110.54,289.27,0.8809,-1,-1,-1
27,2,55.13,95.38,120.75,317.05,0.8972,-1,-1,-1
27,12,-0.38,129.73,37.51,173.07,0.4621,-1,-1,-1
28,1,240.12,111.55,110.27,294.45,0.8851,-1,-1,-1
28,2,54.43,94.30,123.01,322.67,0.9022,-1,-1,-1
28,12,0.73,129.97,38.34,171.44,0.3368,-1,-1,-1
29,1,236.54,105.69,120.11,302.35,0.8659,-1,-1,-1
29,2,52.00,87.17,127.34,335.60,0.8817,-1,-1,-1
29,12,0.68,126.46,37.59,177.22,0.2409,-1,-1,-1
30,1,235.32,103.63,123.21,309.43,0.8839,-1,-1,-1
30,2,48.18,84.36,131.17,344.35,0.8888,-1,-1,-1
30,12,0.02,125.45,36.72,179.52,0.3046,-1,-1,-1
31,1,243.20,99.27,121.19,319.88,0.8790,-1,-1,-1
31,2,43.58,80.52,137.63,353.27,0.8946,-1,-1,-1
31,12,0.03,122.64,35.78,239.51,0.2275,-1,-1,-1
32,1,252.57,97.06,121.39,330.44,0.8769,-1,-1,-1
32,2,44.54,78.36,140.58,363.29,0.8790,-1,-1,-1
32,12,1.09,123.55,36.87,260.11,0.2166,-1,-1,-1
32,17,147.28,80.27,47.81,176.01,0.5285,-1,-1,-1
33,1,260.12,90.19,126.59,339.42,0.8614,-1,-1,-1
33,2,51.27,71.06,140.25,374.24,0.8887,-1,-1,-1
33,12,1.96,117.63,41.95,269.79,0.1720,-1,-1,-1
33,17,153.53,76.55,46.89,181.86,0.3756,-1,-1,-1
33,18,418.38,188.65,26.54,75.39,0.6739,-1,-1,-1
33,4,360.90,187.03,26.93,75.26,0.6280,-1,-1,-1
34,1,269.45,89.06,130.50,350.52,0.8579,-1,-1,-1
34,2,57.89,70.63,142.14,381.98,0.8851,-1,-1,-1
34,17,158.92,75.66,53.26,181.07,0.5096,-1,-1,-1
34,18,426.12,187.99,27.04,78.42,0.6605,-1,-1,-1
34,4,369.00,187.45,29.01,76.56,0.6828,-1,-1,-1
34,3,425.86,187.53,27.06,79.17,0.6605,-1,-1,-1
35,1,272.84,88.69,142.70,360.22,0.8551,-1,-1,-1
35,2,64.36,70.85,142.15,388.40,0.9042,-1,-1,-1
35,17,165.30,76.03,55.48,225.94,0.2975,-1,-1,-1
35,18,434.97,190.33,28.15,78.71,0.6581,-1,-1,-1
35,4,377.98,189.81,28.66,76.98,0.7054,-1,-1,-1
35,19,1.37,118.95,35.46,103.83,0.6117,-1,-1,-1
35,20,410.42,188.05,24.56,77.65,0.4801,-1,-1,-1
35,3,435.56,190.48,28.07,78.66,0.6581,-1,-1,-1
36,1,275.55,82.08,156.78,369.80,0.8937,-1,-1,-1
36,2,71.76,63.44,145.37,399.43,0.8947,-1,-1,-1
36,17,174.75,71.67,56.00,203.49,0.5570,-1,-1,-1
36,18,447.33,189.38,28.34,78.45,0.6636,-1,-1,-1
36,4,388.63,189.01,28.03,76.46,0.5824,-1,-1,-1
36,19,2.85,115.96,45.51,104.92,0.1600,-1,-1,-1
36,20,421.00,182.50,25.89,82.49,0.4843,-1,-1,-1
36,3,448.09,189.63,28.27,78.29,0.6636,-1,-1,-1
37,1,274.21,78.66,165.40,378.31,0.8908,-1,-1,-1
37,2,72.07,61.19,148.38,406.19,0.9014,-1,-1,-1
37,17,177.39,70.96,55.00,193.17,0.4362,-1,-1,-1
37,18,452.00,189.98,27.37,78.63,0.6192,-1,-1,-1
37,4,392.22,189.37,28.37,76.32,0.6547,-1,-1,-1
37,20,424.91,186.46,24.47,79.45,0.3203,-1,-1,-1
37,3,452.75,190.21,27.42,78.44,0.6192,-1,-1,-1
38,1,278.63,76.50,174.14,387.86,0.8878,-1,-1,-1
38,2,71.67,58.94,152.49,415.47,0.8759,-1,-1,-1
38,17,181.06,70.66,57.10,196.42,0.4525,-1,-1,-1
38,18,457.00,189.88,28.56,80.35,0.7279,-1,-1,-1
38,4,398.09,193.29,28.89,73.92,0.4970,-1,-1,-1
38,20,430.04,189.22,26.44,78.88,0.5459,-1,-1,-1
38,3,457.71,190.15,28.53,80.08,0.7279,-1,-1,-1
39,1,283.40,70.52,178.72,397.84,0.8902,-1,-1,-1
39,2,70.01,53.33,157.13,424.72,0.8789,-1,-1,-1
39,17,182.81,64.37,57.70,197.17,0.5569,-1,-1,-1
39,18,460.56,187.34,31.86,81.78,0.6727,-1,-1,-1
39,4,403.40,194.40,27.56,71.29,0.5582,-1,-1,-1
39,20,434.50,187.13,26.37,78.29,0.5778,-1,-1,-1
39,3,461.26,187.60,31.70,81.50,0.6727,-1,-1,-1
39,5,434.69,187.11,26.10,77.99,0.5778,-1,-1,-1
40,1,285.48,67.28,186.57,410.11,0.8876,-1,-1,-1
40,2,68.18,53.15,162.34,428.85,0.8847,-1,-1,-1
40,17,185.04,63.75,57.20,200.24,0.6957,-1,-1,-1
40,18,464.71,188.41,31.97,83.06,0.7032,-1,-1,-1
40,4,409.04,198.92,24.86,70.00,0.4654,-1,-1,-1
40,20,438.62,186.91,27.75,81.23,0.5362,-1,-1,-1
40,3,465.38,188.63,31.85,82.79,0.7032,-1,-1,-1
40,5,439.11,186.71,27.56,81.21,0.5362,-1,-1,-1
41,1,287.99,63.72,192.42,417.46,0.8832,-1,-1,-1
41,2,64.05,49.86,166.86,433.24,0.8903,-1,-1,-1
41,17,183.40,63.01,58.11,200.28,0.7385,-1,-1,-1
41,18,467.67,188.76,31.81,58.84,0.6164,-1,-1,-1
41,4,413.25,202.51,19.46,66.26,0.1597,-1,-1,-1
41,20,440.07,188.17,27.50,80.18,0.5486,-1,-1,-1
41,3,468.24,188.94,31.74,59.06,0.6164,-1,-1,-1
41,5,440.67,187.89,27.41,80.28,0.5486,-1,-1,-1
41,19,0.22,114.44,49.58,152.67,0.3844,-1,-1,-1
42,1,283.52,56.43,197.93,425.91,0.8999,-1,-1,-1
42,2,51.92,41.72,171.60,440.29,0.8915,-1,-1,-1
42,17,177.84,55.87,59.43,207.60,0.6336,-1,-1,-1
42,18,465.08,187.39,33.40,42.67,0.5377,-1,-1,-1
42,3,465.57,187.51,33.32,43.10,0.5377,-1,-1,-1
42,19,-2.03,108.89,42.74,129.40,0.2353,-1,-1,-1
43,1,281.90,53.10,204.41,430.42,0.9045,-1,-1,-1
43,2,46.73,36.28,173.85,446.11,0.8963,-1,-1,-1
43,17,175.37,51.55,58.88,208.55,0.6478,-1,-1,-1
43,18,464.37,189.98,31.70,32.78,0.5272,-1,-1,-1
43,3,464.82,190.03,31.65,33.12,0.5272,-1,-1,-1
43,19,-1.59,105.73,38.35,119.08,0.2685,-1,-1,-1
44,1,281.68,50.22,209.67,433.17,0.9040,-1,-1,-1
44,2,43.72,31.07,177.10,450.68,0.8976,-1,-1,-1
44,17,175.33,48.56,59.41,212.16,0.6433,-1,-1,-1
44,19,-0.21,103.78,37.30,143.53,0.2229,-1,-1,-1
44,9,266.56,186.92,26.05,77.83,0.3625,-1,-1,-1
45,1,283.67,46.43,213.93,435.45,0.8964,-1,-1,-1
45,2,41.74,27.15,179.14,452.95,0.8951,-1,-1,-1
45,17,176.11,46.67,61.01,215.30,0.6476,-1,-1,-1
45,19,0.30,99.99,37.08,154.34,0.2016,-1,-1,-1
45,9,267.93,185.84,27.37,77.80,0.4529,-1,-1,-1
45,12,0.31,102.02,39.37,324.90,0.3614,-1,-1,-1
46,1,279.64,42.71,222.91,440.00,0.9094,-1,-1,-1
46,2,36.06,20.63,184.16,460.47,0.8836,-1,-1,-1
46,17,174.61,44.64,62.42,218.71,0.6942,-1,-1,-1
46,9,268.39,185.60,27.94,77.69,0.1688,-1,-1,-1
46,12,-0.81,98.55,37.36,329.72,0.4195,-1,-1,-1
47,1,282.90,38.12,223.87,443.79,0.9064,-1,-1,-1
47,2,33.08,14.88,186.31,465.03,0.8725,-1,-1,-1
47,17,174.46,41.15,61.90,218.48,0.6582,-1,-1,-1
47,9,269.68,183.68,27.49,78.80,0.3716,-1,-1,-1
47,12,-0.24,94.45,36.60,333.63,0.3063,-1,-1,-1
48,1,288.53,31.05,224.95,450.49,0.8999,-1,-1,-1
48,2,30.27,11.08,192.03,469.75,0.8636,-1,-1,-1
48,17,176.69,38.22,63.45,222.73,0.6428,-1,-1,-1
48,12,0.09,93.01,38.98,339.27,0.3433,-1,-1,-1
49,1,287.50,28.49,230.40,453.24,0.8895,-1,-1,-1
49,2,26.71,8.95,199.17,470.14,0.8603,-1,-1,-1
49,17,176.25,36.40,65.44,226.44,0.6405,-1,-1,-1
50,1,286.20,23.27,234.14,458.12,0.8995,-1,-1,-1
50,2,20.69,3.30,204.32,476.37,0.8585,-1,-1,-1
50,17,174.33,34.16,66.78,234.81,0.6500,-1,-1,-1
50,19,-0.15,90.96,29.94,122.38,0.5213,-1,-1,-1
51,1,285.75,19.62,238.92,460.45,0.9086,-1,-1,-1
51,2,20.94,0.97,203.64,476.49,0.8588,-1,-1,-1
51,17,174.33,33.01,69.89,237.88,0.7362,-1,-1,-1
51,19,0.25,90.02,30.51,118.15,0.4481,-1,-1,-1
52,1,289.00,15.61,240.97,462.47,0.9019,-1,-1,-1
52,2,17.26,-0.27,206.64,477.42,0.8464,-1,-1,-1
52,17,173.67,30.16,71.66,239.97,0.5960,-1,-1,-1
52,19,0.44,88.27,31.09,147.40,0.4830,-1,-1,-1
53,1,288.56,13.05,248.96,467.27,0.9044,-1,-1,-1
53,2,12.55,-1.36,212.14,481.74,0.8605,-1,-1,-1
53,17,173.17,27.91,71.72,241.80,0.6318,-1,-1,-1
53,19,-0.75,87.15,35.45,157.93,0.3691,-1,-1,-1
54,1,290.10,11.80,250.54,469.82,0.9116,-1,-1,-1
54,2,12.29,-1.03,211.88,480.04,0.8424,-1,-1,-1
54,17,173.27,27.75,71.51,242.59,0.5766,-1,-1,-1
54,19,-0.38,87.12,35.74,130.88,0.4177,-1,-1,-1
55,1,292.20,8.12,258.75,468.44,0.8858,-1,-1,-1
55,2,10.65,1.03,217.11,477.50,0.8571,-1,-1,-1
55,17,174.27,26.62,73.38,243.31,0.5491,-1,-1,-1
55,19,0.52,87.67,37.67,177.20,0.4524,-1,-1,-1
56,1,290.67,5.61,263.58,472.34,0.8457,-1,-1,-1
56,2,10.20,0.23,218.09,478.94,0.8620,-1,-1,-1
56,17,175.00,25.07,72.85,246.61,0.5890,-1,-1,-1
56,19,-0.32,86.15,37.44,172.82,0.4636,-1,-1,-1
57,1,297.41,2.94,264.40,476.32,0.9115,-1,-1,-1
57,2,7.77,0.51,220.48,477.41,0.8578,-1,-1,-1
57,17,175.81,23.42,73.71,275.58,0.6122,-1,-1,-1
57,19,-0.05,84.73,36.62,169.83,0.5690,-1,-1,-1
58,1,301.10,1.66,266.89,478.85,0.8997,-1,-1,-1
58,2,6.82,0.67,221.78,477.67,0.8594,-1,-1,-1
58,17,176.08,21.23,76.10,344.08,0.4966,-1,-1,-1
58,19,-0.06,84.30,35.55,168.52,0.4866,-1,-1,-1
59,1,302.95,0.16,273.60,480.92,0.9035,-1,-1,-1
59,2,4.81,0.12,224.06,478.58,0.8447,-1,-1,-1
59,17,176.62,19.82,76.47,343.41,0.7051,-1,-1,-1
59,19,-0.68,84.12,33.35,166.90,0.4017,-1,-1,-1
60,1,303.43,-1.44,280.36,480.52,0.9006,-1,-1,-1
60,2,3.58,-0.62,225.83,478.79,0.8185,-1,-1,-1
60,17,174.86,18.07,79.13,388.88,0.5711,-1,-1,-1
60,19,-0.84,80.61,30.93,202.73,0.3765,-1,-1,-1
61,1,306.34,-1.42,284.94,480.91,0.8971,-1,-1,-1
61,2,1.27,0.33,227.05,477.26,0.8556,-1,-1,-1
61,17,174.80,17.55,79.55,403.12,0.6077,-1,-1,-1
61,19,-0.60,80.25,29.15,211.84,0.3827,-1,-1,-1
62,1,310.93,-1.39,286.65,478.05,0.8307,-1,-1,-1
62,2,0.82,-0.04,226.08,477.20,0.8611,-1,-1,-1
62,17,177.04,15.78,78.77,416.15,0.7277,-1,-1,-1
62,19,-0.04,78.24,30.34,223.81,0.4517,-1,-1,-1
63,1,312.83,-0.70,286.67,479.47,0.8857,-1,-1,-1
63,2,0.56,0.66,225.39,475.94,0.7896,-1,-1,-1
63,17,177.07,14.88,79.63,422.40,0.7196,-1,-1,-1
63,19,0.49,76.08,34.67,312.46,0.3731,-1,-1,-1
64,1,316.51,-0.69,288.14,480.27,0.8757,-1,-1,-1
64,2,0.42,1.76,227.92,476.10,0.8099,-1,-1,-1
64,17,176.34,14.76,82.57,420.50,0.5741,-1,-1,-1
64,19,0.54,75.70,34.39,359.12,0.3595,-1,-1,-1
64,5,501.00,191.66,26.72,77.53,0.6102,-1,-1,-1
65,1,317.18,-0.67,289.48,480.25,0.8766,-1,-1,-1
65,2,-0.02,1.70,234.02,474.84,0.7657,-1,-1,-1
65,17,177.21,14.16,83.56,377.83,0.5247,-1,-1,-1
65,19,0.37,75.02,35.21,361.91,0.3505,-1,-1,-1
65,5,501.91,192.65,26.38,76.61,0.6443,-1,-1,-1
66,1,314.25,-0.51,292.90,480.21,0.8839,-1,-1,-1
66,2,-0.45,1.28,232.27,473.34,0.8418,-1,-1,-1
66,17,177.03,12.99,85.07,347.59,0.6341,-1,-1,-1
66,19,0.07,74.53,34.00,376.60,0.3673,-1,-1,-1
66,5,502.26,192.32,26.40,76.56,0.6824,-1,-1,-1
67,1,312.31,-0.15,298.62,479.93,0.8852,-1,-1,-1
67,2,-0.07,1.62,228.82,475.21,0.8087,-1,-1,-1
67,17,179.02,12.05,84.35,393.87,0.7479,-1,-1,-1
67,19,0.46,75.34,32.78,384.33,0.5338,-1,-1,-1
67,5,503.71,192.84,25.13,76.28,0.6490,-1,-1,-1
68,1,315.58,0.21,296.98,480.04,0.8942,-1,-1,-1
68,2,-0.20,2.52,226.68,474.86,0.7487,-1,-1,-1
68,17,179.17,11.24,84.74,421.36,0.6779,-1,-1,-1
68,19,0.44,75.23,33.35,359.12,0.3680,-1,-1,-1
68,5,505.75,193.20,23.61,76.57,0.6037,-1,-1,-1
69,1,317.29,0.30,294.49,479.83,0.8915,-1,-1,-1
69,2,-0.30,2.59,225.57,475.12,0.7380,-1,-1,-1
69,17,179.05,9.99,85.20,433.12,0.6036,-1,-1,-1
69,19,0.33,73.93,33.86,364.62,0.3943,-1,-1,-1
69,5,505.99,193.61,22.39,75.68,0.6365,-1,-1,-1
69,9,293.95,176.06,28.68,86.47,0.5637,-1,-1,-1
70,1,317.87,0.41,293.60,479.73,0.8924,-1,-1,-1
70,2,-0.23,1.72,223.79,477.26,0.8235,-1,-1,-1
70,17,181.93,9.16,84.17,430.94,0.8348,-1,-1,-1
70,19,0.46,74.30,34.28,363.15,0.4031,-1,-1,-1
70,5,506.52,193.51,22.54,75.74,0.6172,-1,-1,-1
70,25,0.15,77.53,22.52,128.51,0.3834,-1,-1,-1
70,9,295.13,176.67,27.16,85.57,0.5253,-1,-1,-1
71,1,318.03,0.16,292.37,479.92,0.8761,-1,-1,-1
71,2,-0.07,1.57,222.80,478.03,0.8286,-1,-1,-1
71,17,183.51,8.35,84.49,430.25,0.8365,-1,-1,-1
71,19,0.57,74.17,33.81,370.13,0.3847,-1,-1,-1
71,5,506.90,193.60,22.37,74.91,0.5617,-1,-1,-1
71,25,0.20,77.92,22.50,126.50,0.4387,-1,-1,-1
71,9,293.78,176.76,28.08,84.93,0.5884,-1,-1,-1
72,1,316.97,0.56,294.21,479.40,0.8827,-1,-1,-1
72,2,0.13,1.78,223.06,478.18,0.8600,-1,-1,-1
72,17,184.64,8.07,85.13,429.99,0.8375,-1,-1,-1
72,19,0.80,75.37,33.43,372.79,0.4914,-1,-1,-1
72,5,507.25,193.27,22.48,75.70,0.5834,-1,-1,-1
72,25,0.32,78.37,22.78,126.40,0.4064,-1,-1,-1
72,9,291.82,176.96,30.57,85.01,0.6204,-1,-1,-1
73,1,314.71,0.52,296.81,479.31,0.8920,-1,-1,-1
73,2,0.08,1.67,223.05,478.21,0.8543,-1,-1,-1
73,17,185.08,9.63,86.90,427.57,0.8394,-1,-1,-1
73,19,0.69,74.60,34.07,367.85,0.3447,-1,-1,-1
73,5,506.33,192.61,22.80,77.21,0.5062,-1,-1,-1
73,25,0.20,78.18,22.57,127.72,0.4076,-1,-1,-1
73,9,290.55,177.21,30.82,83.24,0.6042,-1,-1,-1
73,26,586.32,196.29,23.09,51.79,0.5500,-1,-1,-1
74,1,313.50,0.24,296.20,479.50,0.8500,-1,-1,-1
74,2,0.12,1.68,223.34,477.52,0.8477,-1,-1,-1
74,17,185.43,9.30,88.53,426.87,0.8486,-1,-1,-1
74,19,0.66,73.96,34.21,360.32,0.3463,-1,-1,-1
74,5,505.79,193.10,22.63,76.13,0.5653,-1,-1,-1
74,25,0.17,78.33,22.64,126.43,0.4138,-1,-1,-1
74,9,290.31,177.17,30.59,82.45,0.5464,-1,-1,-1
74,26,584.92,197.67,24.10,51.38,0.2033,-1,-1,-1
75,1,309.11,0.57,295.85,478.53,0.8711,-1,-1,-1
75,2,1.03,1.62,222.61,477.08,0.8279,-1,-1,-1
75,17,186.78,9.75,89.15,425.08,0.8458,-1,-1,-1
75,19,1.01,74.12,35.24,366.47,0.2992,-1,-1,-1
75,5,506.00,192.56,21.90,65.10,0.2225,-1,-1,-1
75,25,0.50,78.02,22.91,125.45,0.3664,-1,-1,-1
75,9,290.30,177.24,31.12,81.91,0.6049,-1,-1,-1
76,1,306.33,0.22,297.39,477.51,0.8883,-1,-1,-1
76,2,1.24,1.52,222.32,476.74,0.8184,-1,-1,-1
76,17,187.09,10.07,89.83,424.29,0.8553,-1,-1,-1
76,19,0.94,74.27,34.98,364.69,0.2824,-1,-1,-1
76,25,0.43,78.34,22.79,127.41,0.3271,-1,-1,-1
76,9,290.26,176.87,30.68,81.33,0.6551,-1,-1,-1
77,1,304.28,0.09,296.98,476.67,0.8744,-1,-1,-1
77,2,1.33,1.62,222.91,476.06,0.8269,-1,-1,-1
77,17,187.52,10.02,90.21,423.45,0.8452,-1,-1,-1
77,19,0.75,75.00,34.43,352.91,0.2896,-1,-1,-1
77,25,0.27,78.96,22.93,120.58,0.3556,-1,-1,-1
77,9,290.10,176.76,31.87,81.15,0.6553,-1,-1,-1
78,1,302.35,0.07,297.77,476.43,0.8931,-1,-1,-1
78,2,1.16,1.54,223.20,477.62,0.8335,-1,-1,-1
78,17,188.75,9.46,88.12,423.57,0.8443,-1,-1,-1
78,19,0.54,74.40,33.17,360.06,0.2758,-1,-1,-1
78,25,0.16,79.00,22.81,114.07,0.4589,-1,-1,-1
78,9,289.63,177.17,31.37,80.89,0.4946,-1,-1,-1
79,1,303.92,-0.08,291.57,478.59,0.8717,-1,-1,-1
79,2,1.15,0.96,222.97,477.84,0.8325,-1,-1,-1
79,17,188.69,9.81,86.14,423.65,0.8373,-1,-1,-1
79,19,0.22,74.96,33.15,353.72,0.2702,-1,-1,-1
79,25,-0.12,79.00,22.93,121.25,0.3723,-1,-1,-1
79,9,288.70,177.53,32.76,80.51,0.4671,-1,-1,-1
80,1,310.82,-0.11,279.10,479.52,0.8759,-1,-1,-1
80,2,0.63,1.25,224.05,478.42,0.8516,-1,-1,-1
80,17,188.63,10.65,85.64,424.33,0.8294,-1,-1,-1
80,19,-0.01,75.82,32.52,353.11,0.3045,-1,-1,-1
80,25,-0.31,79.50,23.10,119.12,0.3803,-1,-1,-1
81,1,312.30,-0.09,276.78,479.32,0.8798,-1,-1,-1
81,2,1.01,1.47,226.13,477.86,0.8432,-1,-1,-1
81,17,189.15,11.04,84.87,420.56,0.7937,-1,-1,-1
81,19,0.48,75.97,32.71,365.77,0.4099,-1,-1,-1
81,25,0.24,79.53,23.64,118.70,0.3807,-1,-1,-1
82,1,316.50,-0.13,270.99,480.23,0.8624,-1,-1,-1
82,2,0.34,1.45,229.85,477.35,0.8403,-1,-1,-1
82,17,188.97,11.82,84.53,420.41,0.7392,-1,-1,-1
82,19,-0.06,75.82,33.27,361.93,0.3528,-1,-1,-1
82,25,-0.31,79.73,23.28,115.93,0.4136,-1,-1,-1
83,1,311.87,0.04,275.23,477.84,0.8782,-1,-1,-1
83,2,0.25,1.47,227.07,478.19,0.8173,-1,-1,-1
83,17,188.27,13.02,84.08,423.46,0.8172,-1,-1,-1
83,19,-0.02,74.63,32.87,374.87,0.3457,-1,-1,-1
83,25,-0.25,79.34,22.87,118.41,0.4516,-1,-1,-1
84,1,308.57,0.04,273.90,478.86,0.9028,-1,-1,-1
84,2,0.15,1.18,224.82,476.81,0.7691,-1,-1,-1
84,17,184.83,12.27,85.15,425.96,0.7983,-1,-1,-1
84,19,-0.01,72.51,30.55,374.42,0.2616,-1,-1,-1
84,25,-0.21,78.74,21.56,121.42,0.4579,-1,-1,-1
85,1,308.51,0.08,277.04,478.87,0.8923,-1,-1,-1
85,2,0.18,1.29,228.89,475.75,0.7584,-1,-1,-1
85,17,182.76,14.11,84.17,424.71,0.7471,-1,-1,-1
85,19,0.05,72.48,32.17,363.63,0.2932,-1,-1,-1
85,25,-0.13,78.76,21.76,123.65,0.3620,-1,-1,-1
86,1,307.70,0.31,278.55,476.73,0.8679,-1,-1,-1
86,2,0.41,1.86,228.98,475.75,0.7405,-1,-1,-1
86,17,179.16,16.57,84.57,423.40,0.7507,-1,-1,-1
86,19,0.20,73.32,33.07,368.49,0.3084,-1,-1,-1
86,25,-0.01,79.66,22.13,125.20,0.3754,-1,-1,-1
86,27,615.35,193.43,24.22,56.56,0.4649,-1,-1,-1
87,1,309.29,-0.07,276.93,478.87,0.8880,-1,-1,-1
87,2,-0.16,1.51,231.46,475.31,0.7021,-1,-1,-1
87,17,174.95,16.84,84.75,414.64,0.6689,-1,-1,-1
87,19,-0.15,74.00,32.67,367.93,0.4767,-1,-1,-1
87,25,-0.34,79.56,21.37,123.47,0.3263,-1,-1,-1
87,27,614.97,193.26,24.51,56.15,0.4894,-1,-1,-1
87,5,503.73,192.91,23.67,75.59,0.6588,-1,-1,-1
88,1,307.56,0.84,279.73,479.17,0.8988,-1,-1,-1
88,2,-0.10,2.08,228.63,475.78,0.8129,-1,-1,-1
88,17,174.11,20.85,83.18,412.11,0.7451,-1,-1,-1
88,19,0.02,73.99,32.98,378.66,0.3262,-1,-1,-1
88,25,-0.14,80.76,21.80,123.54,0.4351,-1,-1,-1
88,5,504.97,193.34,23.46,77.07,0.5258,-1,-1,-1
89,1,310.47,0.57,277.00,479.51,0.8955,-1,-1,-1
89,2,-0.16,1.87,227.30,476.48,0.8042,-1,-1,-1
89,17,172.09,22.70,83.84,406.97,0.7138,-1,-1,-1
89,19,0.04,74.96,32.61,356.97,0.3430,-1,-1,-1
89,25,-0.15,81.03,21.89,123.58,0.3758,-1,-1,-1
89,5,505.72,192.92,22.44,77.41,0.5054,-1,-1,-1
90,1,308.90,0.72,278.67,479.27,0.8977,-1,-1,-1
90,2,-0.35,1.86,224.95,477.01,0.7954,-1,-1,-1
90,17,169.28,23.70,86.58,403.79,0.7513,-1,-1,-1
90,19,-0.06,77.28,32.19,365.37,0.4337,-1,-1,-1
90,25,-0.21,82.06,21.77,121.26,0.2839,-1,-1,-1
90,5,505.78,192.93,21.48,77.46,0.4277,-1,-1,-1
91,1,308.62,1.00,279.85,478.85,0.8943,-1,-1,-1
91,2,-0.02,1.78,223.46,476.99,0.7909,-1,-1,-1
91,17,167.77,24.16,89.19,402.63,0.7204,-1,-1,-1
91,19,0.25,78.67,32.04,374.46,0.4672,-1,-1,-1
91,25,0.05,83.39,21.88,127.18,0.4233,-1,-1,-1
91,5,505.50,192.43,21.19,77.00,0.3014,-1,-1,-1
92,1,305.99,0.87,282.44,478.90,0.9045,-1,-1,-1
92,2,0.14,1.85,230.38,476.22,0.7655,-1,-1,-1
92,17,166.70,24.73,92.58,400.61,0.6925,-1,-1,-1
92,19,0.17,80.14,32.83,365.52,0.4237,-1,-1,-1
92,25,-0.07,84.33,22.11,135.92,0.2264,-1,-1,-1
92,5,506.40,192.84,20.77,77.13,0.3287,-1,-1,-1
93,1,305.94,0.51,280.16,478.87,0.8917,-1,-1,-1
93,2,0.18,1.45,225.58,475.31,0.8433,-1,-1,-1
93,17,166.82,24.09,100.57,406.63,0.7883,-1,-1,-1
93,19,0.23,79.58,32.90,361.48,0.3017,-1,-1,-1
93,25,-0.01,84.60,21.71,129.97,0.3357,-1,-1,-1
93,29,299.33,180.44,25.51,76.31,0.4503,-1,-1,-1
94,1,306.58,0.04,278.31,479.66,0.9028,-1,-1,-1
94,2,0.47,1.16,223.86,475.14,0.8469,-1,-1,-1
94,17,167.64,23.79,103.96,408.74,0.7889,-1,-1,-1
94,19,0.54,79.41,32.72,365.17,0.3167,-1,-1,-1
94,25,0.29,84.39,22.41,127.48,0.2947,-1,-1,-1
94,29,299.73,179.25,25.65,78.39,0.4521,-1,-1,-1
94,31,267.17,190.87,17.77,57.76,0.4865,-1,-1,-1
95,1,307.40,-0.06,276.91,477.94,0.9010,-1,-1,-1
95,2,0.74,1.38,223.21,474.86,0.8603,-1,-1,-1
95,17,169.79,22.45,104.39,411.50,0.7886,-1,-1,-1
95,19,0.71,79.10,33.65,369.84,0.4191,-1,-1,-1
95,25,0.57,83.05,25.34,123.14,0.1802,-1,-1,-1
95,29,301.17,178.72,24.21,80.70,0.5122,-1,-1,-1
95,31,266.81,192.71,16.26,55.80,0.5569,-1,-1,-1
96,1,306.97,-0.09,275.88,479.12,0.8999,-1,-1,-1
96,2,0.46,1.48,222.59,474.30,0.8357,-1,-1,-1
96,17,171.52,21.98,102.57,411.17,0.7914,-1,-1,-1
96,19,0.25,81.97,34.29,365.73,0.4157,-1,-1,-1
96,25,0.21,83.45,26.20,122.13,0.1776,-1,-1,-1
96,29,301.65,177.87,22.70,81.11,0.5020,-1,-1,-1
96,31,265.53,192.15,16.55,56.53,0.5346,-1,-1,-1
97,1,307.21,0.16,275.93,477.52,0.9031,-1,-1,-1
97,2,0.48,1.66,222.39,472.64,0.8640,-1,-1,-1
97,17,174.33,21.22,99.47,412.01,0.8179,-1,-1,-1
97,19,0.10,83.98,34.03,329.26,0.3742,-1,-1,-1
97,25,0.14,83.98,27.43,116.64,0.2073,-1,-1,-1
97,29,301.83,178.68,22.88,81.25,0.5721,-1,-1,-1
97,31,262.85,192.21,16.73,58.15,0.5794,-1,-1,-1
97,9,282.80,179.80,25.12,78.44,0.3714,-1,-1,-1
98,1,308.65,0.03,275.12,477.87,0.9064,-1,-1,-1
98,2,0.95,1.30,222.27,472.74,0.8745,-1,-1,-1
98,17,180.31,20.42,94.02,412.46,0.8351,-1,-1,-1
98,19,0.42,83.09,33.09,341.62,0.5054,-1,-1,-1
98,25,0.55,82.17,28.74,116.26,0.1744,-1,-1,-1
98,29,302.41,178.08,22.68,82.68,0.5933,-1,-1,-1
98,9,285.07,181.71,22.93,76.61,0.2867,-1,-1,-1
98,5,506.67,192.63,21.38,76.63,0.5041,-1,-1,-1
99,1,309.08,0.04,274.85,478.03,0.9089,-1,-1,-1
99,2,0.73,1.18,222.34,473.93,0.8855,-1,-1,-1
99,17,184.02,20.79,91.60,411.78,0.8484,-1,-1,-1
99,19,0.31,79.95,34.69,361.77,0.4600,-1,-1,-1
99,25,0.30,81.52,29.35,116.48,0.2010,-1,-1,-1
99,29,301.48,177.83,23.63,81.43,0.5364,-1,-1,-1
99,9,281.16,180.44,25.16,78.41,0.3549,-1,-1,-1
99,5,506.83,192.53,21.81,76.70,0.3765,-1,-1,-1
100,1,309.55,-0.06,273.95,477.75,0.9027,-1,-1,-1
100,2,0.49,0.99,221.72,475.03,0.8820,-1,-1,-1
100,17,186.66,18.94,90.40,413.27,0.8407,-1,-1,-1
100,19,-0.02,81.22,34.79,345.68,0.4245,-1,-1,-1
100,25,0.03,81.38,28.86,119.55,0.2027,-1,-1,-1
100,29,300.96,178.17,24.93,80.47,0.5874,-1,-1,-1
100,9,279.64,178.99,25.94,79.80,0.5712,-1,-1,-1
100,5,506.13,192.57,22.03,76.05,0.5333,-1,-1,-1
101,1,310.24,-0.01,274.07,479.35,0.9086,-1,-1,-1
101,2,0.64,0.95,221.68,475.27,0.8767,-1,-1,-1
101,17,189.34,17.60,91.50,413.77,0.8511,-1,-1,-1
101,19,0.11,81.44,34.04,354.06,0.4260,-1,-1,-1
101,25,0.20,80.86,28.98,118.34,0.2592,-1,-1,-1
101,29,300.96,178.07,24.36,81.49,0.4528,-1,-1,-1
101,9,279.42,179.08,26.24,79.73,0.4007,-1,-1,-1
101,5,507.09,192.78,21.87,76.18,0.3761,-1,-1,-1
102,1,311.84,-0.05,272.08,478.70,0.9022,-1,-1,-1
102,2,0.55,0.67,221.52,475.74,0.8734,-1,-1,-1
102,17,189.96,16.23,93.23,413.50,0.8479,-1,-1,-1
102,19,0.05,81.58,33.95,349.03,0.4412,-1,-1,-1
102,25,0.14,81.04,28.65,119.68,0.2553,-1,-1,-1
102,5,507.81,192.95,19.99,75.85,0.2892,-1,-1,-1
103,1,313.31,-0.06,271.57,479.82,0.9122,-1,-1,-1
103,2,0.52,0.76,221.56,476.53,0.8702,-1,-1,-1
103,17,191.24,16.76,93.25,414.61,0.8402,-1,-1,-1
103,19,0.10,82.00,33.89,329.80,0.3833,-1,-1,-1
103,25,0.20,81.25,29.55,117.92,0.2886,-1,-1,-1
103,5,508.62,193.12,18.75,75.47,0.3142,-1,-1,-1
104,1,314.24,-0.03,273.37,480.04,0.9108,-1,-1,-1
104,2,0.26,0.87,222.41,476.85,0.8893,-1,-1,-1
104,17,192.20,17.38,91.14,414.95,0.8419,-1,-1,-1
104,19,0.10,80.70,33.86,337.68,0.3355,-1,-1,-1
104,25,0.14,81.40,29.29,117.80,0.3109,-1,-1,-1
104,5,508.13,193.19,19.41,75.09,0.3212,-1,-1,-1
105,1,314.08,-0.06,274.62,480.20,0.9087,-1,-1,-1
105,2,-0.20,0.75,223.08,476.90,0.8627,-1,-1,-1
105,17,191.98,17.12,89.88,412.04,0.8375,-1,-1,-1
105,19,-0.28,82.95,32.21,348.19,0.3764,-1,-1,-1
105,25,-0.24,83.30,26.24,119.00,0.3026,-1,-1,-1
105,5,508.29,193.61,18.67,74.74,0.2329,-1,-1,-1
106,1,314.12,-0.09,276.17,479.56,0.9044,-1,-1,-1
106,2,-0.12,0.54,223.46,477.62,0.8800,-1,-1,-1
106,17,192.42,16.66,87.30,414.21,0.8269,-1,-1,-1
106,19,-0.22,82.69,32.60,357.76,0.4081,-1,-1,-1
106,25,-0.12,82.19,24.75,121.21,0.2777,-1,-1,-1
106,5,509.04,194.00,18.04,74.02,0.2975,-1,-1,-1
106,33,540.78,203.79,12.32,36.00,0.4060,-1,-1,-1
106,29,300.90,178.72,23.97,82.19,0.6317,-1,-1,-1
106,9,279.00,178.84,25.56,81.31,0.5835,-1,-1,-1
107,1,313.73,0.18,278.70,478.95,0.8953,-1,-1,-1
107,2,-0.10,0.35,224.42,478.11,0.8803,-1,-1,-1
107,17,192.47,16.69,86.44,414.73,0.8186,-1,-1,-1
107,19,-0.22,82.63,31.80,361.35,0.3576,-1,-1,-1
107,25,-0.12,82.10,23.34,119.43,0.2879,-1,-1,-1
107,5,510.28,197.58,16.58,70.42,0.1995,-1,-1,-1
107,33,541.30,204.16,11.90,35.66,0.3816,-1,-1,-1
107,29,300.87,178.63,24.28,82.13,0.5889,-1,-1,-1
107,9,279.33,179.31,25.54,79.91,0.5654,-1,-1,-1
108,1,312.62,-0.10,282.74,477.90,0.8996,-1,-1,-1
108,2,-0.26,-0.03,225.32,477.99,0.8742,-1,-1,-1
108,17,192.03,16.10,86.11,415.47,0.8234,-1,-1,-1
108,19,-0.29,79.90,31.06,354.44,0.1661,-1,-1,-1
108,25,-0.16,80.73,22.70,119.21,0.2128,-1,-1,-1
108,5,510.94,196.94,16.22,71.26,0.3205,-1,-1,-1
108,33,541.20,202.43,12.08,37.55,0.4677,-1,-1,-1
108,29,300.96,178.70,24.24,81.48,0.6020,-1,-1,-1
108,9,279.23,180.46,25.05,78.15,0.5106,-1,-1,-1
109,1,312.39,-0.18,284.79,475.93,0.8313,-1,-1,-1
109,2,-0.41,-0.01,225.06,478.56,0.8857,-1,-1,-1
109,17,190.14,16.49,87.78,414.33,0.8310,-1,-1,-1
109,19,-0.37,79.45,31.20,362.62,0.2191,-1,-1,-1
109,25,-0.23,80.93,22.88,115.58,0.2048,-1,-1,-1
109,29,300.93,178.36,24.04,82.07,0.5538,-1,-1,-1
109,9,278.92,180.39,25.70,78.15,0.5028,-1,-1,-1
110,1,312.21,-0.25,288.19,477.21,0.7599,-1,-1,-1
110,2,-0.72,0.23,224.61,478.45,0.9072,-1,-1,-1
110,17,188.40,16.67,90.60,414.13,0.8395,-1,-1,-1
110,19,-0.61,79.97,30.32,347.64,0.1715,-1,-1,-1
110,25,-0.43,81.42,22.63,110.59,0.2801,-1,-1,-1
110,29,300.54,178.19,24.54,82.17,0.4505,-1,-1,-1
110,9,282.01,179.43,25.66,79.37,0.2629,-1,-1,-1
111,1,311.29,0.05,290.10,476.96,0.7984,-1,-1,-1
111,2,-0.21,0.05,222.89,478.97,0.8961,-1,-1,-1
111,17,188.08,17.10,91.89,414.18,0.8444,-1,-1,-1
111,19,-0.19,78.98,28.68,360.08,0.1767,-1,-1,-1
111,25,-0.04,81.44,21.31,107.70,0.2923,-1,-1,-1
111,29,299.47,178.14,24.32,81.71,0.2963,-1,-1,-1
111,9,282.79,178.90,28.24,80.17,0.1641,-1,-1,-1
112,1,323.83,0.11,279.71,478.84,0.7949,-1,-1,-1
112,2,-0.29,0.12,222.78,479.39,0.9072,-1,-1,-1
112,17,187.70,17.04,94.64,415.57,0.8493,-1,-1,-1
112,19,-0.25,79.73,29.11,347.76,0.2960,-1,-1,-1
112,25,-0.12,81.07,22.00,106.65,0.2902,-1,-1,-1
112,29,298.41,177.78,26.23,82.80,0.3507,-1,-1,-1
112,9,280.30,186.18,27.29,70.81,0.1613,-1,-1,-1
113,1,315.73,0.24,283.38,479.37,0.8647,-1,-1,-1
113,2,-0.21,0.17,222.74,479.21,0.9028,-1,-1,-1
113,17,187.73,17.82,94.51,416.61,0.8531,-1,-1,-1
113,19,-0.17,78.52,27.97,324.59,0.1586,-1,-1,-1
113,25,-0.06,81.35,20.71,104.89,0.2072,-1,-1,-1
114,1,311.30,0.21,287.04,479.21,0.8970,-1,-1,-1
114,2,0.14,0.15,222.18,478.62,0.8955,-1,-1,-1
114,17,187.67,19.12,94.81,414.24,0.8538,-1,-1,-1
114,25,0.28,80.79,20.95,102.56,0.2110,-1,-1,-1
115,1,309.79,0.14,284.67,477.90,0.8815,-1,-1,-1
115,2,0.48,-0.17,221.56,478.79,0.8898,-1,-1,-1
115,17,188.42,19.84,94.44,414.78,0.8666,-1,-1,-1
115,25,0.49,80.22,17.96,100.27,0.1551,-1,-1,-1
116,1,307.09,0.05,284.90,478.62,0.8949,-1,-1,-1
116,2,0.98,-0.48,220.51,478.12,0.8794,-1,-1,-1
116,17,191.04,20.18,92.84,414.90,0.8595,-1,-1,-1
117,1,306.15,0.18,282.12,477.93,0.8835,-1,-1,-1
117,2,1.48,-0.31,220.78,476.99,0.8703,-1,-1,-1
117,17,192.67,20.24,93.59,415.15,0.8547,-1,-1,-1
118,1,304.42,0.53,278.12,476.76,0.8898,-1,-1,-1
118,2,1.57,0.28,222.02,476.77,0.8679,-1,-1,-1
118,17,193.85,20.43,92.68,415.75,0.8588,-1,-1,-1
119,1,303.30,0.82,278.48,477.46,0.9113,-1,-1,-1
119,2,1.65,1.22,226.12,477.19,0.8854,-1,-1,-1
119,17,196.94,20.69,91.97,413.00,0.8164,-1,-1,-1
119,5,498.90,193.44,29.57,77.95,0.6998,-1,-1,-1
119,19,0.61,80.39,30.05,339.07,0.4008,-1,-1,-1
120,1,302.22,0.50,279.97,478.75,0.9103,-1,-1,-1
120,2,0.93,1.27,230.21,478.28,0.8727,-1,-1,-1
120,17,199.97,21.39,89.29,411.35,0.8094,-1,-1,-1
120,5,498.72,193.16,30.03,78.74,0.7203,-1,-1,-1
120,19,0.51,79.58,30.83,348.97,0.2130,-1,-1,-1
121,1,302.84,0.91,280.28,478.11,0.8873,-1,-1,-1
121,2,1.42,1.35,234.47,478.05,0.8772,-1,-1,-1
121,17,200.80,21.71,88.84,413.32,0.8196,-1,-1,-1
121,5,498.56,192.68,30.40,79.30,0.6617,-1,-1,-1
121,19,1.27,78.58,34.12,373.20,0.1962,-1,-1,-1
122,1,305.45,0.84,281.27,476.82,0.8887,-1,-1,-1
122,2,1.79,1.25,238.52,478.33,0.8574,-1,-1,-1
122,17,202.52,22.40,85.07,415.52,0.8232,-1,-1,-1
122,5,498.66,193.44,30.13,78.35,0.6640,-1,-1,-1
122,19,1.39,76.68,35.41,391.67,0.3786,-1,-1,-1
123,1,303.33,1.00,281.92,477.64,0.8961,-1,-1,-1
123,2,1.87,1.49,242.19,478.01,0.8722,-1,-1,-1
123,17,202.78,21.78,84.48,414.40,0.8338,-1,-1,-1
123,5,498.93,193.68,30.61,77.99,0.6804,-1,-1,-1
123,19,1.39,76.12,37.91,400.26,0.5531,-1,-1,-1
124,1,304.21,0.43,280.03,478.62,0.9043,-1,-1,-1
124,2,1.55,1.08,245.29,477.98,0.8645,-1,-1,-1
124,17,203.38,22.30,82.80,409.98,0.8398,-1,-1,-1
124,5,499.38,193.93,30.31,77.90,0.6531,-1,-1,-1
124,19,0.97,75.78,38.80,402.94,0.5479,-1,-1,-1
125,1,304.80,0.58,278.35,478.78,0.9025,-1,-1,-1
125,2,0.98,1.05,248.29,478.01,0.8533,-1,-1,-1
125,17,203.47,22.71,81.84,407.01,0.8189,-1,-1,-1
125,5,500.27,193.68,29.46,77.80,0.6406,-1,-1,-1
125,19,0.53,76.42,41.51,405.14,0.5959,-1,-1,-1
125,35,561.13,201.91,16.17,37.95,0.4810,-1,-1,-1
125,29,297.62,178.50,27.23,79.09,0.3564,-1,-1,-1
126,1,305.16,0.46,276.86,479.37,0.8998,-1,-1,-1
126,2,-0.01,0.80,251.38,469.60,0.7892,-1,-1,-1
126,17,203.76,22.60,80.70,406.62,0.7895,-1,-1,-1
126,5,500.77,193.91,28.62,77.95,0.6269,-1,-1,-1
126,19,-0.02,76.52,42.98,404.33,0.4500,-1,-1,-1
126,35,561.23,202.31,16.24,37.45,0.4963,-1,-1,-1
126,29,298.12,178.24,25.86,79.09,0.2942,-1,-1,-1
126,9,286.82,180.19,26.04,78.14,0.3457,-1,-1,-1
127,1,306.19,0.38,276.68,479.49,0.8968,-1,-1,-1
127,2,0.39,1.07,251.15,473.31,0.8428,-1,-1,-1
127,17,205.09,22.79,79.26,406.36,0.8087,-1,-1,-1
127,5,502.10,193.29,27.64,77.86,0.5878,-1,-1,-1
127,19,-0.09,77.57,45.36,404.64,0.4094,-1,-1,-1
127,35,562.35,202.95,15.35,37.03,0.5211,-1,-1,-1
127,29,296.79,178.62,27.53,79.20,0.2797,-1,-1,-1
128,1,305.97,0.36,277.16,479.60,0.9036,-1,-1,-1
128,2,-0.17,0.77,253.94,473.69,0.8329,-1,-1,-1
128,17,204.98,22.66,79.40,407.04,0.7369,-1,-1,-1
128,5,502.69,193.81,26.91,77.13,0.6020,-1,-1,-1
128,19,-0.48,77.50,47.17,405.19,0.5861,-1,-1,-1
128,35,562.23,203.39,15.78,37.41,0.4789,-1,-1,-1
128,29,295.14,178.44,29.85,79.66,0.3225,-1,-1,-1
129,1,306.57,0.13,275.95,479.47,0.8964,-1,-1,-1
129,2,-0.28,0.72,254.45,474.23,0.8553,-1,-1,-1
129,17,204.79,22.79,79.36,407.70,0.7420,-1,-1,-1
129,5,502.86,193.96,26.65,77.20,0.5890,-1,-1,-1
129,19,-0.69,79.15,48.05,403.48,0.6338,-1,-1,-1
129,35,561.51,203.94,16.22,37.13,0.4410,-1,-1,-1
129,29,295.51,178.55,28.09,79.90,0.2027,-1,-1,-1
130,1,306.27,0.05,276.58,479.75,0.9090,-1,-1,-1
130,2,0.75,0.64,251.28,473.76,0.8327,-1,-1,-1
130,17,204.80,23.46,79.21,407.72,0.7662,-1,-1,-1
130,5,503.81,193.77,26.57,77.16,0.6022,-1,-1,-1
130,19,-0.74,79.99,49.09,402.59,0.6942,-1,-1,-1
130,35,561.44,203.41,16.32,37.81,0.4589,-1,-1,-1
130,29,295.78,178.27,26.71,80.08,0.1647,-1,-1,-1
130,9,288.77,188.79,21.08,69.44,0.3439,-1,-1,-1
131,1,306.00,0.14,276.11,479.72,0.8997,-1,-1,-1
131,2,7.97,0.60,242.13,471.97,0.8096,-1,-1,-1
131,17,204.13,23.14,79.91,406.02,0.7974,-1,-1,-1
131,5,502.59,193.68,27.55,77.65,0.6511,-1,-1,-1
131,19,-0.80,80.07,49.42,292.03,0.3753,-1,-1,-1
131,35,560.34,203.58,17.11,37.15,0.4561,-1,-1,-1
131,29,296.80,179.70,25.03,78.28,0.1680,-1,-1,-1
131,9,288.52,190.83,20.60,67.36,0.3437,-1,-1,-1
132,1,306.32,-0.08,274.50,480.10,0.8961,-1,-1,-1
132,2,9.73,0.44,238.36,472.26,0.7880,-1,-1,-1
132,17,202.32,22.82,81.36,406.40,0.8254,-1,-1,-1
132,5,502.43,193.06,27.61,77.89,0.6410,-1,-1,-1
132,19,-0.86,80.39,49.08,368.94,0.2870,-1,-1,-1
132,35,559.90,205.44,17.57,35.02,0.2230,-1,-1,-1
132,29,295.99,178.49,26.34,80.27,0.5026,-1,-1,-1
132,9,284.08,190.22,20.84,67.36,0.3154,-1,-1,-1
133,1,306.01,-0.21,273.81,478.25,0.8985,-1,-1,-1
133,2,8.79,0.32,237.45,474.76,0.8360,-1,-1,-1
133,17,201.11,22.57,82.41,407.15,0.8321,-1,-1,-1
133,5,502.09,192.99,28.03,78.45,0.5934,-1,-1,-1
133,19,-0.89,79.75,48.90,388.43,0.1815,-1,-1,-1
133,35,558.51,204.08,18.50,36.40,0.2552,-1,-1,-1
133,29,294.81,178.16,28.63,80.76,0.5434,-1,-1,-1
133,9,280.98,188.59,21.62,67.82,0.3829,-1,-1,-1
134,1,305.31,-0.05,271.97,477.54,0.9034,-1,-1,-1
134,2,9.13,0.44,235.39,477.21,0.8550,-1,-1,-1
134,17,200.89,22.59,81.69,410.52,0.8371,-1,-1,-1
134,5,501.35,192.81,28.82,79.22,0.6285,-1,-1,-1
134,19,-0.93,80.49,47.89,396.40,0.4216,-1,-1,-1
134,35,557.94,201.63,19.25,39.04,0.4410,-1,-1,-1
134,29,294.68,178.39,29.55,80.54,0.5868,-1,-1,-1
134,9,279.94,188.45,20.84,66.59,0.3152,-1,-1,-1
135,1,305.87,-0.22,270.55,479.84,0.8891,-1,-1,-1
135,2,7.55,0.47,234.87,478.49,0.8785,-1,-1,-1
135,17,201.40,22.56,81.16,412.44,0.8360,-1,-1,-1
135,5,500.92,192.97,28.40,79.11,0.6259,-1,-1,-1
135,19,-0.94,80.22,45.22,398.63,0.4010,-1,-1,-1
135,35,557.15,203.39,20.45,37.83,0.1533,-1,-1,-1
135,29,294.61,177.83,29.94,81.49,0.5319,-1,-1,-1
135,9,279.58,188.83,22.69,66.68,0.2180,-1,-1,-1
135,39,537.13,192.49,19.22,55.47,0.5086,-1,-1,-1
136,1,305.61,-0.22,269.82,480.49,0.8891,-1,-1,-1
136,2,5.96,0.52,232.29,478.41,0.8581,-1,-1,-1
136,17,200.10,23.23,82.46,411.50,0.8288,-1,-1,-1
136,5,500.48,192.72,28.70,79.51,0.6364,-1,-1,-1
136,19,-0.80,78.59,44.23,397.23,0.4053,-1,-1,-1
136,29,296.07,178.22,28.15,81.06,0.4172,-1,-1,-1
136,39,535.39,191.19,20.64,57.70,0.3690,-1,-1,-1
137,1,305.54,-0.20,269.66,480.61,0.8920,-1,-1,-1
137,2,5.95,0.60,227.40,478.77,0.8566,-1,-1,-1
137,17,196.25,22.96,86.86,410.39,0.8276,-1,-1,-1
137,5,500.57,193.10,28.68,79.05,0.6001,-1,-1,-1
137,19,-0.72,79.39,42.23,393.84,0.4105,-1,-1,-1
137,29,297.01,178.13,27.32,80.95,0.5052,-1,-1,-1
137,39,534.30,190.96,21.89,58.19,0.4986,-1,-1,-1
138,1,304.22,-0.31,271.35,480.95,0.9059,-1,-1,-1
138,2,4.82,0.19,223.63,480.15,0.8711,-1,-1,-1
138,17,192.51,23.04,90.48,412.24,0.8408,-1,-1,-1
138,5,501.28,193.01,28.22,79.08,0.5734,-1,-1,-1
138,19,-1.09,78.78,40.23,388.85,0.1585,-1,-1,-1
138,29,293.74,178.38,31.77,81.09,0.6002,-1,-1,-1
138,39,533.15,190.18,23.84,58.44,0.4706,-1,-1,-1
139,1,304.63,-0.17,272.10,480.56,0.9105,-1,-1,-1
139,2,4.00,0.21,222.52,480.11,0.8713,-1,-1,-1
139,17,190.75,22.59,92.67,411.07,0.8469,-1,-1,-1
139,5,501.74,193.45,27.85,78.35,0.5509,-1,-1,-1
139,29,292.18,178.23,34.04,81.22,0.6246,-1,-1,-1
139,39,531.34,191.46,21.45,57.31,0.1666,-1,-1,-1
139,35,556.30,201.94,17.83,40.06,0.3997,-1,-1,-1
140,1,304.98,0.35,273.56,479.66,0.9103,-1,-1,-1
140,2,2.60,0.51,220.65,479.62,0.8797,-1,-1,-1
140,17,189.29,22.42,94.64,410.78,0.8525,-1,-1,-1
140,5,502.33,193.00,27.95,78.51,0.5436,-1,-1,-1
140,29,292.35,177.48,33.04,81.94,0.6005,-1,-1,-1
140,39,531.07,190.82,21.66,58.22,0.1504,-1,-1,-1
140,35,556.25,202.98,16.79,38.96,0.3277,-1,-1,-1
141,1,304.12,0.06,275.88,476.35,0.8997,-1,-1,-1
141,2,1.64,0.75,218.44,479.05,0.8872,-1,-1,-1
141,17,187.48,21.42,96.79,411.97,0.8562,-1,-1,-1
141,5,502.11,192.83,27.62,78.36,0.5853,-1,-1,-1
141,29,292.49,178.11,32.65,80.81,0.4768,-1,-1,-1
141,39,528.06,193.94,18.48,54.73,0.2403,-1,-1,-1
141,35,555.03,203.57,15.94,38.34,0.3268,-1,-1,-1
142,1,303.89,0.22,277.09,478.19,0.9093,-1,-1,-1
142,2,1.22,0.95,216.26,479.11,0.8836,-1,-1,-1
142,17,186.90,20.88,97.42,413.16,0.8585,-1,-1,-1
142,5,502.36,192.39,27.27,78.79,0.5656,-1,-1,-1
142,29,293.56,178.19,29.66,80.37,0.4528,-1,-1,-1
142,39,524.88,196.77,16.27,47.59,0.1665,-1,-1,-1
142,35,555.39,203.36,17.25,38.89,0.3902,-1,-1,-1
143,1,304.83,-0.13,278.34,479.70,0.9058,-1,-1,-1
143,2,0.27,0.85,216.04,479.57,0.8861,-1,-1,-1
143,17,185.30,20.26,99.38,414.33,0.8618,-1,-1,-1
143,5,503.80,192.04,25.40,78.58,0.5970,-1,-1,-1
143,29,292.14,178.17,31.97,81.15,0.5429,-1,-1,-1
143,39,522.98,198.15,15.93,47.00,0.2031,-1,-1,-1
143,35,555.51,205.73,15.08,36.73,0.3286,-1,-1,-1
144,1,304.97,-0.24,281.06,480.31,0.9140,-1,-1,-1
144,2,-0.09,0.74,216.12,479.25,0.8927,-1,-1,-1
144,17,184.63,20.21,100.03,414.06,0.8556,-1,-1,-1
144,5,504.45,191.50,24.11,78.78,0.5340,-1,-1,-1
144,29,292.70,178.13,30.71,80.57,0.5565,-1,-1,-1
144,39,522.07,198.88,15.10,44.95,0.1839,-1,-1,-1
144,35,554.53,203.85,16.27,38.57,0.4357,-1,-1,-1
145,1,306.45,-0.31,284.74,481.09,0.9005,-1,-1,-1
145,2,-0.22,0.33,214.79,479.38,0.9011,-1,-1,-1
145,17,182.79,19.80,101.63,414.00,0.8542,-1,-1,-1
145,5,505.57,192.20,23.08,78.27,0.5526,-1,-1,-1
145,29,293.38,178.31,29.50,80.24,0.5813,-1,-1,-1
145,39,523.17,200.83,13.88,42.89,0.1979,-1,-1,-1
145,35,555.14,202.81,19.25,52.23,0.4485,-1,-1,-1
146,1,308.09,-0.11,285.30,480.38,0.8601,-1,-1,-1
146,2,0.20,0.70,214.44,478.20,0.8963,-1,-1,-1
146,17,182.57,19.98,102.09,412.96,0.8512,-1,-1,-1
146,29,295.17,178.13,27.38,80.31,0.6026,-1,-1,-1
147,1,318.73,-0.09,283.30,477.82,0.8399,-1,-1,-1
147,2,0.50,1.22,215.14,476.76,0.8911,-1,-1,-1
147,17,183.05,20.24,101.63,412.37,0.8538,-1,-1,-1
147,29,296.35,177.37,25.04,82.09,0.3723,-1,-1,-1
148,1,317.34,0.17,290.22,476.22,0.8729,-1,-1,-1
148,2,1.46,1.49,216.19,476.95,0.8647,-1,-1,-1
148,17,185.31,20.58,99.58,411.83,0.8583,-1,-1,-1
148,29,298.23,177.72,23.82,82.93,0.3982,-1,-1,-1
149,1,316.71,0.21,294.36,475.96,0.8849,-1,-1,-1
149,2,2.37,1.21,219.66,477.70,0.8584,-1,-1,-1
149,17,188.06,20.96,96.71,410.60,0.8564,-1,-1,-1
149,29,300.24,178.20,22.36,83.93,0.4503,-1,-1,-1
149,40,289.67,197.41,19.84,62.25,0.4409,-1,-1,-1
150,1,316.15,0.31,297.84,477.69,0.8775,-1,-1,-1
150,2,2.48,1.46,222.23,478.04,0.8666,-1,-1,-1
150,17,189.67,21.75,95.06,411.91,0.8526,-1,-1,-1
150,40,288.93,200.77,19.30,47.64,0.2917,-1,-1,-1
