1,1,0.00,8.85,351.22,1061.89,0.9275,-1,-1,-1
1,2,874.76,152.61,238.81,626.87,0.8143,-1,-1,-1
1,3,546.17,271.41,94.46,315.82,0.8119,-1,-1,-1
1,4,403.99,277.97,107.41,319.40,0.8106,-1,-1,-1
1,5,740.97,330.80,42.17,124.87,0.4072,-1,-1,-1
1,6,1058.82,293.53,82.78,324.77,0.4008,-1,-1,-1
1,7,798.29,307.67,46.04,140.81,0.3543,-1,-1,-1
2,1,-0.19,5.72,345.39,1064.86,0.9307,-1,-1,-1
2,2,870.35,148.89,234.69,629.26,0.8053,-1,-1,-1
2,3,542.48,266.63,95.31,321.87,0.8085,-1,-1,-1
2,4,397.84,274.32,110.57,321.34,0.8139,-1,-1,-1
2,5,739.89,330.35,41.59,121.81,0.2921,-1,-1,-1
2,6,1054.04,291.67,86.87,329.76,0.4811,-1,-1,-1
2,7,798.17,305.53,47.84,141.01,0.2868,-1,-1,-1
3,1,-0.37,4.84,339.43,1063.68,0.9292,-1,-1,-1
3,2,865.38,152.02,227.20,628.19,0.8283,-1,-1,-1
3,3,536.80,266.04,96.77,326.75,0.8042,-1,-1,-1
3,4,390.93,274.45,108.92,322.72,0.8446,-1,-1,-1
3,5,738.34,329.93,39.77,123.39,0.3181,-1,-1,-1
3,6,1048.54,293.74,90.68,333.28,0.5739,-1,-1,-1
3,7,795.89,309.44,47.57,138.80,0.2803,-1,-1,-1
4,1,-0.26,3.26,327.05,1062.29,0.9252,-1,-1,-1
4,2,868.51,152.94,218.36,629.06,0.8344,-1,-1,-1
4,3,531.79,264.77,96.26,329.16,0.8075,-1,-1,-1
4,4,381.99,271.27,111.50,327.19,0.8421,-1,-1,-1
4,5,733.40,325.68,40.94,128.23,0.4028,-1,-1,-1
4,6,1044.02,292.94,91.17,342.39,0.5789,-1,-1,-1
4,7,793.11,318.26,41.99,128.17,0.2214,-1,-1,-1
5,1,-0.15,2.70,312.03,1063.04,0.9159,-1,-1,-1
5,2,876.98,151.48,207.01,636.29,0.8186,-1,-1,-1
5,3,526.25,262.11,97.42,334.18,0.8087,-1,-1,-1
5,4,376.12,265.22,111.68,331.68,0.8346,-1,-1,-1
5,5,730.30,321.50,43.13,126.96,0.3937,-1,-1,-1
5,6,1046.92,291.78,85.11,344.63,0.5786,-1,-1,-1
5,7,789.61,322.43,42.27,118.58,0.2394,-1,-1,-1
5,8,691.09,333.15,38.15,111.03,0.3967,-1,-1,-1
6,1,0.30,16.15,292.35,1056.29,0.8776,-1,-1,-1
6,2,883.77,151.02,197.86,628.72,0.8032,-1,-1,-1
6,3,520.24,262.00,100.98,335.93,0.7972,-1,-1,-1
6,4,371.80,262.12,111.27,334.79,0.8305,-1,-1,-1
6,5,728.14,323.16,39.82,115.65,0.3996,-1,-1,-1
6,6,1045.97,293.05,82.45,345.89,0.5863,-1,-1,-1
6,7,787.23,321.44,40.63,117.60,0.3039,-1,-1,-1
6,8,687.91,333.52,39.39,115.05,0.4196,-1,-1,-1
7,1,0.64,62.43,273.47,1009.53,0.9035,-1,-1,-1
7,2,890.80,153.10,189.57,622.08,0.8162,-1,-1,-1
7,3,515.37,260.19,102.20,343.62,0.7800,-1,-1,-1
7,4,364.02,261.07,113.75,338.16,0.8224,-1,-1,-1
7,5,726.02,321.99,39.52,121.51,0.4656,-1,-1,-1
7,6,1041.67,296.26,84.14,347.10,0.6034,-1,-1,-1
7,7,784.98,317.91,40.62,123.53,0.3461,-1,-1,-1
7,8,684.90,332.78,41.41,119.96,0.4064,-1,-1,-1
7,9,864.19,253.88,80.04,308.39,0.5744,-1,-1,-1
8,1,0.71,85.55,258.66,986.53,0.8960,-1,-1,-1
8,2,890.96,153.43,188.83,626.25,0.7931,-1,-1,-1
8,3,511.10,262.69,102.07,345.93,0.8154,-1,-1,-1
8,4,354.36,260.49,118.02,341.95,0.8266,-1,-1,-1
8,5,723.50,321.60,40.79,125.49,0.5083,-1,-1,-1
8,6,1037.77,299.57,86.98,347.17,0.6753,-1,-1,-1
8,7,782.88,307.85,47.35,138.52,0.4131,-1,-1,-1
8,8,682.47,332.54,40.61,121.56,0.5018,-1,-1,-1
8,9,862.95,263.34,73.81,300.91,0.5858,-1,-1,-1
9,1,0.22,100.32,227.77,972.89,0.8638,-1,-1,-1
9,2,888.99,154.67,186.87,625.80,0.7894,-1,-1,-1
9,3,506.54,262.89,103.27,344.85,0.8364,-1,-1,-1
9,4,348.01,260.85,119.97,343.79,0.8186,-1,-1,-1
9,5,721.35,321.44,39.38,129.96,0.5789,-1,-1,-1
9,6,1036.31,303.27,85.23,348.70,0.6621,-1,-1,-1
9,7,782.18,306.78,43.52,140.49,0.3866,-1,-1,-1
9,8,679.72,333.77,38.18,121.52,0.4072,-1,-1,-1
9,9,862.19,264.55,72.42,300.28,0.5881,-1,-1,-1
10,1,0.72,108.60,206.27,961.34,0.7268,-1,-1,-1
10,2,883.14,157.02,188.31,623.57,0.8161,-1,-1,-1
10,3,500.31,264.61,106.67,347.35,0.8259,-1,-1,-1
10,4,344.63,259.93,118.42,346.89,0.8078,-1,-1,-1
10,5,720.16,323.73,40.17,131.23,0.5862,-1,-1,-1
10,6,1036.37,301.64,82.88,352.80,0.7003,-1,-1,-1
10,7,777.99,300.28,47.96,151.58,0.4913,-1,-1,-1
10,8,676.67,336.01,40.74,123.57,0.4889,-1,-1,-1
10,9,861.53,262.30,72.29,302.69,0.5662,-1,-1,-1
11,1,1.00,113.44,178.57,954.59,0.7332,-1,-1,-1
11,2,880.32,157.02,187.61,628.59,0.8167,-1,-1,-1
11,3,493.75,263.24,109.64,352.68,0.8231,-1,-1,-1
11,4,337.86,261.85,121.09,348.97,0.7889,-1,-1,-1
11,5,719.05,325.81,39.22,130.13,0.5182,-1,-1,-1
11,6,1037.90,298.05,76.60,358.96,0.6633,-1,-1,-1
11,7,776.85,312.89,47.48,140.61,0.5637,-1,-1,-1
11,8,675.86,340.20,40.95,118.91,0.4718,-1,-1,-1
11,9,861.86,274.50,68.07,292.39,0.5329,-1,-1,-1
12,1,0.87,119.18,160.55,761.11,0.7881,-1,-1,-1
12,2,872.50,158.27,188.95,631.34,0.8356,-1,-1,-1
12,3,490.17,259.90,110.97,357.69,0.7974,-1,-1,-1
12,4,327.34,264.36,127.35,351.48,0.8274,-1,-1,-1
12,5,717.97,327.02,40.95,131.76,0.5499,-1,-1,-1
12,6,1037.17,297.16,72.81,361.79,0.6770,-1,-1,-1
12,7,774.43,317.87,51.45,136.51,0.5494,-1,-1,-1
12,8,674.03,339.85,40.90,121.06,0.4348,-1,-1,-1
12,9,863.53,250.70,67.11,315.28,0.3897,-1,-1,-1
12,10,828.34,323.70,43.53,122.97,0.3621,-1,-1,-1
13,1,0.88,139.29,139.80,625.63,0.8200,-1,-1,-1
13,2,864.36,156.20,195.07,637.22,0.8253,-1,-1,-1
13,3,483.73,256.64,114.11,361.59,0.8271,-1,-1,-1
13,4,319.19,264.78,133.19,355.50,0.8302,-1,-1,-1
13,5,717.14,327.57,40.66,132.96,0.4863,-1,-1,-1
13,6,1035.86,299.03,73.26,355.83,0.6952,-1,-1,-1
13,7,772.65,320.46,52.23,134.52,0.5423,-1,-1,-1
13,8,672.79,340.43,39.96,122.76,0.4347,-1,-1,-1
13,9,864.74,246.76,65.07,315.25,0.2618,-1,-1,-1
13,10,829.08,326.21,43.74,121.12,0.4357,-1,-1,-1
14,1,0.62,174.83,117.61,579.17,0.8183,-1,-1,-1
14,2,855.94,153.83,200.75,642.76,0.7862,-1,-1,-1
14,3,479.18,255.21,115.65,364.46,0.8364,-1,-1,-1
14,4,313.45,266.13,136.01,358.73,0.8351,-1,-1,-1
14,5,715.34,327.37,43.49,133.72,0.5337,-1,-1,-1
14,6,1034.16,293.37,73.80,358.54,0.6842,-1,-1,-1
14,7,772.67,323.08,48.94,130.88,0.5625,-1,-1,-1
14,8,672.09,342.24,37.88,120.81,0.3725,-1,-1,-1
14,9,866.54,275.46,61.20,285.22,0.1848,-1,-1,-1
14,10,828.44,325.72,44.03,122.21,0.4667,-1,-1,-1
15,1,0.35,231.30,85.97,542.46,0.5546,-1,-1,-1
15,2,844.23,153.41,207.73,639.41,0.7979,-1,-1,-1
15,3,474.99,256.54,119.30,363.06,0.8390,-1,-1,-1
15,4,313.23,268.98,133.79,360.07,0.8286,-1,-1,-1
15,5,714.03,329.65,45.65,131.45,0.5302,-1,-1,-1
15,6,1030.38,285.58,77.44,367.96,0.6672,-1,-1,-1
15,7,772.33,323.17,47.98,129.81,0.5425,-1,-1,-1
15,8,671.65,345.14,35.02,113.99,0.4075,-1,-1,-1
15,10,827.84,328.64,43.80,120.56,0.4348,-1,-1,-1
16,2,837.76,153.75,212.97,640.29,0.8020,-1,-1,-1
16,3,472.08,256.91,122.71,366.12,0.8447,-1,-1,-1
16,4,309.44,270.29,135.35,365.13,0.8396,-1,-1,-1
16,5,713.62,330.86,45.77,130.98,0.5304,-1,-1,-1
16,6,1027.19,278.19,81.49,377.01,0.6328,-1,-1,-1
16,7,771.14,324.10,49.42,129.22,0.5743,-1,-1,-1
16,8,671.02,348.77,32.99,109.95,0.4414,-1,-1,-1
16,10,828.37,333.07,42.69,116.96,0.4191,-1,-1,-1
17,2,834.95,155.16,216.87,642.66,0.8270,-1,-1,-1
17,3,470.71,258.86,123.95,367.74,0.8425,-1,-1,-1
17,4,307.85,274.62,134.57,367.67,0.8504,-1,-1,-1
17,5,713.28,330.83,46.73,134.71,0.5726,-1,-1,-1
17,6,1023.94,276.07,86.75,378.87,0.6611,-1,-1,-1
17,7,770.49,326.01,51.52,129.27,0.5934,-1,-1,-1
17,8,671.06,348.09,32.93,116.31,0.4480,-1,-1,-1
17,10,829.22,338.14,41.53,116.22,0.4206,-1,-1,-1
18,2,836.29,158.30,215.26,651.53,0.8572,-1,-1,-1
18,3,468.56,260.04,126.77,373.06,0.8380,-1,-1,-1
18,4,308.76,278.64,133.23,369.69,0.8304,-1,-1,-1
18,5,714.00,333.33,46.82,135.95,0.4783,-1,-1,-1
18,6,1021.65,261.76,89.09,392.20,0.6970,-1,-1,-1
18,7,771.81,320.65,50.81,139.54,0.4270,-1,-1,-1
18,8,671.60,351.46,33.12,117.55,0.2545,-1,-1,-1
18,10,829.40,340.14,42.21,117.32,0.3606,-1,-1,-1
19,2,841.48,160.77,205.15,656.95,0.8586,-1,-1,-1
19,3,466.64,264.50,130.29,378.33,0.8214,-1,-1,-1
19,4,297.96,281.96,143.31,377.09,0.8303,-1,-1,-1
19,5,715.23,338.24,46.10,138.07,0.4879,-1,-1,-1
19,6,1016.20,257.47,94.06,398.25,0.7188,-1,-1,-1
19,7,772.49,331.06,50.96,133.06,0.5105,-1,-1,-1
19,8,670.78,356.72,33.70,120.81,0.2713,-1,-1,-1
19,10,830.35,347.63,44.33,112.89,0.3046,-1,-1,-1
20,2,845.58,167.11,197.90,655.96,0.8635,-1,-1,-1
20,3,467.69,271.59,130.73,379.84,0.8268,-1,-1,-1
20,4,296.74,287.40,145.86,379.36,0.8284,-1,-1,-1
20,5,717.61,342.86,43.98,139.93,0.5284,-1,-1,-1
20,6,1012.65,252.19,98.31,408.09,0.7665,-1,-1,-1
20,7,773.29,335.12,51.81,131.99,0.5669,-1,-1,-1
20,8,670.33,361.45,35.84,119.73,0.1551,-1,-1,-1
20,10,829.03,356.27,47.99,108.00,0.3492,-1,-1,-1
21,2,860.01,170.23,188.68,657.12,0.8511,-1,-1,-1
21,3,472.67,274.25,133.96,387.04,0.8124,-1,-1,-1
21,4,303.48,288.99,146.23,383.84,0.8442,-1,-1,-1
21,5,725.95,346.35,40.46,118.98,0.2306,-1,-1,-1
21,6,1017.81,249.88,105.25,414.69,0.8079,-1,-1,-1
21,7,775.89,336.35,57.31,131.78,0.3777,-1,-1,-1
22,2,880.55,169.53,187.38,660.39,0.8537,-1,-1,-1
22,3,493.03,276.21,130.67,390.94,0.8248,-1,-1,-1
22,4,321.40,289.23,145.31,386.92,0.8275,-1,-1,-1
22,5,743.98,349.36,41.57,132.46,0.5240,-1,-1,-1
22,6,1032.97,249.80,107.76,419.23,0.7957,-1,-1,-1
22,7,796.24,339.98,54.43,135.15,0.5636,-1,-1,-1
23,2,886.29,171.15,188.82,664.18,0.8619,-1,-1,-1
23,3,506.17,280.71,129.85,393.78,0.8267,-1,-1,-1
23,4,331.18,291.56,145.69,387.94,0.8289,-1,-1,-1
23,5,754.34,351.27,45.42,132.18,0.3741,-1,-1,-1
23,6,1041.38,252.50,112.39,422.71,0.8010,-1,-1,-1
23,7,809.11,355.45,55.15,126.10,0.2019,-1,-1,-1
23,8,705.65,367.18,39.79,126.11,0.4195,-1,-1,-1
24,2,885.08,172.03,198.44,664.58,0.8683,-1,-1,-1
24,3,516.33,283.71,131.35,396.85,0.8445,-1,-1,-1
24,4,341.02,292.69,147.09,391.30,0.8330,-1,-1,-1
24,5,766.86,351.63,43.70,136.64,0.5112,-1,-1,-1
24,6,1048.14,254.53,118.97,419.57,0.8175,-1,-1,-1
24,7,823.02,350.44,50.37,130.34,0.5156,-1,-1,-1
24,8,716.34,367.79,41.49,126.48,0.5326,-1,-1,-1
25,2,881.53,172.48,207.04,661.70,0.8634,-1,-1,-1
25,3,524.53,284.74,134.44,403.76,0.8443,-1,-1,-1
25,4,353.14,294.52,146.37,390.24,0.8319,-1,-1,-1
25,5,778.19,351.99,46.97,139.44,0.4209,-1,-1,-1
25,6,1058.08,256.40,123.30,420.13,0.8358,-1,-1,-1
25,8,730.56,368.40,40.40,129.20,0.4547,-1,-1,-1
26,2,883.84,173.96,214.21,657.40,0.8694,-1,-1,-1
26,3,539.19,291.94,132.45,405.54,0.7980,-1,-1,-1
26,4,364.82,295.61,149.93,395.23,0.8537,-1,-1,-1
26,5,793.99,353.69,45.79,135.17,0.3051,-1,-1,-1
26,6,1067.70,259.98,131.81,423.17,0.8313,-1,-1,-1
26,8,744.74,375.29,40.82,122.63,0.3271,-1,-1,-1
27,2,884.70,176.79,223.65,657.76,0.8630,-1,-1,-1
27,3,553.21,294.17,133.13,411.38,0.8309,-1,-1,-1
27,4,379.97,299.58,146.52,397.62,0.8406,-1,-1,-1
27,5,807.18,355.59,49.28,136.97,0.3705,-1,-1,-1
27,6,1081.05,265.42,137.47,420.55,0.8297,-1,-1,-1
27,8,761.54,378.34,38.37,125.69,0.3307,-1,-1,-1
27,11,1874.67,551.72,48.77,204.44,0.3686,-1,-1,-1
28,2,884.38,184.03,231.46,658.48,0.8748,-1,-1,-1
28,3,561.18,299.87,132.55,413.66,0.8469,-1,-1,-1
28,4,385.03,305.83,148.18,399.24,0.8611,-1,-1,-1
28,5,816.98,363.23,44.40,133.32,0.4378,-1,-1,-1
28,6,1086.79,272.86,139.78,418.55,0.8360,-1,-1,-1
28,8,768.92,383.03,39.20,126.37,0.4183,-1,-1,-1
29,2,884.13,190.90,227.61,659.49,0.8794,-1,-1,-1
29,3,565.12,301.44,133.75,417.26,0.8639,-1,-1,-1
29,4,391.36,310.03,144.04,404.20,0.8420,-1,-1,-1
29,5,820.72,367.97,45.09,141.45,0.5042,-1,-1,-1
29,6,1091.12,278.47,143.21,426.81,0.8128,-1,-1,-1
29,8,773.43,387.33,40.60,128.74,0.3731,-1,-1,-1
30,2,887.59,195.81,226.31,661.05,0.8922,-1,-1,-1
30,3,569.46,301.19,136.67,418.00,0.8519,-1,-1,-1
30,4,397.35,312.69,144.39,411.00,0.8394,-1,-1,-1
30,5,827.62,371.09,47.89,141.70,0.4914,-1,-1,-1
30,6,1097.89,281.55,149.34,431.95,0.8322,-1,-1,-1
30,8,783.95,390.83,38.10,127.56,0.2928,-1,-1,-1
31,2,888.38,201.58,227.47,664.37,0.8832,-1,-1,-1
31,3,573.41,302.82,136.73,420.25,0.8356,-1,-1,-1
31,4,400.73,317.94,144.89,417.32,0.8435,-1,-1,-1
31,5,836.47,378.61,44.66,139.56,0.5141,-1,-1,-1
31,6,1102.13,285.45,153.50,435.71,0.8545,-1,-1,-1
31,8,790.27,394.27,40.22,126.46,0.4837,-1,-1,-1
32,2,889.26,208.64,230.66,667.97,0.8843,-1,-1,-1
32,3,577.64,305.38,135.17,427.64,0.8523,-1,-1,-1
32,4,402.55,323.20,145.23,419.26,0.8573,-1,-1,-1
32,5,841.44,381.29,43.27,144.99,0.5932,-1,-1,-1
32,6,1104.03,290.25,155.78,433.58,0.8578,-1,-1,-1
32,8,793.88,399.59,44.27,127.51,0.3946,-1,-1,-1
33,2,892.42,213.66,232.59,669.90,0.8824,-1,-1,-1
33,3,580.74,308.10,138.12,431.31,0.8464,-1,-1,-1
33,4,404.28,328.96,147.77,419.73,0.8586,-1,-1,-1
33,5,846.32,388.03,44.26,145.26,0.5306,-1,-1,-1
33,6,1106.31,298.06,161.78,431.54,0.8557,-1,-1,-1
33,8,799.09,402.87,43.05,127.30,0.3542,-1,-1,-1
34,2,894.09,219.72,238.64,672.58,0.8748,-1,-1,-1
34,3,584.97,309.57,136.52,434.35,0.8412,-1,-1,-1
34,4,402.05,332.85,149.20,425.84,0.8418,-1,-1,-1
34,5,848.72,392.52,46.98,147.16,0.5586,-1,-1,-1
34,6,1108.35,302.60,163.89,426.10,0.8550,-1,-1,-1
34,8,801.20,407.44,46.82,129.70,0.3365,-1,-1,-1
35,2,899.04,227.28,236.85,676.19,0.8777,-1,-1,-1
35,3,588.52,313.82,135.85,439.23,0.8299,-1,-1,-1
35,4,399.10,337.03,151.00,433.53,0.8268,-1,-1,-1
35,5,850.49,397.41,48.13,146.86,0.5384,-1,-1,-1
35,6,1110.21,307.06,165.87,421.65,0.8461,-1,-1,-1
35,8,803.28,409.91,48.96,133.56,0.4807,-1,-1,-1
36,2,903.44,233.72,233.45,678.44,0.8840,-1,-1,-1
36,3,590.88,318.72,138.96,442.31,0.8214,-1,-1,-1
36,4,394.21,341.16,152.04,439.74,0.8543,-1,-1,-1
36,5,856.06,406.40,46.65,139.44,0.2924,-1,-1,-1
36,6,1112.85,311.70,164.49,419.99,0.8511,-1,-1,-1
36,8,805.22,413.93,50.04,134.49,0.4319,-1,-1,-1
37,2,904.61,241.90,232.68,678.01,0.8903,-1,-1,-1
37,3,592.91,322.95,135.99,446.70,0.8044,-1,-1,-1
37,4,389.93,344.00,150.02,446.29,0.8665,-1,-1,-1
37,5,860.62,413.90,43.96,134.50,0.4535,-1,-1,-1
37,6,1117.01,315.79,163.13,424.20,0.8438,-1,-1,-1
37,8,806.48,422.50,50.71,130.88,0.3624,-1,-1,-1
38,2,909.85,248.61,228.90,677.62,0.8889,-1,-1,-1
38,3,593.99,328.69,135.53,450.51,0.8259,-1,-1,-1
38,4,383.36,348.12,152.67,448.91,0.8690,-1,-1,-1
38,5,864.54,418.17,41.28,135.83,0.6131,-1,-1,-1
38,6,1118.07,321.41,163.87,422.15,0.8463,-1,-1,-1
38,8,808.03,431.58,53.04,129.87,0.3782,-1,-1,-1
39,2,918.35,255.47,222.48,679.17,0.8846,-1,-1,-1
39,3,592.03,333.75,138.06,459.36,0.8165,-1,-1,-1
39,4,377.23,352.03,156.10,453.25,0.8802,-1,-1,-1
39,5,864.48,425.11,42.92,134.83,0.5074,-1,-1,-1
39,6,1122.56,328.18,160.63,427.23,0.8541,-1,-1,-1
39,8,810.14,439.22,50.98,120.07,0.3247,-1,-1,-1
40,2,924.25,258.09,217.04,684.82,0.8765,-1,-1,-1
40,3,586.41,342.18,143.49,467.26,0.7965,-1,-1,-1
40,4,371.27,356.15,158.65,456.28,0.8740,-1,-1,-1
40,5,863.23,428.18,46.67,143.77,0.5479,-1,-1,-1
40,6,1125.74,334.71,158.90,431.26,0.8542,-1,-1,-1
40,8,808.96,445.10,53.62,126.90,0.2432,-1,-1,-1
41,2,925.84,260.05,212.82,683.87,0.8804,-1,-1,-1
41,3,582.31,343.53,145.08,474.00,0.8022,-1,-1,-1
41,4,359.15,356.56,165.93,459.00,0.8626,-1,-1,-1
41,5,862.53,432.73,47.59,144.89,0.4786,-1,-1,-1
41,6,1130.48,339.13,155.08,430.86,0.8500,-1,-1,-1
41,8,806.62,451.35,55.53,127.17,0.3320,-1,-1,-1
42,2,928.95,265.75,208.38,676.79,0.8822,-1,-1,-1
42,3,577.14,347.51,148.44,480.07,0.7102,-1,-1,-1
42,4,346.30,358.01,171.86,465.30,0.8716,-1,-1,-1
42,5,862.32,436.38,46.64,146.62,0.4658,-1,-1,-1
42,6,1132.64,346.79,151.29,429.10,0.8558,-1,-1,-1
42,8,806.59,458.88,54.58,127.48,0.3295,-1,-1,-1
43,2,931.08,272.89,202.51,665.63,0.8819,-1,-1,-1
43,3,572.33,352.57,144.96,482.60,0.8054,-1,-1,-1
43,4,333.17,363.27,176.57,470.14,0.8483,-1,-1,-1
43,5,859.60,442.16,46.49,139.23,0.3506,-1,-1,-1
43,6,1130.70,353.68,151.55,429.67,0.8571,-1,-1,-1
44,2,930.61,278.32,199.82,659.99,0.8857,-1,-1,-1
44,3,566.97,356.08,143.00,490.37,0.8117,-1,-1,-1
44,4,318.53,365.71,182.13,476.47,0.8581,-1,-1,-1
44,5,855.90,443.04,46.08,145.30,0.3893,-1,-1,-1
44,6,1127.96,360.83,151.99,425.85,0.8564,-1,-1,-1
45,2,929.01,284.35,198.22,660.08,0.8876,-1,-1,-1
45,3,561.12,361.32,140.60,500.02,0.8246,-1,-1,-1
45,4,304.19,371.10,187.91,486.84,0.8453,-1,-1,-1
45,5,848.71,449.42,48.61,146.45,0.4301,-1,-1,-1
45,6,1124.34,367.97,151.19,426.48,0.8408,-1,-1,-1
46,2,925.35,292.89,197.37,664.37,0.8866,-1,-1,-1
46,3,554.35,365.08,140.72,506.98,0.8213,-1,-1,-1
46,4,292.33,378.10,189.57,499.79,0.8413,-1,-1,-1
46,5,844.77,456.57,49.86,147.46,0.4778,-1,-1,-1
46,6,1120.87,376.25,150.43,431.51,0.8509,-1,-1,-1
47,2,921.30,302.19,195.12,668.19,0.8781,-1,-1,-1
47,3,546.09,370.33,143.85,513.48,0.8248,-1,-1,-1
47,4,273.07,383.61,199.20,516.63,0.8436,-1,-1,-1
47,5,841.39,468.60,49.72,138.64,0.3350,-1,-1,-1
47,6,1116.86,382.62,147.86,433.92,0.8357,-1,-1,-1
48,2,915.92,309.69,195.37,676.21,0.8774,-1,-1,-1
48,3,533.91,373.16,149.29,523.07,0.8578,-1,-1,-1
48,4,257.44,391.62,205.24,527.33,0.8569,-1,-1,-1
48,5,837.32,469.50,48.31,148.86,0.6837,-1,-1,-1
48,6,1112.83,389.80,141.39,435.28,0.8321,-1,-1,-1
49,2,909.41,318.84,194.73,682.20,0.8784,-1,-1,-1
49,3,524.62,377.38,153.30,531.20,0.8508,-1,-1,-1
49,4,240.81,399.22,211.49,534.46,0.8719,-1,-1,-1
49,5,831.78,473.57,49.76,150.78,0.4995,-1,-1,-1
49,6,1105.67,395.67,145.29,434.92,0.8530,-1,-1,-1
50,2,903.92,327.77,193.66,683.58,0.8773,-1,-1,-1
50,3,518.73,383.41,155.29,537.33,0.8387,-1,-1,-1
50,4,224.87,406.76,218.37,528.26,0.8353,-1,-1,-1
50,5,823.36,477.52,51.21,153.67,0.5770,-1,-1,-1
50,6,1099.75,400.45,143.73,438.36,0.8538,-1,-1,-1
51,2,898.98,334.93,191.17,685.22,0.8694,-1,-1,-1
51,3,510.45,386.11,157.29,544.37,0.8470,-1,-1,-1
51,4,208.79,412.69,223.26,522.79,0.8440,-1,-1,-1
51,5,816.72,480.36,54.80,155.79,0.5905,-1,-1,-1
51,6,1095.00,403.65,144.78,439.51,0.8680,-1,-1,-1
52,2,893.93,341.73,189.79,684.66,0.8759,-1,-1,-1
52,3,502.12,388.45,160.10,547.12,0.8376,-1,-1,-1
52,4,195.60,417.27,226.95,548.35,0.8293,-1,-1,-1
52,5,811.84,488.96,55.15,147.38,0.3282,-1,-1,-1
52,6,1091.46,405.18,145.92,441.94,0.8645,-1,-1,-1
53,2,889.03,347.83,189.89,682.48,0.8783,-1,-1,-1
53,3,494.75,394.68,162.65,550.34,0.8404,-1,-1,-1
53,4,185.22,420.71,224.77,562.75,0.8704,-1,-1,-1
53,5,809.95,492.20,54.04,147.07,0.6582,-1,-1,-1
53,6,1085.00,408.39,151.99,443.07,0.8652,-1,-1,-1
54,2,883.44,351.17,192.47,680.02,0.8833,-1,-1,-1
54,3,485.26,396.31,169.06,557.48,0.8509,-1,-1,-1
54,4,174.63,422.32,226.43,572.99,0.8822,-1,-1,-1
54,5,810.02,493.83,52.07,141.19,0.5952,-1,-1,-1
54,6,1078.96,409.75,157.84,445.38,0.8712,-1,-1,-1
55,2,875.24,350.62,196.19,679.92,0.8837,-1,-1,-1
55,3,476.80,396.85,176.74,565.08,0.8581,-1,-1,-1
55,4,165.71,420.86,226.16,582.64,0.8952,-1,-1,-1
55,5,807.59,493.23,52.86,142.73,0.4668,-1,-1,-1
55,6,1074.67,410.36,161.81,445.68,0.8756,-1,-1,-1
55,8,747.46,508.69,51.30,139.90,0.5135,-1,-1,-1
56,2,870.14,350.06,197.19,682.10,0.8792,-1,-1,-1
56,3,471.02,398.94,183.52,576.08,0.8728,-1,-1,-1
56,4,158.06,419.96,224.93,592.80,0.8826,-1,-1,-1
56,5,806.03,493.65,53.28,150.23,0.4625,-1,-1,-1
56,6,1074.88,412.07,162.76,441.83,0.8744,-1,-1,-1
56,8,746.22,512.35,48.36,138.81,0.2185,-1,-1,-1
57,2,863.29,349.30,199.68,685.84,0.8752,-1,-1,-1
57,3,464.16,401.84,190.47,589.41,0.8758,-1,-1,-1
57,4,146.88,419.78,226.77,600.69,0.8887,-1,-1,-1
57,5,805.45,497.30,53.21,153.46,0.3711,-1,-1,-1
57,6,1073.67,413.95,164.84,439.09,0.8674,-1,-1,-1
57,8,745.07,521.70,46.60,129.59,0.3011,-1,-1,-1
58,2,857.63,348.22,203.00,680.20,0.8683,-1,-1,-1
58,3,458.49,399.70,195.84,605.35,0.8814,-1,-1,-1
58,4,137.82,418.21,228.99,610.95,0.8760,-1,-1,-1
58,5,806.39,504.09,52.23,147.25,0.2943,-1,-1,-1
58,6,1070.74,412.53,167.59,443.53,0.8718,-1,-1,-1
58,8,746.04,519.58,43.46,128.94,0.2473,-1,-1,-1
59,2,846.84,345.28,207.49,671.97,0.8827,-1,-1,-1
59,3,453.51,395.06,195.76,620.84,0.8830,-1,-1,-1
59,4,126.98,416.87,233.59,617.88,0.8969,-1,-1,-1
59,5,803.01,503.27,52.20,146.17,0.3329,-1,-1,-1
59,6,1069.10,413.73,169.28,441.75,0.8702,-1,-1,-1
59,8,745.30,516.28,40.48,123.32,0.3152,-1,-1,-1
59,9,1024.06,427.57,63.28,332.36,0.4530,-1,-1,-1
60,2,838.12,345.27,209.92,667.14,0.8873,-1,-1,-1
60,3,450.96,396.26,193.39,626.08,0.8773,-1,-1,-1
60,4,115.04,415.80,238.11,623.86,0.9068,-1,-1,-1
60,5,799.41,500.06,53.16,142.27,0.3746,-1,-1,-1
60,6,1066.20,414.76,172.64,442.65,0.8682,-1,-1,-1
60,8,740.80,516.29,46.33,118.87,0.2687,-1,-1,-1
60,9,1024.12,434.13,60.62,321.18,0.2831,-1,-1,-1
61,2,825.98,345.80,218.60,667.57,0.8888,-1,-1,-1
61,3,445.65,398.13,194.50,636.45,0.8643,-1,-1,-1
61,4,105.14,415.39,241.79,632.42,0.9052,-1,-1,-1
61,5,797.89,498.82,53.37,140.40,0.4130,-1,-1,-1
61,6,1063.78,415.94,176.20,443.12,0.8656,-1,-1,-1
61,8,734.45,517.25,53.80,119.11,0.2879,-1,-1,-1
61,9,1023.01,437.26,60.84,314.21,0.2024,-1,-1,-1
62,2,820.05,345.05,224.77,667.91,0.8800,-1,-1,-1
62,3,444.56,397.07,194.62,644.19,0.8512,-1,-1,-1
62,4,98.49,411.99,244.06,652.01,0.9003,-1,-1,-1
62,5,797.18,495.76,52.88,141.87,0.3431,-1,-1,-1
62,6,1064.64,414.91,179.02,442.90,0.8628,-1,-1,-1
62,8,734.19,517.99,54.07,117.84,0.2742,-1,-1,-1
62,9,1023.05,433.70,61.63,314.88,0.3879,-1,-1,-1
63,2,818.13,341.76,225.63,672.64,0.8811,-1,-1,-1
63,3,442.32,392.96,197.99,651.91,0.8613,-1,-1,-1
63,4,95.92,406.46,239.83,668.37,0.8924,-1,-1,-1
63,6,1066.35,413.40,182.91,443.07,0.8705,-1,-1,-1
63,8,736.45,524.52,50.48,113.36,0.1640,-1,-1,-1
63,9,1020.49,430.54,65.83,319.68,0.7148,-1,-1,-1
64,2,818.85,340.33,223.28,676.23,0.8784,-1,-1,-1
64,3,446.33,387.32,198.50,660.58,0.8709,-1,-1,-1
64,4,91.94,402.51,237.86,676.30,0.8872,-1,-1,-1
64,6,1068.43,413.52,185.51,443.28,0.8700,-1,-1,-1
64,8,739.06,513.33,52.47,133.97,0.3746,-1,-1,-1
64,9,1021.10,432.94,67.63,316.46,0.7914,-1,-1,-1
64,5,802.05,493.03,47.97,147.98,0.3707,-1,-1,-1
65,2,816.63,338.40,226.49,679.79,0.8890,-1,-1,-1
65,3,446.30,380.55,202.42,668.77,0.8722,-1,-1,-1
65,4,83.49,401.52,239.70,678.94,0.8834,-1,-1,-1
65,6,1071.86,411.36,186.71,444.67,0.8626,-1,-1,-1
65,8,740.75,509.08,57.17,140.23,0.5812,-1,-1,-1
65,9,1022.26,434.04,70.06,313.60,0.7868,-1,-1,-1
65,5,803.61,489.62,46.36,154.79,0.4018,-1,-1,-1
66,2,818.10,336.57,226.30,682.37,0.8875,-1,-1,-1
66,3,444.77,373.42,208.97,677.02,0.8764,-1,-1,-1
66,4,75.07,400.19,243.70,678.89,0.8885,-1,-1,-1
66,6,1079.62,406.16,188.17,450.56,0.8392,-1,-1,-1
66,8,743.42,504.03,58.47,145.24,0.4667,-1,-1,-1
66,9,1023.61,433.43,73.28,312.38,0.7797,-1,-1,-1
66,5,808.24,487.27,41.26,152.30,0.3335,-1,-1,-1
67,2,818.82,336.04,226.88,683.47,0.8931,-1,-1,-1
67,3,443.94,366.67,213.73,683.94,0.8733,-1,-1,-1
67,4,65.25,396.00,246.01,682.95,0.8880,-1,-1,-1
67,6,1084.51,402.31,190.49,455.80,0.8461,-1,-1,-1
67,8,745.51,497.20,59.77,149.55,0.6051,-1,-1,-1
67,9,1024.15,430.93,76.40,309.83,0.7461,-1,-1,-1
67,5,811.10,491.27,37.55,152.56,0.2488,-1,-1,-1
68,2,820.75,334.72,227.18,684.94,0.8934,-1,-1,-1
68,3,441.97,356.91,219.80,692.40,0.8708,-1,-1,-1
68,4,51.31,392.81,251.61,681.47,0.8889,-1,-1,-1
68,6,1090.38,399.06,184.37,455.47,0.8456,-1,-1,-1
68,8,747.34,495.84,60.26,147.59,0.5304,-1,-1,-1
68,9,1026.40,424.39,78.67,313.47,0.7259,-1,-1,-1
68,5,812.87,490.39,40.31,156.59,0.1539,-1,-1,-1
69,2,827.24,330.98,224.43,685.86,0.8878,-1,-1,-1
69,3,441.91,348.20,224.46,700.75,0.8775,-1,-1,-1
69,4,37.75,384.56,260.13,685.94,0.8998,-1,-1,-1
69,6,1094.65,395.24,182.72,456.59,0.8726,-1,-1,-1
69,8,750.51,490.96,60.03,149.69,0.6034,-1,-1,-1
69,9,1030.25,419.87,78.72,314.95,0.7208,-1,-1,-1
69,5,815.38,485.01,42.90,157.78,0.2812,-1,-1,-1
70,2,828.75,328.07,225.53,684.09,0.8967,-1,-1,-1
70,3,437.99,341.28,230.99,708.70,0.8913,-1,-1,-1
70,4,20.00,376.47,270.23,695.28,0.9135,-1,-1,-1
70,6,1097.44,391.22,182.68,457.22,0.8721,-1,-1,-1
70,8,752.60,486.87,59.61,151.61,0.5373,-1,-1,-1
70,9,1032.35,416.08,79.32,315.41,0.7091,-1,-1,-1
70,5,817.49,473.27,45.46,162.31,0.3136,-1,-1,-1
70,13,1547.49,449.97,54.33,63.98,0.3554,-1,-1,-1
71,2,831.30,325.35,224.74,682.44,0.8904,-1,-1,-1
71,3,433.09,334.17,235.89,720.30,0.8901,-1,-1,-1
71,4,5.02,368.92,269.78,703.26,0.9096,-1,-1,-1
71,6,1100.03,386.81,180.82,455.24,0.8643,-1,-1,-1
71,8,752.98,484.06,60.19,152.04,0.5789,-1,-1,-1
71,9,1032.88,412.41,80.34,315.93,0.7217,-1,-1,-1
71,13,1544.35,447.28,59.06,62.67,0.4409,-1,-1,-1
72,2,831.80,320.45,225.93,682.57,0.8906,-1,-1,-1
72,3,427.94,325.28,239.80,741.66,0.8916,-1,-1,-1
72,4,-2.39,361.46,262.65,711.46,0.9195,-1,-1,-1
72,6,1102.59,384.36,179.43,452.55,0.8592,-1,-1,-1
72,8,753.91,483.28,60.40,151.43,0.5615,-1,-1,-1
72,9,1034.09,410.51,79.71,315.22,0.7227,-1,-1,-1
72,13,1550.79,445.34,53.64,61.99,0.4067,-1,-1,-1
73,2,832.89,314.55,224.92,680.09,0.8855,-1,-1,-1
73,3,421.77,315.61,243.34,758.71,0.8933,-1,-1,-1
73,4,-4.83,349.84,249.38,723.01,0.9111,-1,-1,-1
73,6,1104.14,381.33,177.65,447.22,0.8556,-1,-1,-1
73,8,753.20,477.54,57.78,153.11,0.4691,-1,-1,-1
73,9,1035.01,409.66,78.59,313.26,0.6758,-1,-1,-1
73,13,1546.57,442.46,58.57,61.42,0.4260,-1,-1,-1
74,2,832.47,309.38,224.88,669.41,0.8805,-1,-1,-1
74,3,413.90,310.02,246.91,765.67,0.8907,-1,-1,-1
74,4,-5.22,342.96,232.27,732.46,0.9065,-1,-1,-1
74,6,1105.44,378.04,174.25,443.43,0.8565,-1,-1,-1
74,8,750.63,474.78,59.17,153.26,0.5560,-1,-1,-1
74,9,1034.71,409.31,79.34,311.49,0.6848,-1,-1,-1
74,13,1546.60,440.70,61.74,61.48,0.4308,-1,-1,-1
75,2,834.88,305.22,221.19,663.88,0.8721,-1,-1,-1
75,3,404.20,303.22,250.16,773.07,0.8954,-1,-1,-1
75,4,-4.46,332.41,214.80,744.36,0.8958,-1,-1,-1
75,6,1105.42,375.53,173.47,441.19,0.8616,-1,-1,-1
75,8,748.95,471.84,58.53,153.85,0.5618,-1,-1,-1
75,9,1034.67,419.58,77.04,298.79,0.6642,-1,-1,-1
75,13,1546.19,438.63,64.28,61.68,0.4430,-1,-1,-1
75,5,817.10,456.44,44.97,160.23,0.3709,-1,-1,-1
76,2,839.45,301.20,217.15,661.81,0.8691,-1,-1,-1
76,3,393.64,296.76,254.42,777.68,0.8894,-1,-1,-1
76,4,-3.90,323.89,197.83,751.19,0.8883,-1,-1,-1
76,6,1108.25,373.43,168.86,440.22,0.8559,-1,-1,-1
76,8,747.12,471.41,61.62,149.77,0.5169,-1,-1,-1
76,9,1035.19,431.70,76.52,283.18,0.7228,-1,-1,-1
76,13,1544.28,437.82,68.47,61.82,0.4525,-1,-1,-1
76,5,816.84,452.84,44.52,162.63,0.3975,-1,-1,-1
77,2,844.47,298.69,210.27,663.25,0.8786,-1,-1,-1
77,3,383.64,293.44,257.69,777.62,0.8913,-1,-1,-1
77,4,-3.02,317.66,180.99,758.80,0.8802,-1,-1,-1
77,6,1109.20,372.08,167.25,441.89,0.8657,-1,-1,-1
77,8,745.59,470.89,64.56,149.32,0.5040,-1,-1,-1
77,9,1034.17,435.74,77.22,278.61,0.6324,-1,-1,-1
77,13,1541.68,437.71,71.64,61.14,0.4086,-1,-1,-1
77,5,816.84,450.91,44.55,160.87,0.4081,-1,-1,-1
78,2,848.92,296.20,201.49,665.75,0.8637,-1,-1,-1
78,3,369.29,289.55,263.84,783.05,0.8972,-1,-1,-1
78,4,-3.06,311.96,162.38,762.69,0.8673,-1,-1,-1
78,6,1108.43,370.90,166.46,443.22,0.8640,-1,-1,-1
78,8,742.91,466.23,65.77,155.04,0.5499,-1,-1,-1
78,9,1030.12,424.04,78.20,292.06,0.7076,-1,-1,-1
78,13,1542.34,437.27,70.09,61.46,0.4210,-1,-1,-1
78,5,814.38,450.85,45.47,161.83,0.6321,-1,-1,-1
79,2,850.97,292.40,198.02,670.81,0.8592,-1,-1,-1
79,3,353.19,284.28,267.06,788.74,0.9003,-1,-1,-1
79,4,-3.05,308.46,145.95,765.85,0.8291,-1,-1,-1
79,6,1107.79,368.14,165.47,444.88,0.8600,-1,-1,-1
79,8,741.22,468.39,56.15,152.67,0.4962,-1,-1,-1
79,9,1025.07,408.59,79.74,306.69,0.7189,-1,-1,-1
79,13,1540.09,435.86,68.85,61.68,0.3016,-1,-1,-1
79,5,810.96,449.12,46.57,164.99,0.6450,-1,-1,-1
80,2,850.35,289.40,193.20,675.17,0.8566,-1,-1,-1
80,3,334.61,276.19,274.17,795.97,0.8965,-1,-1,-1
80,4,-2.79,385.93,123.20,504.15,0.5093,-1,-1,-1
80,6,1105.35,364.60,162.75,447.49,0.8433,-1,-1,-1
80,8,737.49,468.77,52.72,153.69,0.5411,-1,-1,-1
80,9,1021.84,400.99,76.41,314.21,0.7097,-1,-1,-1
80,13,1532.85,437.22,53.94,58.93,0.2610,-1,-1,-1
80,5,802.56,446.00,54.05,170.02,0.6151,-1,-1,-1
81,2,848.92,291.11,189.88,675.82,0.8514,-1,-1,-1
81,3,317.00,267.21,278.66,803.78,0.9018,-1,-1,-1
81,4,-2.16,426.69,96.29,445.95,0.6418,-1,-1,-1
81,6,1103.11,363.63,158.04,446.56,0.8567,-1,-1,-1
81,8,731.91,463.99,52.53,154.66,0.5612,-1,-1,-1
81,9,1016.88,403.35,74.66,310.63,0.6937,-1,-1,-1
81,13,1532.60,432.85,65.18,61.95,0.3117,-1,-1,-1
81,5,796.71,444.07,55.71,169.17,0.6196,-1,-1,-1
82,2,846.45,291.71,186.42,675.35,0.8529,-1,-1,-1
82,3,295.44,254.20,292.50,817.63,0.8974,-1,-1,-1
82,4,-1.28,441.25,72.90,371.56,0.7815,-1,-1,-1
82,6,1099.13,359.35,155.30,447.71,0.8627,-1,-1,-1
82,8,725.65,456.84,53.49,158.39,0.6341,-1,-1,-1
82,9,1013.86,393.56,74.53,314.74,0.6466,-1,-1,-1
82,13,1527.24,429.95,71.25,61.32,0.2924,-1,-1,-1
82,5,792.65,440.39,56.35,169.36,0.6749,-1,-1,-1
83,2,844.52,290.90,180.30,674.33,0.8514,-1,-1,-1
83,3,272.38,241.39,301.53,829.59,0.8896,-1,-1,-1
83,4,-0.68,462.32,43.21,339.74,0.2214,-1,-1,-1
83,6,1095.46,357.25,152.45,451.15,0.8518,-1,-1,-1
83,8,720.24,452.05,58.17,157.04,0.3876,-1,-1,-1
83,9,1003.87,384.10,80.10,321.90,0.5449,-1,-1,-1
83,5,789.96,436.36,54.31,166.47,0.5785,-1,-1,-1
84,2,836.96,291.21,177.69,675.10,0.8476,-1,-1,-1
84,3,244.43,229.89,305.47,843.07,0.9033,-1,-1,-1
84,6,1087.54,354.58,153.58,455.69,0.8586,-1,-1,-1
84,8,712.33,449.78,56.34,155.82,0.5917,-1,-1,-1
84,9,995.43,377.61,80.81,322.05,0.7452,-1,-1,-1
84,5,783.32,434.55,52.86,166.40,0.5587,-1,-1,-1
85,2,826.44,289.81,176.70,672.52,0.8275,-1,-1,-1
85,3,212.38,217.37,325.01,856.41,0.9170,-1,-1,-1
85,6,1079.82,353.40,149.87,454.23,0.8485,-1,-1,-1
85,8,705.80,449.92,53.98,152.60,0.4575,-1,-1,-1
85,9,985.01,373.59,81.78,319.38,0.7616,-1,-1,-1
85,5,772.94,427.45,54.59,170.17,0.5998,-1,-1,-1
86,2,812.62,284.68,180.55,672.02,0.8417,-1,-1,-1
86,3,186.90,204.11,326.50,870.45,0.9056,-1,-1,-1
86,6,1071.75,349.10,150.32,454.47,0.8318,-1,-1,-1
86,8,695.75,444.78,56.88,154.73,0.5367,-1,-1,-1
86,9,972.39,369.01,87.80,320.15,0.8069,-1,-1,-1
86,5,767.97,420.79,49.49,175.15,0.5159,-1,-1,-1
86,17,483.16,413.14,77.08,283.87,0.7152,-1,-1,-1
87,2,798.94,279.15,186.86,675.08,0.8524,-1,-1,-1
87,3,156.82,189.97,332.90,885.33,0.9104,-1,-1,-1
87,6,1062.97,346.46,152.12,452.94,0.8509,-1,-1,-1
87,8,688.25,445.89,58.97,151.94,0.4641,-1,-1,-1
87,9,962.58,365.88,90.74,320.34,0.7796,-1,-1,-1
87,5,760.12,414.27,48.65,179.82,0.6884,-1,-1,-1
87,17,472.71,410.60,76.67,285.37,0.7296,-1,-1,-1
88,2,783.17,274.86,196.36,671.39,0.8571,-1,-1,-1
88,3,130.78,180.13,339.17,896.17,0.9155,-1,-1,-1
88,6,1053.18,340.64,152.04,453.98,0.8485,-1,-1,-1
88,8,680.01,440.65,57.53,154.29,0.6147,-1,-1,-1
88,9,950.14,359.16,95.06,323.78,0.7449,-1,-1,-1
88,5,748.77,409.87,50.03,177.72,0.4646,-1,-1,-1
88,17,449.49,407.99,90.78,286.68,0.7607,-1,-1,-1
88,13,1519.15,416.18,40.70,57.40,0.3523,-1,-1,-1
89,2,768.58,268.91,201.50,669.04,0.8477,-1,-1,-1
89,3,103.68,168.59,350.74,906.53,0.9201,-1,-1,-1
89,6,1043.68,334.45,157.83,454.15,0.8534,-1,-1,-1
89,8,672.37,436.44,58.80,156.47,0.5573,-1,-1,-1
89,9,941.11,357.45,98.39,319.33,0.8162,-1,-1,-1
89,5,743.08,407.48,44.02,180.42,0.3303,-1,-1,-1
89,17,431.32,398.59,102.46,297.99,0.7739,-1,-1,-1
89,13,1512.86,406.56,42.09,63.25,0.2758,-1,-1,-1
90,2,752.24,261.61,213.17,659.79,0.8689,-1,-1,-1
90,3,74.83,154.06,369.25,920.61,0.9241,-1,-1,-1
90,6,1037.27,328.58,158.98,458.38,0.8482,-1,-1,-1
90,8,666.40,432.89,61.57,156.15,0.4318,-1,-1,-1
90,9,936.22,354.01,97.60,316.39,0.7823,-1,-1,-1
90,5,736.64,411.47,38.94,156.83,0.1712,-1,-1,-1
90,17,420.03,390.20,106.37,303.05,0.7799,-1,-1,-1
90,13,1491.06,401.06,60.08,63.40,0.2910,-1,-1,-1
91,2,738.05,257.10,221.48,650.78,0.8808,-1,-1,-1
91,3,50.82,142.31,382.19,930.54,0.9224,-1,-1,-1
91,6,1030.84,324.20,162.84,456.71,0.8681,-1,-1,-1
91,8,659.55,426.59,56.75,156.66,0.4526,-1,-1,-1
91,9,929.62,349.67,100.26,317.71,0.7997,-1,-1,-1
91,17,411.50,386.13,106.69,305.69,0.7615,-1,-1,-1
91,13,1497.58,396.52,49.00,62.96,0.3419,-1,-1,-1
92,2,725.42,251.71,226.87,650.49,0.8787,-1,-1,-1
92,3,23.66,128.29,400.75,944.52,0.9221,-1,-1,-1
92,6,1025.06,318.42,166.40,454.77,0.8636,-1,-1,-1
92,8,654.22,423.28,59.03,157.94,0.5489,-1,-1,-1
92,9,923.71,348.28,98.69,316.93,0.7895,-1,-1,-1
92,17,402.71,384.13,108.73,307.88,0.8223,-1,-1,-1
92,13,1502.30,394.85,40.64,61.12,0.4943,-1,-1,-1
93,2,715.63,245.83,233.82,653.59,0.8891,-1,-1,-1
93,3,1.07,116.95,412.27,956.10,0.9244,-1,-1,-1
93,6,1018.49,314.06,170.56,454.47,0.8705,-1,-1,-1
93,8,652.05,420.67,56.37,157.61,0.3373,-1,-1,-1
93,9,920.88,346.79,98.67,316.87,0.7763,-1,-1,-1
93,17,395.45,379.45,109.76,312.09,0.8071,-1,-1,-1
93,13,1497.79,390.46,42.43,62.11,0.4659,-1,-1,-1
93,20,1845.06,838.92,73.86,194.66,0.3963,-1,-1,-1
94,2,708.35,241.96,232.29,657.50,0.8729,-1,-1,-1
94,3,-6.87,107.07,410.31,968.63,0.9323,-1,-1,-1
94,6,1013.67,312.46,174.29,454.01,0.8726,-1,-1,-1
94,8,649.37,417.66,58.31,161.03,0.2703,-1,-1,-1
94,9,918.07,345.95,99.95,318.50,0.8026,-1,-1,-1
94,17,388.46,378.06,112.00,310.74,0.8026,-1,-1,-1
94,13,1496.04,389.98,41.70,59.80,0.4162,-1,-1,-1
94,20,1848.08,836.69,70.78,190.11,0.1789,-1,-1,-1
94,21,1725.36,853.66,94.52,220.75,0.3618,-1,-1,-1
95,2,701.72,240.35,232.51,663.44,0.8860,-1,-1,-1
95,3,-8.89,97.64,408.05,979.23,0.9307,-1,-1,-1
95,6,1008.29,311.63,178.17,453.66,0.8644,-1,-1,-1
95,8,645.82,418.22,65.37,166.35,0.1880,-1,-1,-1
95,9,916.06,344.59,99.58,319.87,0.7805,-1,-1,-1
95,17,382.78,375.65,113.35,314.52,0.8174,-1,-1,-1
95,13,1494.23,390.65,40.84,58.41,0.3194,-1,-1,-1
95,20,1849.90,837.94,68.99,180.76,0.1783,-1,-1,-1
95,21,1724.27,855.24,95.14,219.74,0.3667,-1,-1,-1
96,2,694.04,242.07,233.04,664.44,0.9045,-1,-1,-1
96,3,-8.60,87.03,392.52,990.11,0.9349,-1,-1,-1
96,6,1004.11,311.22,182.54,455.46,0.8598,-1,-1,-1
96,8,637.27,424.76,66.96,159.03,0.3024,-1,-1,-1
96,9,912.40,345.14,101.93,319.97,0.7540,-1,-1,-1
96,17,378.23,374.81,113.02,320.39,0.8098,-1,-1,-1
96,13,1491.44,391.80,40.90,57.45,0.3033,-1,-1,-1
96,20,1848.91,838.72,70.38,181.87,0.2740,-1,-1,-1
96,21,1723.53,856.12,97.36,220.57,0.4038,-1,-1,-1
97,2,693.41,241.24,230.27,669.89,0.8996,-1,-1,-1
97,3,-6.99,76.26,378.61,1000.14,0.9338,-1,-1,-1
97,6,1002.14,310.67,186.34,456.13,0.8618,-1,-1,-1
97,8,633.94,420.23,63.66,161.47,0.5593,-1,-1,-1
97,9,906.23,343.14,106.80,319.49,0.7328,-1,-1,-1
97,17,376.04,371.12,113.76,325.97,0.8189,-1,-1,-1
97,13,1492.13,391.35,38.88,56.91,0.2900,-1,-1,-1
97,20,1849.90,835.73,69.96,183.56,0.3590,-1,-1,-1
97,21,1726.55,855.73,97.39,221.17,0.4493,-1,-1,-1
98,2,692.96,242.95,228.11,674.58,0.8996,-1,-1,-1
98,3,-5.58,60.02,366.11,1014.02,0.9344,-1,-1,-1
98,6,1001.50,310.80,190.79,458.49,0.8591,-1,-1,-1
98,8,632.70,417.31,60.98,165.51,0.6311,-1,-1,-1
98,9,906.87,343.48,105.84,320.63,0.7306,-1,-1,-1
98,17,375.35,369.00,113.95,330.28,0.8255,-1,-1,-1
98,13,1493.58,390.19,39.56,58.12,0.2975,-1,-1,-1
98,20,1848.91,839.28,71.48,204.04,0.2367,-1,-1,-1
98,21,1731.24,857.80,97.70,220.73,0.4000,-1,-1,-1
99,2,692.68,246.47,227.43,676.85,0.8985,-1,-1,-1
99,3,-3.94,48.05,353.90,1025.52,0.9272,-1,-1,-1
99,6,1002.33,311.30,195.85,460.37,0.8700,-1,-1,-1
99,8,633.29,416.77,56.53,165.55,0.6340,-1,-1,-1
99,9,908.20,343.66,105.23,320.93,0.7370,-1,-1,-1
99,17,374.59,366.98,114.59,334.05,0.8214,-1,-1,-1
99,13,1497.00,385.86,39.65,63.97,0.3077,-1,-1,-1
99,21,1732.35,858.41,106.51,218.72,0.2461,-1,-1,-1
100,2,693.96,249.45,224.55,675.82,0.8988,-1,-1,-1
100,3,-2.71,36.51,340.09,1035.45,0.9225,-1,-1,-1
100,6,1004.70,312.37,198.79,460.57,0.8763,-1,-1,-1
100,8,631.99,415.46,58.44,166.23,0.6493,-1,-1,-1
100,9,910.39,347.54,105.85,318.14,0.7435,-1,-1,-1
100,17,372.98,367.68,115.79,334.37,0.8323,-1,-1,-1
100,13,1497.30,382.17,42.20,66.33,0.4183,-1,-1,-1
101,2,699.28,250.04,218.80,675.80,0.8890,-1,-1,-1
101,3,-1.83,19.46,323.11,1054.81,0.9144,-1,-1,-1
101,6,1007.04,311.67,201.32,462.79,0.8568,-1,-1,-1
101,8,633.62,413.86,58.95,165.58,0.7018,-1,-1,-1
101,9,913.25,347.67,105.56,317.49,0.7683,-1,-1,-1
101,17,373.97,365.55,115.92,337.63,0.8239,-1,-1,-1
101,13,1503.03,381.05,41.46,66.24,0.2852,-1,-1,-1
102,2,703.10,250.83,219.86,671.00,0.8948,-1,-1,-1
102,3,-0.66,11.89,303.12,1061.53,0.9190,-1,-1,-1
102,6,1013.91,312.08,200.05,464.60,0.8308,-1,-1,-1
102,8,637.44,413.66,59.51,165.75,0.5224,-1,-1,-1
102,9,919.51,347.02,103.89,318.85,0.7923,-1,-1,-1
102,17,375.38,364.46,117.17,341.27,0.8319,-1,-1,-1
103,2,714.16,250.71,221.24,667.58,0.8881,-1,-1,-1
103,3,1.17,6.76,284.53,1065.56,0.9092,-1,-1,-1
103,6,1022.86,314.12,202.21,465.62,0.8433,-1,-1,-1
103,8,643.94,409.85,60.66,166.38,0.5544,-1,-1,-1
103,9,930.32,342.38,101.93,321.66,0.7443,-1,-1,-1
103,17,384.22,365.30,115.55,338.93,0.8037,-1,-1,-1
104,2,726.40,247.45,222.03,668.41,0.8919,-1,-1,-1
104,3,3.19,7.44,264.79,1056.47,0.8316,-1,-1,-1
104,6,1040.71,309.46,203.26,469.01,0.8582,-1,-1,-1
104,8,658.26,407.17,57.92,168.49,0.6639,-1,-1,-1
104,9,942.69,338.88,105.56,322.48,0.7345,-1,-1,-1
104,17,395.87,368.06,114.37,336.31,0.8112,-1,-1,-1
104,21,1786.87,859.19,108.17,220.38,0.3975,-1,-1,-1
104,13,1534.47,376.69,43.18,66.33,0.5237,-1,-1,-1
105,2,738.48,245.69,220.91,665.29,0.8861,-1,-1,-1
105,3,2.58,165.24,241.45,902.13,0.7801,-1,-1,-1
105,6,1052.87,308.75,202.03,469.79,0.8547,-1,-1,-1
105,8,665.31,407.96,59.47,167.14,0.3739,-1,-1,-1
105,9,953.42,334.74,104.62,327.06,0.7371,-1,-1,-1
105,17,404.29,365.99,112.82,338.16,0.8087,-1,-1,-1
105,21,1804.44,861.00,107.83,219.11,0.4947,-1,-1,-1
105,13,1546.66,374.61,45.88,67.44,0.4179,-1,-1,-1
106,2,747.77,242.55,215.84,654.40,0.8781,-1,-1,-1
106,3,1.04,225.19,160.76,729.76,0.6228,-1,-1,-1
106,6,1064.76,304.20,204.77,475.69,0.8421,-1,-1,-1
106,8,669.78,405.22,61.68,167.71,0.6820,-1,-1,-1
106,9,959.94,332.09,104.44,329.02,0.7895,-1,-1,-1
106,17,410.91,364.44,112.27,337.22,0.8015,-1,-1,-1
106,21,1817.92,858.07,103.29,221.73,0.6350,-1,-1,-1
106,13,1557.21,372.48,45.04,67.55,0.4629,-1,-1,-1
107,2,756.24,237.66,212.94,647.10,0.8783,-1,-1,-1
107,3,0.27,245.19,109.18,769.83,0.7251,-1,-1,-1
107,6,1073.03,302.96,199.34,475.33,0.8424,-1,-1,-1
107,8,671.83,403.93,65.46,169.11,0.6755,-1,-1,-1
107,9,964.87,330.44,106.43,327.79,0.7449,-1,-1,-1
107,17,414.96,361.96,112.84,338.94,0.7888,-1,-1,-1
107,21,1831.34,856.12,92.50,222.23,0.4784,-1,-1,-1
107,13,1567.66,371.50,44.65,67.03,0.3619,-1,-1,-1
108,2,762.05,234.26,210.08,645.18,0.8828,-1,-1,-1
108,6,1080.96,301.70,182.62,473.24,0.8386,-1,-1,-1
108,8,674.04,403.28,67.27,170.07,0.7286,-1,-1,-1
108,9,969.02,328.57,106.60,329.13,0.7282,-1,-1,-1
108,17,417.32,360.51,113.15,344.16,0.7966,-1,-1,-1
108,21,1843.79,863.27,79.88,216.31,0.2568,-1,-1,-1
108,13,1575.60,370.29,43.75,65.92,0.4637,-1,-1,-1
109,2,770.26,232.52,203.99,644.77,0.8753,-1,-1,-1
109,6,1085.75,298.65,174.09,470.46,0.8704,-1,-1,-1
109,8,677.79,401.29,65.43,170.79,0.6812,-1,-1,-1
109,9,972.63,327.17,99.61,327.02,0.5493,-1,-1,-1
109,17,416.16,358.45,115.40,349.05,0.8082,-1,-1,-1
109,21,1856.51,872.61,65.91,206.98,0.2908,-1,-1,-1
109,13,1583.34,372.23,43.12,63.39,0.6009,-1,-1,-1
110,2,772.82,230.71,202.91,646.39,0.8753,-1,-1,-1
110,6,1089.62,295.37,171.65,466.92,0.8721,-1,-1,-1
110,8,679.54,398.32,66.79,171.16,0.6261,-1,-1,-1
110,9,976.24,324.47,102.24,327.40,0.6669,-1,-1,-1
110,17,413.06,354.59,117.67,355.63,0.7983,-1,-1,-1
110,21,1867.66,882.52,53.52,196.71,0.1891,-1,-1,-1
110,13,1588.12,368.36,41.21,64.84,0.4036,-1,-1,-1
111,2,776.66,229.59,199.34,649.18,0.8721,-1,-1,-1
111,6,1093.51,292.23,169.28,463.41,0.8667,-1,-1,-1
111,8,682.32,395.23,66.19,173.26,0.6588,-1,-1,-1
111,9,976.39,323.81,104.53,325.60,0.6149,-1,-1,-1
111,17,411.01,352.69,119.82,355.99,0.8059,-1,-1,-1
111,21,1871.46,881.67,48.89,197.77,0.1591,-1,-1,-1
111,13,1598.08,370.22,39.29,63.16,0.4412,-1,-1,-1
112,2,778.03,229.02,197.53,649.43,0.8674,-1,-1,-1
112,6,1097.97,289.23,168.76,460.95,0.8549,-1,-1,-1
112,8,684.57,394.71,67.17,174.23,0.6441,-1,-1,-1
112,9,975.60,323.42,108.37,326.17,0.6338,-1,-1,-1
112,17,412.02,349.69,118.45,359.11,0.7482,-1,-1,-1
112,21,1878.94,880.45,40.98,198.11,0.3187,-1,-1,-1
112,13,1602.99,366.53,36.97,65.12,0.2810,-1,-1,-1
113,2,780.11,228.56,195.18,650.23,0.8648,-1,-1,-1
113,6,1103.65,286.50,166.29,462.79,0.8511,-1,-1,-1
113,8,686.45,391.42,68.07,178.88,0.7009,-1,-1,-1
113,9,979.23,323.03,108.67,325.81,0.6026,-1,-1,-1
113,17,411.21,347.86,118.49,362.95,0.7392,-1,-1,-1
113,21,1888.74,882.40,31.04,189.03,0.2278,-1,-1,-1
113,13,1609.34,371.40,37.20,57.34,0.2248,-1,-1,-1
114,2,785.24,230.16,191.43,651.23,0.8545,-1,-1,-1
114,6,1109.48,285.04,163.35,465.92,0.8578,-1,-1,-1
114,8,689.82,392.65,67.41,176.77,0.6295,-1,-1,-1
114,9,985.45,321.41,104.75,321.91,0.5927,-1,-1,-1
114,17,411.96,345.38,117.72,366.01,0.7352,-1,-1,-1
114,21,1898.82,878.83,20.73,151.72,0.1576,-1,-1,-1
114,13,1613.72,374.06,38.21,53.44,0.3496,-1,-1,-1
115,2,790.73,232.00,190.98,651.51,0.8444,-1,-1,-1
115,6,1112.85,285.66,163.04,466.16,0.8679,-1,-1,-1
115,8,693.95,391.30,66.47,178.88,0.5955,-1,-1,-1
115,9,994.24,320.96,101.29,322.63,0.7349,-1,-1,-1
115,17,410.95,344.30,119.93,368.47,0.7379,-1,-1,-1
115,13,1622.01,367.74,36.45,59.24,0.3317,-1,-1,-1
116,2,793.15,233.10,191.33,652.03,0.8509,-1,-1,-1
116,6,1115.16,285.93,163.79,464.85,0.8630,-1,-1,-1
116,8,694.34,392.51,68.33,179.45,0.5573,-1,-1,-1
116,9,994.52,322.34,106.52,320.51,0.7067,-1,-1,-1
116,17,406.08,342.96,125.09,370.44,0.7733,-1,-1,-1
116,13,1626.20,365.04,37.93,62.11,0.3823,-1,-1,-1
117,2,792.57,233.27,189.80,652.35,0.8521,-1,-1,-1
117,6,1117.36,284.65,164.10,466.78,0.8591,-1,-1,-1
117,8,691.29,389.79,73.01,179.76,0.6245,-1,-1,-1
117,9,994.48,321.05,107.44,321.09,0.6699,-1,-1,-1
117,17,402.24,342.61,128.33,370.17,0.7213,-1,-1,-1
117,13,1628.36,361.69,40.12,65.08,0.2748,-1,-1,-1
118,2,786.99,235.33,189.41,649.88,0.8566,-1,-1,-1
118,6,1118.75,285.56,165.06,469.61,0.8564,-1,-1,-1
118,8,688.97,391.57,74.81,179.64,0.6155,-1,-1,-1
118,9,986.27,322.39,115.84,321.53,0.7296,-1,-1,-1
118,17,396.56,339.95,131.25,374.71,0.7031,-1,-1,-1
118,13,1631.11,364.17,42.53,63.23,0.2306,-1,-1,-1
119,2,783.51,235.58,188.71,649.52,0.8667,-1,-1,-1
119,6,1122.08,287.35,162.65,472.29,0.8511,-1,-1,-1
119,8,689.90,392.89,73.74,179.47,0.5529,-1,-1,-1
119,9,980.79,324.23,121.75,321.99,0.7557,-1,-1,-1
119,17,391.43,338.72,132.68,376.97,0.8252,-1,-1,-1
119,13,1636.46,371.33,41.48,57.45,0.2961,-1,-1,-1
120,2,777.48,233.42,191.91,649.17,0.8782,-1,-1,-1
120,6,1122.50,287.89,161.80,474.02,0.8532,-1,-1,-1
120,8,686.83,392.30,76.12,179.02,0.5289,-1,-1,-1
120,9,974.98,324.62,125.66,323.02,0.7074,-1,-1,-1
120,17,386.61,334.68,133.12,382.85,0.8358,-1,-1,-1
120,13,1640.18,373.85,40.69,55.19,0.1925,-1,-1,-1
121,2,770.75,229.57,194.86,645.65,0.8741,-1,-1,-1
121,6,1120.47,289.57,162.42,475.44,0.8470,-1,-1,-1
121,8,683.47,393.39,79.61,182.04,0.4325,-1,-1,-1
121,9,969.73,325.63,129.20,322.47,0.6075,-1,-1,-1
121,17,380.32,333.20,134.26,386.22,0.8384,-1,-1,-1
122,2,762.68,227.96,195.55,637.79,0.8656,-1,-1,-1
122,6,1117.88,290.71,162.48,477.09,0.8405,-1,-1,-1
122,8,671.57,391.13,91.21,180.00,0.2142,-1,-1,-1
122,9,967.46,325.37,130.96,322.63,0.6372,-1,-1,-1
122,17,370.64,332.40,137.99,393.15,0.8261,-1,-1,-1
122,13,1639.04,373.21,43.83,58.61,0.3643,-1,-1,-1
123,2,751.48,226.93,200.53,635.82,0.8671,-1,-1,-1
123,6,1115.29,291.11,161.52,478.15,0.8582,-1,-1,-1
123,8,683.13,390.76,74.95,183.57,0.1901,-1,-1,-1
123,9,958.92,326.39,136.52,323.73,0.6224,-1,-1,-1
123,17,363.35,332.07,137.97,400.78,0.8542,-1,-1,-1
123,13,1635.55,372.88,46.90,59.89,0.4418,-1,-1,-1
124,2,741.24,227.08,204.42,636.50,0.8720,-1,-1,-1
124,6,1111.51,290.20,159.39,482.93,0.8491,-1,-1,-1
124,8,677.20,389.41,76.30,188.89,0.2158,-1,-1,-1
124,9,955.08,327.56,127.99,325.01,0.6116,-1,-1,-1
124,17,355.05,331.98,139.57,404.80,0.8591,-1,-1,-1
124,13,1632.81,373.17,48.04,61.98,0.4495,-1,-1,-1
125,2,731.78,227.78,208.40,639.61,0.8767,-1,-1,-1
125,6,1106.94,289.98,159.88,481.50,0.8453,-1,-1,-1
125,8,674.57,391.80,70.79,192.25,0.4485,-1,-1,-1
125,9,950.50,325.55,127.01,329.44,0.6953,-1,-1,-1
125,17,345.87,336.52,141.11,404.51,0.8451,-1,-1,-1
125,13,1628.96,372.87,47.81,63.67,0.3825,-1,-1,-1
126,2,715.65,228.91,220.21,643.70,0.8684,-1,-1,-1
126,6,1101.37,290.50,160.75,478.00,0.8445,-1,-1,-1
126,8,669.21,393.64,69.28,190.11,0.3808,-1,-1,-1
126,9,949.70,322.54,127.06,332.73,0.5801,-1,-1,-1
126,17,334.37,337.22,143.64,407.84,0.8397,-1,-1,-1
126,13,1626.34,371.26,46.87,65.07,0.4171,-1,-1,-1
127,2,708.14,231.42,224.24,645.70,0.8698,-1,-1,-1
127,6,1095.03,291.33,164.46,480.59,0.8566,-1,-1,-1
127,8,665.39,393.73,67.46,187.05,0.2698,-1,-1,-1
127,9,942.94,321.54,135.20,335.72,0.7700,-1,-1,-1
127,17,326.50,342.01,143.47,409.03,0.8475,-1,-1,-1
127,13,1623.24,372.10,45.12,65.26,0.4368,-1,-1,-1
128,2,704.43,231.66,226.03,649.53,0.8799,-1,-1,-1
128,6,1088.99,289.80,168.62,481.91,0.8706,-1,-1,-1
128,8,660.44,391.12,72.35,191.18,0.3734,-1,-1,-1
128,9,934.22,322.87,142.25,335.03,0.6102,-1,-1,-1
128,17,318.45,341.88,145.03,411.71,0.8530,-1,-1,-1
128,13,1620.65,371.11,42.92,66.26,0.3540,-1,-1,-1
129,2,706.34,234.75,222.78,648.42,0.8803,-1,-1,-1
129,6,1084.22,287.43,173.72,482.97,0.8741,-1,-1,-1
129,8,659.69,390.01,68.07,192.64,0.5347,-1,-1,-1
129,9,933.76,322.13,120.80,335.09,0.6498,-1,-1,-1
129,17,313.10,339.09,147.09,420.65,0.8338,-1,-1,-1
129,13,1617.85,368.42,44.46,68.83,0.3771,-1,-1,-1
130,2,705.94,236.50,222.90,648.78,0.8819,-1,-1,-1
130,6,1081.96,286.77,175.00,482.98,0.8673,-1,-1,-1
130,8,659.28,389.41,64.10,193.15,0.5535,-1,-1,-1
130,9,933.52,320.75,110.11,335.07,0.7349,-1,-1,-1
130,17,309.66,335.33,148.87,429.58,0.8405,-1,-1,-1
130,13,1618.37,367.19,42.98,69.91,0.4036,-1,-1,-1
131,2,706.28,238.45,223.73,648.96,0.8799,-1,-1,-1
131,6,1080.20,284.62,176.75,482.70,0.8665,-1,-1,-1
131,8,657.45,389.44,63.81,193.52,0.5875,-1,-1,-1
131,9,928.91,319.28,110.52,333.76,0.7373,-1,-1,-1
131,17,307.68,332.80,147.49,435.11,0.8388,-1,-1,-1
131,13,1619.08,365.68,42.93,69.84,0.3856,-1,-1,-1
131,22,1011.82,371.74,69.72,222.48,0.5431,-1,-1,-1
132,2,707.85,239.00,222.83,649.18,0.8754,-1,-1,-1
132,6,1079.84,282.92,176.14,481.89,0.8634,-1,-1,-1
132,8,656.90,389.09,64.08,194.81,0.5692,-1,-1,-1
132,9,925.64,317.83,111.09,333.78,0.7335,-1,-1,-1
132,17,307.55,332.85,144.51,436.94,0.8290,-1,-1,-1
132,13,1619.46,364.54,42.23,69.65,0.4077,-1,-1,-1
132,22,1012.87,367.70,69.77,226.42,0.5586,-1,-1,-1
133,2,710.96,239.49,222.09,647.62,0.8755,-1,-1,-1
133,6,1077.30,282.41,178.93,482.04,0.8685,-1,-1,-1
133,8,656.99,389.49,62.96,195.29,0.4432,-1,-1,-1
133,9,925.32,316.70,108.56,335.73,0.7468,-1,-1,-1
133,17,297.10,330.97,152.78,441.32,0.8195,-1,-1,-1
133,13,1620.96,364.05,41.87,70.72,0.3852,-1,-1,-1
133,22,1012.75,367.70,72.02,225.86,0.5763,-1,-1,-1
134,2,713.40,239.58,218.34,648.94,0.8765,-1,-1,-1
134,6,1075.03,283.88,182.56,484.84,0.8678,-1,-1,-1
134,8,655.87,391.78,66.65,195.23,0.5317,-1,-1,-1
134,9,926.94,318.25,103.08,337.29,0.7328,-1,-1,-1
134,17,290.01,327.01,155.62,451.95,0.8404,-1,-1,-1
134,13,1622.25,364.63,41.81,71.70,0.3579,-1,-1,-1
134,22,1011.70,367.75,73.53,224.15,0.6110,-1,-1,-1
135,2,715.94,240.69,215.75,648.24,0.8799,-1,-1,-1
135,6,1073.46,285.08,184.39,487.77,0.8648,-1,-1,-1
135,8,652.76,393.70,70.80,195.68,0.5442,-1,-1,-1
135,9,926.69,318.57,99.77,340.44,0.7097,-1,-1,-1
135,17,286.62,329.61,155.09,454.10,0.8316,-1,-1,-1
135,13,1623.28,364.94,44.88,73.07,0.2682,-1,-1,-1
135,22,1010.80,369.77,75.78,220.36,0.6537,-1,-1,-1
136,2,720.89,240.63,212.47,643.80,0.8737,-1,-1,-1
136,6,1072.39,286.85,187.42,489.69,0.8665,-1,-1,-1
136,8,647.42,394.65,77.84,196.88,0.6849,-1,-1,-1
136,9,926.37,319.78,99.27,340.01,0.7318,-1,-1,-1
136,17,282.16,328.01,157.70,459.32,0.8387,-1,-1,-1
136,13,1626.62,366.01,45.34,71.81,0.2400,-1,-1,-1
136,22,1011.24,365.51,77.21,228.01,0.7067,-1,-1,-1
137,2,723.38,240.83,211.90,630.58,0.8833,-1,-1,-1
137,6,1071.22,289.61,191.99,491.80,0.8635,-1,-1,-1
137,8,648.48,394.98,77.79,200.40,0.6352,-1,-1,-1
137,9,927.62,319.52,97.28,341.34,0.7313,-1,-1,-1
137,17,282.58,324.79,155.92,465.11,0.8409,-1,-1,-1
137,13,1631.09,367.54,44.69,70.04,0.4985,-1,-1,-1
137,22,1013.57,368.15,77.33,226.28,0.7447,-1,-1,-1
138,2,723.65,242.82,215.77,624.34,0.8864,-1,-1,-1
138,6,1076.15,294.20,192.79,491.46,0.8618,-1,-1,-1
138,8,651.05,397.33,73.90,200.84,0.5942,-1,-1,-1
138,9,928.68,321.50,96.45,342.16,0.7456,-1,-1,-1
138,17,280.00,323.98,157.41,469.42,0.8038,-1,-1,-1
138,13,1637.03,371.09,45.42,69.66,0.3217,-1,-1,-1
138,22,1017.62,368.72,76.48,228.61,0.7447,-1,-1,-1
139,2,728.20,242.35,213.69,622.24,0.8851,-1,-1,-1
139,6,1080.62,294.99,193.72,491.41,0.8479,-1,-1,-1
139,8,651.88,395.81,72.18,203.86,0.5823,-1,-1,-1
139,9,930.13,320.68,96.43,343.53,0.7266,-1,-1,-1
139,17,272.47,320.64,162.45,474.98,0.8146,-1,-1,-1
139,13,1644.09,373.88,42.40,63.69,0.2468,-1,-1,-1
139,22,1020.80,365.03,76.13,230.21,0.7169,-1,-1,-1
140,2,739.54,241.71,205.00,626.13,0.8780,-1,-1,-1
140,6,1087.49,296.17,191.21,490.27,0.8453,-1,-1,-1
140,8,650.31,396.50,75.05,205.09,0.6319,-1,-1,-1
140,9,936.22,320.02,93.45,345.22,0.7149,-1,-1,-1
140,17,269.08,318.80,165.78,484.49,0.8302,-1,-1,-1
140,13,1647.97,369.47,45.74,66.89,0.3396,-1,-1,-1
140,22,1023.40,367.11,76.74,228.07,0.7775,-1,-1,-1
141,2,747.43,244.68,197.92,628.96,0.8735,-1,-1,-1
141,6,1092.51,296.18,189.81,494.74,0.8582,-1,-1,-1
141,8,648.65,395.55,78.47,206.73,0.7632,-1,-1,-1
141,9,935.92,321.48,95.52,344.80,0.7389,-1,-1,-1
141,17,270.42,318.81,165.24,495.13,0.8246,-1,-1,-1
141,13,1651.00,368.63,47.87,69.19,0.3900,-1,-1,-1
141,22,1025.06,366.72,79.29,228.26,0.6852,-1,-1,-1
142,2,754.25,249.86,193.44,628.55,0.8694,-1,-1,-1
142,6,1099.73,296.82,187.61,498.58,0.8516,-1,-1,-1
142,8,649.24,398.77,83.85,204.10,0.6909,-1,-1,-1
142,9,936.65,324.37,96.38,342.18,0.7639,-1,-1,-1
142,17,270.82,321.18,167.10,500.80,0.8492,-1,-1,-1
142,13,1662.12,372.63,45.97,65.21,0.2150,-1,-1,-1
142,22,1029.65,370.63,79.30,226.87,0.7247,-1,-1,-1
143,2,766.15,253.38,187.71,632.17,0.8787,-1,-1,-1
143,6,1107.04,297.40,187.31,501.88,0.8675,-1,-1,-1
143,8,653.84,400.44,84.07,204.59,0.6631,-1,-1,-1
143,9,948.96,325.86,89.19,341.39,0.7232,-1,-1,-1
143,17,269.67,324.74,170.58,504.09,0.8474,-1,-1,-1
143,13,1670.63,375.32,44.35,62.52,0.3949,-1,-1,-1
143,22,1037.04,372.20,75.25,226.30,0.7463,-1,-1,-1
144,2,772.47,255.63,185.96,632.83,0.8729,-1,-1,-1
144,6,1112.59,297.16,187.00,501.70,0.8615,-1,-1,-1
144,8,661.02,398.21,78.88,207.12,0.7032,-1,-1,-1
144,9,957.69,329.79,84.39,335.32,0.8004,-1,-1,-1
144,17,268.31,324.97,174.23,510.57,0.8580,-1,-1,-1
144,13,1673.75,371.44,49.55,66.74,0.4201,-1,-1,-1
144,22,1041.03,372.42,77.38,227.08,0.7546,-1,-1,-1
145,2,779.50,257.67,184.32,634.20,0.8604,-1,-1,-1
145,6,1120.81,296.79,186.93,501.52,0.8608,-1,-1,-1
145,8,664.45,396.77,80.00,209.77,0.7018,-1,-1,-1
145,9,962.39,329.33,83.06,337.25,0.7497,-1,-1,-1
145,17,266.07,324.13,177.78,514.46,0.8532,-1,-1,-1
145,13,1681.34,370.92,50.20,69.31,0.4226,-1,-1,-1
145,22,1043.54,374.71,78.73,224.13,0.7400,-1,-1,-1
146,2,782.53,261.62,186.75,635.90,0.8638,-1,-1,-1
146,6,1128.51,300.20,184.55,495.73,0.8740,-1,-1,-1
146,8,669.20,397.49,80.37,210.36,0.6982,-1,-1,-1
146,9,968.74,331.55,84.85,337.43,0.6867,-1,-1,-1
146,17,267.32,324.21,178.54,523.24,0.8772,-1,-1,-1
146,13,1693.08,377.20,46.54,64.13,0.3286,-1,-1,-1
146,22,1048.53,377.54,78.33,220.77,0.6476,-1,-1,-1
147,2,783.99,265.12,188.51,637.06,0.8650,-1,-1,-1
147,6,1134.15,299.52,186.59,492.35,0.8670,-1,-1,-1
147,8,670.84,396.85,80.64,214.74,0.7260,-1,-1,-1
147,9,967.42,331.66,89.20,339.99,0.7115,-1,-1,-1
147,17,263.81,325.58,181.84,528.98,0.8601,-1,-1,-1
147,13,1699.85,376.50,47.00,67.07,0.4336,-1,-1,-1
147,22,1050.96,381.19,79.83,220.52,0.6330,-1,-1,-1
148,2,789.33,266.39,185.75,636.21,0.8554,-1,-1,-1
148,6,1139.89,298.52,183.65,491.57,0.8671,-1,-1,-1
148,8,673.12,395.90,77.47,217.97,0.7258,-1,-1,-1
148,9,969.35,331.77,90.36,340.92,0.7303,-1,-1,-1
148,17,258.90,325.83,185.61,539.71,0.8684,-1,-1,-1
148,13,1701.71,375.80,50.43,68.40,0.3775,-1,-1,-1
148,22,1053.81,378.65,78.49,225.68,0.6768,-1,-1,-1
149,2,793.35,267.21,183.90,637.48,0.8616,-1,-1,-1
149,6,1146.54,299.02,180.08,489.04,0.8619,-1,-1,-1
149,8,674.81,399.88,76.71,217.94,0.6009,-1,-1,-1
149,9,972.46,335.53,87.84,338.93,0.7344,-1,-1,-1
149,17,252.86,324.09,184.36,548.74,0.8649,-1,-1,-1
149,13,1706.62,380.31,49.92,66.08,0.3492,-1,-1,-1
149,22,1055.66,379.04,77.86,228.19,0.6365,-1,-1,-1
150,2,794.10,267.58,184.05,637.39,0.8498,-1,-1,-1
150,6,1150.79,300.19,178.67,489.93,0.8644,-1,-1,-1
150,8,674.00,404.33,78.45,216.80,0.6131,-1,-1,-1
150,9,975.01,339.14,88.45,338.96,0.7367,-1,-1,-1
150,17,247.31,320.00,181.52,558.03,0.8501,-1,-1,-1
150,13,1710.88,381.79,51.33,66.89,0.4523,-1,-1,-1
150,22,1056.65,372.78,76.83,235.99,0.6722,-1,-1,-1
