1,1,0.61,675.52,50.94,207.58,0.7037,-1,-1,-1
1,2,1370.39,514.35,33.77,100.00,0.6447,-1,-1,-1
1,3,1609.11,558.15,56.10,115.71,0.6023,-1,-1,-1
1,4,1526.19,561.34,46.58,112.37,0.4233,-1,-1,-1
1,5,121.73,708.25,52.92,96.51,0.4100,-1,-1,-1
1,6,500.83,551.07,35.87,89.52,0.3594,-1,-1,-1
2,1,-0.79,660.81,41.43,212.98,0.6570,-1,-1,-1
2,2,1372.54,513.44,33.56,101.18,0.6425,-1,-1,-1
2,3,1615.37,550.51,60.10,123.59,0.6602,-1,-1,-1
2,4,1531.89,558.98,48.23,115.40,0.5625,-1,-1,-1
2,5,109.43,699.20,50.61,95.81,0.5526,-1,-1,-1
2,6,500.16,536.22,38.59,94.58,0.3221,-1,-1,-1
3,1,-0.93,691.96,35.66,211.59,0.6504,-1,-1,-1
3,2,1374.11,508.47,37.35,105.51,0.5891,-1,-1,-1
3,3,1620.46,547.23,63.33,121.22,0.6539,-1,-1,-1
3,4,1537.85,552.57,49.66,117.67,0.6498,-1,-1,-1
3,5,105.34,724.54,45.90,97.02,0.5264,-1,-1,-1
3,6,499.49,550.95,37.96,92.96,0.3648,-1,-1,-1
3,8,171.42,583.27,49.23,157.85,0.4275,-1,-1,-1
4,1,-0.86,702.66,24.46,170.17,0.3936,-1,-1,-1
4,2,1379.93,506.15,36.61,108.88,0.7124,-1,-1,-1
4,3,1629.81,547.70,63.11,125.43,0.7595,-1,-1,-1
4,4,1548.70,552.52,44.61,120.83,0.6529,-1,-1,-1
4,5,92.96,722.71,43.54,100.53,0.5896,-1,-1,-1
4,6,498.71,547.25,36.83,93.78,0.4333,-1,-1,-1
4,8,168.40,584.20,48.01,154.90,0.2017,-1,-1,-1
5,2,1384.64,515.00,34.38,110.74,0.7115,-1,-1,-1
5,3,1636.25,563.39,62.22,124.03,0.6361,-1,-1,-1
5,4,1551.13,561.80,49.38,121.99,0.3998,-1,-1,-1
5,5,78.04,715.48,43.81,103.25,0.5019,-1,-1,-1
5,6,496.40,540.51,34.21,96.30,0.4487,-1,-1,-1
5,8,152.08,572.12,52.44,160.45,0.2417,-1,-1,-1
5,9,1460.72,496.89,27.48,87.00,0.5460,-1,-1,-1
6,2,1391.26,526.93,31.60,108.71,0.6359,-1,-1,-1
6,3,1643.20,574.21,65.21,124.57,0.7573,-1,-1,-1
6,4,1561.06,575.69,48.82,120.07,0.2972,-1,-1,-1
6,5,67.19,731.55,42.01,105.14,0.4842,-1,-1,-1
6,6,497.64,552.10,36.81,98.50,0.4641,-1,-1,-1
6,8,142.79,582.08,55.35,163.89,0.4572,-1,-1,-1
6,9,1464.65,506.20,26.84,88.24,0.5390,-1,-1,-1
7,2,1392.83,518.62,32.12,111.37,0.5820,-1,-1,-1
7,3,1650.54,570.37,65.39,128.16,0.7406,-1,-1,-1
7,4,1564.40,568.11,53.19,125.05,0.5744,-1,-1,-1
7,5,51.94,731.60,41.75,108.50,0.3332,-1,-1,-1
7,6,494.15,541.28,36.80,102.99,0.3786,-1,-1,-1
7,8,131.91,580.13,58.48,164.11,0.3909,-1,-1,-1
7,9,1466.51,498.98,26.94,90.15,0.4664,-1,-1,-1
8,2,1394.93,530.84,33.33,109.10,0.6718,-1,-1,-1
8,3,1657.60,577.92,66.27,129.95,0.6627,-1,-1,-1
8,4,1570.13,580.00,51.93,123.94,0.5488,-1,-1,-1
8,5,35.85,741.04,43.49,109.01,0.4952,-1,-1,-1
8,6,493.04,548.02,35.92,102.49,0.3599,-1,-1,-1
8,8,115.00,590.73,63.66,161.08,0.2190,-1,-1,-1
8,9,1467.57,508.91,30.66,88.51,0.5230,-1,-1,-1
9,2,1397.36,533.69,34.52,107.66,0.6747,-1,-1,-1
9,3,1663.88,583.35,66.39,132.29,0.6920,-1,-1,-1
9,4,1576.65,587.27,51.04,124.17,0.5052,-1,-1,-1
9,5,17.37,737.95,46.38,114.88,0.6126,-1,-1,-1
9,6,490.76,549.23,35.82,99.21,0.3189,-1,-1,-1
9,9,1469.40,512.30,31.97,88.46,0.4327,-1,-1,-1
9,12,1514.77,521.85,28.89,86.68,0.3444,-1,-1,-1
9,13,219.27,613.57,42.38,136.86,0.4330,-1,-1,-1
10,2,1398.58,542.49,35.40,107.06,0.6591,-1,-1,-1
10,3,1669.08,601.53,64.78,129.41,0.7865,-1,-1,-1
10,4,1581.82,603.15,49.80,123.42,0.6845,-1,-1,-1
10,5,0.73,727.41,47.43,116.08,0.6397,-1,-1,-1
10,6,489.55,543.00,35.37,99.55,0.4576,-1,-1,-1
10,9,1471.99,523.52,30.37,87.84,0.3215,-1,-1,-1
10,13,210.29,611.02,42.02,133.55,0.5095,-1,-1,-1
11,2,1400.95,530.68,37.20,106.89,0.6749,-1,-1,-1
11,3,1678.76,579.26,66.24,133.75,0.7657,-1,-1,-1
11,4,1589.15,586.98,51.98,125.92,0.6553,-1,-1,-1
11,5,-4.35,749.31,42.53,119.29,0.4077,-1,-1,-1
11,6,486.36,549.39,38.04,101.73,0.2271,-1,-1,-1
11,9,1472.49,510.81,33.09,87.02,0.3871,-1,-1,-1
11,13,201.15,615.17,45.23,142.49,0.4303,-1,-1,-1
11,8,83.96,589.80,60.64,170.18,0.3530,-1,-1,-1
12,2,1402.99,532.92,37.60,109.72,0.6856,-1,-1,-1
12,3,1686.73,588.08,65.16,133.20,0.7709,-1,-1,-1
12,4,1595.87,592.07,53.11,128.17,0.7065,-1,-1,-1
12,6,484.51,553.40,38.64,101.13,0.2765,-1,-1,-1
12,9,1474.35,514.27,36.61,89.39,0.3874,-1,-1,-1
12,13,192.25,609.31,47.07,150.28,0.5128,-1,-1,-1
12,8,76.68,591.93,57.74,168.37,0.3983,-1,-1,-1
13,2,1407.80,529.73,35.65,106.58,0.7171,-1,-1,-1
13,3,1693.91,590.28,64.43,132.66,0.7226,-1,-1,-1
13,4,1600.42,593.99,55.49,127.48,0.6664,-1,-1,-1
13,6,481.87,538.92,33.44,98.91,0.1501,-1,-1,-1
13,9,1476.29,511.53,39.34,90.89,0.4241,-1,-1,-1
13,13,175.98,581.21,53.10,164.63,0.5474,-1,-1,-1
13,8,70.44,572.40,53.17,167.76,0.2822,-1,-1,-1
14,2,1408.55,528.42,36.33,103.55,0.6684,-1,-1,-1
14,3,1701.93,583.30,63.46,133.33,0.6837,-1,-1,-1
14,4,1609.67,586.77,55.89,129.26,0.6282,-1,-1,-1
14,6,479.49,549.61,33.34,97.02,0.3018,-1,-1,-1
14,9,1473.57,509.27,39.62,88.41,0.1726,-1,-1,-1
14,13,166.95,596.62,53.01,165.50,0.3145,-1,-1,-1
14,8,55.09,584.64,55.60,173.99,0.3519,-1,-1,-1
15,2,1412.04,531.00,35.98,105.62,0.5294,-1,-1,-1
15,3,1710.77,584.99,62.36,137.25,0.7500,-1,-1,-1
15,4,1618.97,591.22,53.54,129.86,0.7189,-1,-1,-1
15,6,479.37,548.37,33.60,96.42,0.3125,-1,-1,-1
15,9,1469.47,509.61,51.05,88.67,0.1859,-1,-1,-1
15,13,152.48,587.07,57.09,174.19,0.2854,-1,-1,-1
16,2,1416.37,533.29,34.73,105.02,0.5458,-1,-1,-1
16,3,1717.18,591.27,60.93,136.64,0.7422,-1,-1,-1
16,4,1626.51,594.34,55.21,130.68,0.6976,-1,-1,-1
16,6,478.03,542.79,33.97,100.62,0.3862,-1,-1,-1
16,9,1479.85,515.69,42.56,83.39,0.2727,-1,-1,-1
16,13,142.69,595.41,53.68,167.33,0.3296,-1,-1,-1
16,15,515.92,536.82,35.88,106.41,0.4636,-1,-1,-1
16,8,33.56,582.97,54.42,175.92,0.4577,-1,-1,-1
17,2,1417.98,532.65,36.89,107.40,0.6035,-1,-1,-1
17,3,1723.52,589.31,62.02,138.63,0.7096,-1,-1,-1
17,4,1634.23,589.63,54.83,133.69,0.6952,-1,-1,-1
17,6,475.79,544.52,35.43,102.08,0.5147,-1,-1,-1
17,13,132.23,601.50,50.47,170.92,0.4308,-1,-1,-1
17,15,513.08,540.26,38.01,107.03,0.4907,-1,-1,-1
17,8,20.46,588.50,54.09,180.40,0.3848,-1,-1,-1
18,2,1420.48,533.27,37.15,108.53,0.6993,-1,-1,-1
18,3,1732.64,593.13,61.26,138.11,0.7042,-1,-1,-1
18,4,1643.48,591.00,54.56,134.93,0.6255,-1,-1,-1
18,6,474.68,541.87,37.41,104.25,0.5551,-1,-1,-1
18,15,513.08,540.83,38.04,106.48,0.5021,-1,-1,-1
18,8,8.68,589.23,54.30,184.85,0.3945,-1,-1,-1
19,2,1422.60,534.03,37.83,108.07,0.7342,-1,-1,-1
19,3,1741.22,594.70,62.57,139.06,0.7481,-1,-1,-1
19,4,1651.05,592.02,54.83,135.43,0.4434,-1,-1,-1
19,6,473.37,540.40,37.74,105.83,0.5131,-1,-1,-1
19,15,511.47,540.30,39.37,107.61,0.5126,-1,-1,-1
19,8,-0.26,588.48,50.78,186.09,0.3763,-1,-1,-1
20,2,1424.16,534.55,38.52,106.72,0.7477,-1,-1,-1
20,3,1749.70,596.25,62.67,139.77,0.7429,-1,-1,-1
20,4,1659.00,593.32,52.92,135.39,0.6052,-1,-1,-1
20,6,471.33,543.89,37.66,106.66,0.4014,-1,-1,-1
20,15,508.07,537.90,41.02,113.70,0.4847,-1,-1,-1
20,8,-3.53,595.17,41.76,185.34,0.4794,-1,-1,-1
21,2,1426.29,533.64,39.80,110.64,0.6908,-1,-1,-1
21,3,1758.39,598.12,62.75,140.61,0.7462,-1,-1,-1
21,4,1666.96,596.61,54.50,137.19,0.6871,-1,-1,-1
21,6,468.78,547.99,35.61,102.67,0.4583,-1,-1,-1
21,15,506.62,538.83,40.10,114.04,0.5237,-1,-1,-1
21,8,-3.69,610.81,28.71,171.29,0.3771,-1,-1,-1
22,2,1429.47,537.14,40.11,105.12,0.6691,-1,-1,-1
22,3,1770.54,601.31,60.76,139.04,0.7483,-1,-1,-1
22,4,1674.85,597.88,54.51,140.23,0.6264,-1,-1,-1
22,6,465.78,550.65,36.34,103.53,0.5558,-1,-1,-1
22,15,504.50,543.34,38.11,112.46,0.5124,-1,-1,-1
23,2,1431.30,538.54,40.32,108.45,0.6631,-1,-1,-1
23,3,1779.13,601.20,62.46,144.03,0.7717,-1,-1,-1
23,4,1681.45,600.35,55.91,142.64,0.7254,-1,-1,-1
23,6,465.29,549.67,34.76,105.63,0.4278,-1,-1,-1
23,15,500.16,547.05,41.03,109.76,0.5497,-1,-1,-1
24,2,1435.14,532.27,39.15,113.79,0.6539,-1,-1,-1
24,3,1788.23,595.07,64.64,149.76,0.7111,-1,-1,-1
24,4,1687.17,600.48,58.27,143.21,0.7311,-1,-1,-1
24,6,461.42,550.42,40.08,108.02,0.4739,-1,-1,-1
24,15,496.86,552.24,39.21,106.84,0.4579,-1,-1,-1
25,2,1438.06,535.89,40.43,119.23,0.6621,-1,-1,-1
25,3,1797.65,603.74,66.60,148.81,0.7095,-1,-1,-1
25,4,1695.91,607.55,56.66,147.47,0.7278,-1,-1,-1
25,6,458.49,548.07,43.00,113.22,0.4381,-1,-1,-1
25,15,496.13,553.10,38.90,108.67,0.4673,-1,-1,-1
26,2,1440.41,538.29,43.04,119.33,0.7230,-1,-1,-1
26,3,1807.37,607.93,68.35,147.61,0.5900,-1,-1,-1
26,4,1704.24,611.67,58.53,149.58,0.7248,-1,-1,-1
26,6,457.07,549.05,42.25,113.41,0.5107,-1,-1,-1
26,15,494.96,550.33,40.15,113.01,0.5505,-1,-1,-1
26,17,1530.23,519.90,27.96,86.07,0.4781,-1,-1,-1
27,2,1443.36,541.55,41.95,115.70,0.7473,-1,-1,-1
27,3,1814.57,611.39,73.07,150.31,0.6523,-1,-1,-1
27,4,1711.21,615.51,59.66,149.59,0.6736,-1,-1,-1
27,6,453.15,555.95,42.89,110.78,0.3937,-1,-1,-1
27,15,492.95,559.84,40.01,106.94,0.6101,-1,-1,-1
27,17,1531.39,521.15,31.81,86.36,0.6918,-1,-1,-1
28,2,1446.80,544.88,44.65,112.27,0.7280,-1,-1,-1
28,3,1823.04,611.48,74.63,155.48,0.7715,-1,-1,-1
28,4,1718.61,617.12,60.23,151.92,0.6737,-1,-1,-1
28,6,450.87,558.47,42.15,109.70,0.3524,-1,-1,-1
28,15,491.48,564.50,39.73,103.87,0.5865,-1,-1,-1
28,17,1534.32,525.17,33.89,84.07,0.5366,-1,-1,-1
29,2,1451.23,550.90,41.07,110.79,0.7081,-1,-1,-1
29,3,1830.09,620.43,75.27,159.03,0.6925,-1,-1,-1
29,4,1725.64,623.90,60.30,158.35,0.7233,-1,-1,-1
29,6,449.05,561.98,41.20,106.05,0.4895,-1,-1,-1
29,15,490.90,568.03,38.32,100.03,0.5287,-1,-1,-1
29,17,1536.34,527.30,34.24,89.55,0.5617,-1,-1,-1
30,2,1453.85,550.69,42.06,111.52,0.6417,-1,-1,-1
30,3,1836.79,621.03,78.51,153.63,0.6343,-1,-1,-1
30,4,1736.99,624.47,59.90,159.73,0.7528,-1,-1,-1
30,6,444.42,566.42,42.96,109.88,0.6151,-1,-1,-1
30,15,488.62,574.85,38.77,101.51,0.5004,-1,-1,-1
30,17,1538.73,525.79,34.79,91.52,0.5648,-1,-1,-1
31,2,1457.28,552.67,42.52,118.42,0.6285,-1,-1,-1
31,3,1850.76,626.39,71.98,151.11,0.6390,-1,-1,-1
31,4,1749.21,628.53,59.24,156.34,0.5785,-1,-1,-1
31,6,442.91,579.65,41.33,109.76,0.5757,-1,-1,-1
31,15,488.03,581.68,38.54,108.33,0.4165,-1,-1,-1
31,17,1542.93,526.35,34.23,96.21,0.4866,-1,-1,-1
32,2,1460.35,556.44,40.05,119.24,0.6370,-1,-1,-1
32,3,1857.70,634.57,63.69,158.47,0.6872,-1,-1,-1
32,4,1756.34,632.72,59.93,155.84,0.6769,-1,-1,-1
32,6,441.78,573.62,41.11,108.16,0.5729,-1,-1,-1
32,15,487.26,575.00,38.57,108.32,0.5267,-1,-1,-1
32,17,1545.52,529.58,33.63,93.25,0.5976,-1,-1,-1
33,2,1464.41,542.66,41.88,124.00,0.7429,-1,-1,-1
33,3,1869.64,622.32,53.24,166.84,0.6662,-1,-1,-1
33,4,1767.16,620.84,60.22,153.90,0.6461,-1,-1,-1
33,6,439.53,563.22,39.98,108.87,0.5151,-1,-1,-1
33,15,484.51,567.16,37.60,107.98,0.4873,-1,-1,-1
33,17,1549.68,517.86,33.62,91.53,0.6533,-1,-1,-1
34,2,1468.47,544.56,41.83,124.77,0.7610,-1,-1,-1
34,3,1880.76,631.34,41.68,151.84,0.5550,-1,-1,-1
34,4,1775.12,620.85,63.84,156.46,0.7453,-1,-1,-1
34,6,436.98,572.08,39.71,105.43,0.4813,-1,-1,-1
34,15,480.99,568.52,38.80,112.26,0.5207,-1,-1,-1
34,17,1553.28,518.21,33.01,93.00,0.5972,-1,-1,-1
35,2,1471.33,539.51,44.38,125.99,0.7299,-1,-1,-1
35,4,1784.63,621.09,65.78,158.06,0.6379,-1,-1,-1
35,6,435.56,564.74,39.66,103.77,0.4298,-1,-1,-1
35,15,478.85,559.66,38.62,111.59,0.3760,-1,-1,-1
35,17,1559.81,515.23,31.45,92.98,0.5334,-1,-1,-1
36,2,1476.74,536.26,43.86,128.82,0.7514,-1,-1,-1
36,4,1794.21,618.02,69.20,165.36,0.7064,-1,-1,-1
36,6,432.23,562.34,41.15,104.93,0.3527,-1,-1,-1
36,15,475.34,553.13,39.12,116.96,0.3022,-1,-1,-1
36,17,1565.10,514.46,30.96,91.65,0.3399,-1,-1,-1
37,2,1480.93,537.37,42.19,127.70,0.7195,-1,-1,-1
37,4,1801.31,621.62,73.87,168.80,0.7729,-1,-1,-1
37,6,429.68,553.86,39.22,109.27,0.3535,-1,-1,-1
37,15,470.73,541.63,41.71,123.84,0.4701,-1,-1,-1
37,17,1570.32,514.53,32.06,92.10,0.4271,-1,-1,-1
38,2,1484.66,532.71,41.52,129.71,0.7105,-1,-1,-1
38,4,1809.75,616.43,77.44,175.64,0.7811,-1,-1,-1
38,6,426.17,551.67,39.63,113.80,0.4980,-1,-1,-1
38,15,466.62,541.04,43.89,124.92,0.5374,-1,-1,-1
38,17,1574.79,504.83,31.57,95.97,0.4790,-1,-1,-1
39,2,1488.96,537.85,42.19,128.59,0.7030,-1,-1,-1
39,4,1821.93,627.89,76.30,175.49,0.7505,-1,-1,-1
39,6,423.91,542.80,39.15,115.11,0.4522,-1,-1,-1
39,15,465.55,530.54,43.45,127.64,0.4775,-1,-1,-1
39,17,1581.37,507.82,32.94,96.94,0.5142,-1,-1,-1
40,2,1492.00,535.98,41.96,127.41,0.7111,-1,-1,-1
40,4,1833.46,625.98,76.06,177.81,0.7794,-1,-1,-1
40,6,420.28,542.16,39.35,119.59,0.3850,-1,-1,-1
40,15,464.23,536.77,43.50,124.48,0.4696,-1,-1,-1
40,17,1583.33,501.12,35.46,102.15,0.3280,-1,-1,-1
41,2,1496.10,545.07,43.25,122.06,0.6972,-1,-1,-1
41,4,1845.44,633.23,74.68,180.16,0.7577,-1,-1,-1
41,6,419.53,536.54,39.92,123.70,0.4087,-1,-1,-1
41,15,463.39,536.99,44.37,122.57,0.4696,-1,-1,-1
41,17,1589.70,502.98,37.99,105.31,0.4960,-1,-1,-1
42,2,1500.81,547.75,43.26,120.96,0.6868,-1,-1,-1
42,4,1857.22,637.55,66.37,180.78,0.6916,-1,-1,-1
42,6,418.29,536.73,42.66,126.79,0.5487,-1,-1,-1
42,15,461.85,543.27,46.02,118.85,0.4622,-1,-1,-1
42,17,1594.57,506.33,36.00,102.71,0.5748,-1,-1,-1
43,2,1505.43,549.86,42.73,122.18,0.6678,-1,-1,-1
43,4,1869.57,644.15,53.77,174.11,0.6621,-1,-1,-1
43,6,415.75,536.23,44.72,129.97,0.5425,-1,-1,-1
43,15,458.07,534.82,47.19,130.00,0.4131,-1,-1,-1
43,17,1597.39,510.80,34.57,99.55,0.5064,-1,-1,-1
43,20,502.23,528.37,33.96,89.45,0.3720,-1,-1,-1
44,2,1510.81,552.05,42.77,120.93,0.6220,-1,-1,-1
44,4,1881.55,649.36,41.36,169.09,0.6409,-1,-1,-1
44,6,415.21,535.73,44.59,132.76,0.3814,-1,-1,-1
44,15,452.68,532.82,49.22,135.64,0.4002,-1,-1,-1
44,17,1600.28,510.12,37.43,100.97,0.5301,-1,-1,-1
44,20,499.46,528.10,35.08,91.45,0.2999,-1,-1,-1
45,2,1515.81,556.31,43.60,127.13,0.7575,-1,-1,-1
45,4,1892.90,669.46,28.67,162.32,0.4757,-1,-1,-1
45,6,415.97,533.42,42.63,132.56,0.3758,-1,-1,-1
45,15,451.64,530.72,48.37,135.86,0.3258,-1,-1,-1
45,17,1604.67,514.22,39.51,101.89,0.5885,-1,-1,-1
45,20,498.80,526.05,36.04,91.85,0.2231,-1,-1,-1
46,2,1519.69,554.88,43.16,132.63,0.7570,-1,-1,-1
46,6,408.71,538.77,46.83,128.90,0.3123,-1,-1,-1
46,15,448.82,533.44,47.81,137.09,0.3441,-1,-1,-1
46,17,1608.39,514.77,39.97,101.17,0.5480,-1,-1,-1
46,20,494.77,520.59,36.32,98.52,0.2522,-1,-1,-1
47,2,1524.69,558.60,43.33,132.07,0.7205,-1,-1,-1
47,6,406.31,536.96,46.04,128.70,0.2859,-1,-1,-1
47,15,448.99,536.16,45.02,133.74,0.3277,-1,-1,-1
47,17,1617.05,524.36,36.10,95.22,0.5303,-1,-1,-1
47,20,492.32,515.51,36.96,103.65,0.3365,-1,-1,-1
48,2,1527.81,560.01,44.72,133.30,0.7090,-1,-1,-1
48,6,402.97,537.49,47.39,133.51,0.3399,-1,-1,-1
48,15,447.60,542.94,45.27,132.32,0.3629,-1,-1,-1
48,17,1620.84,527.34,33.38,92.66,0.6493,-1,-1,-1
48,20,489.91,526.46,35.80,96.73,0.3159,-1,-1,-1
49,2,1533.07,560.28,44.82,135.82,0.7107,-1,-1,-1
49,6,398.67,550.00,45.01,123.72,0.4164,-1,-1,-1
49,15,446.11,548.33,44.31,128.27,0.5423,-1,-1,-1
49,17,1625.76,532.52,31.94,91.26,0.7157,-1,-1,-1
49,20,488.15,534.02,36.12,88.68,0.2825,-1,-1,-1
50,2,1537.54,557.34,45.76,137.29,0.6966,-1,-1,-1
50,6,397.29,553.17,44.27,119.60,0.3637,-1,-1,-1
50,15,444.98,556.06,43.52,120.39,0.5618,-1,-1,-1
50,17,1631.11,530.38,29.06,90.31,0.4166,-1,-1,-1
50,20,485.64,535.22,35.34,83.03,0.1733,-1,-1,-1
51,2,1542.09,561.11,46.24,137.82,0.6992,-1,-1,-1
51,6,396.38,551.39,44.20,120.50,0.4896,-1,-1,-1
51,15,442.58,564.41,43.07,112.24,0.5522,-1,-1,-1
51,17,1636.86,533.92,29.38,89.68,0.6433,-1,-1,-1
51,20,481.68,535.28,35.42,82.03,0.1742,-1,-1,-1
52,2,1546.03,558.69,49.35,145.65,0.7092,-1,-1,-1
52,6,394.87,551.70,45.42,122.64,0.5372,-1,-1,-1
52,15,441.50,568.25,41.52,109.74,0.5690,-1,-1,-1
52,17,1640.11,532.82,29.97,90.60,0.5623,-1,-1,-1
52,25,335.24,562.07,36.99,112.54,0.5025,-1,-1,-1
53,2,1550.31,557.28,51.08,150.78,0.6876,-1,-1,-1
53,6,392.34,550.76,45.83,126.09,0.5311,-1,-1,-1
53,15,439.19,566.78,43.55,112.89,0.5363,-1,-1,-1
53,17,1644.17,533.75,30.05,89.63,0.5337,-1,-1,-1
53,25,329.68,558.64,40.29,118.17,0.4316,-1,-1,-1
53,26,635.89,536.77,30.93,90.37,0.4406,-1,-1,-1
54,2,1553.23,556.80,52.36,153.36,0.7243,-1,-1,-1
54,6,388.52,548.79,45.68,128.68,0.5157,-1,-1,-1
54,15,436.53,567.41,44.24,112.75,0.5620,-1,-1,-1
54,17,1648.28,534.07,30.21,89.31,0.5927,-1,-1,-1
54,25,327.19,561.17,41.49,113.50,0.5001,-1,-1,-1
54,26,635.22,535.23,31.41,90.81,0.3953,-1,-1,-1
55,2,1557.56,554.48,52.65,157.52,0.7489,-1,-1,-1
55,6,384.83,544.69,45.97,133.21,0.5710,-1,-1,-1
55,15,434.70,563.98,44.47,116.98,0.4615,-1,-1,-1
55,17,1653.06,533.54,31.81,91.20,0.6041,-1,-1,-1
55,25,325.16,559.35,43.09,113.96,0.4942,-1,-1,-1
55,26,635.52,535.55,30.46,90.62,0.3400,-1,-1,-1
56,2,1562.18,553.95,52.23,157.48,0.7373,-1,-1,-1
56,6,382.55,549.09,44.35,129.11,0.5221,-1,-1,-1
56,15,431.23,563.52,43.60,118.22,0.3546,-1,-1,-1
56,17,1656.58,527.58,34.98,98.37,0.7227,-1,-1,-1
56,25,320.64,557.91,45.58,115.72,0.5542,-1,-1,-1
56,26,632.90,535.96,27.32,92.28,0.3524,-1,-1,-1
57,2,1567.07,551.53,53.26,157.80,0.7168,-1,-1,-1
57,6,379.94,550.12,43.99,128.19,0.5247,-1,-1,-1
57,15,426.75,561.59,43.96,119.28,0.4543,-1,-1,-1
57,17,1659.15,521.39,36.63,102.68,0.7179,-1,-1,-1
57,25,315.21,556.58,46.37,117.80,0.4610,-1,-1,-1
57,26,630.87,535.93,27.59,92.69,0.3481,-1,-1,-1
58,2,1571.20,555.22,53.20,153.76,0.6330,-1,-1,-1
58,6,377.07,547.37,43.42,129.84,0.5754,-1,-1,-1
58,15,422.00,559.28,44.71,120.33,0.4634,-1,-1,-1
58,17,1661.51,515.52,37.08,106.93,0.6824,-1,-1,-1
58,25,309.79,554.30,47.61,117.22,0.4667,-1,-1,-1
58,26,630.62,536.01,27.20,91.35,0.3272,-1,-1,-1
59,2,1577.39,561.02,51.15,149.03,0.6308,-1,-1,-1
59,6,374.38,543.78,42.02,131.52,0.5620,-1,-1,-1
59,15,418.79,559.64,45.41,118.20,0.4145,-1,-1,-1
59,17,1664.18,511.12,40.05,110.81,0.6578,-1,-1,-1
59,25,306.44,550.79,47.82,120.34,0.4357,-1,-1,-1
59,26,627.73,535.37,28.28,90.55,0.3698,-1,-1,-1
60,2,1581.29,560.08,51.48,151.16,0.6268,-1,-1,-1
60,6,370.15,546.03,41.25,129.46,0.5510,-1,-1,-1
60,15,416.52,562.80,47.02,115.38,0.3870,-1,-1,-1
60,17,1665.66,510.32,41.67,111.16,0.7210,-1,-1,-1
60,25,303.21,553.85,47.92,117.47,0.3951,-1,-1,-1
60,26,624.46,534.33,30.17,92.78,0.2791,-1,-1,-1
61,2,1585.16,549.95,52.74,156.65,0.6205,-1,-1,-1
61,6,365.39,549.16,44.04,128.49,0.4771,-1,-1,-1
61,15,414.12,562.21,47.86,117.52,0.4222,-1,-1,-1
61,17,1666.65,507.14,44.31,108.71,0.7169,-1,-1,-1
61,25,298.86,558.32,49.60,115.17,0.4345,-1,-1,-1
61,26,621.92,533.52,29.30,94.60,0.2450,-1,-1,-1
62,2,1589.89,556.08,53.44,156.30,0.7001,-1,-1,-1
62,6,361.72,542.36,45.83,130.58,0.4603,-1,-1,-1
62,15,412.92,552.55,44.12,124.28,0.3490,-1,-1,-1
62,17,1671.20,517.66,44.25,105.03,0.5488,-1,-1,-1
62,25,296.35,551.64,49.23,115.44,0.4384,-1,-1,-1
62,26,622.44,530.64,27.47,94.68,0.3752,-1,-1,-1
63,2,1596.08,543.02,55.06,155.39,0.6411,-1,-1,-1
63,6,359.39,562.97,45.95,128.31,0.4003,-1,-1,-1
63,15,411.48,571.10,45.93,120.41,0.3700,-1,-1,-1
63,17,1678.47,509.99,41.26,96.50,0.5719,-1,-1,-1
63,25,293.61,571.91,49.07,115.34,0.4958,-1,-1,-1
63,26,621.20,541.00,28.19,96.42,0.2507,-1,-1,-1
64,2,1600.25,562.63,55.41,153.44,0.6265,-1,-1,-1
64,6,356.83,541.78,44.75,133.69,0.4848,-1,-1,-1
64,15,404.58,549.62,45.16,127.47,0.3328,-1,-1,-1
64,17,1687.30,529.66,35.32,95.13,0.6374,-1,-1,-1
64,25,290.98,551.62,45.98,117.64,0.4852,-1,-1,-1
64,26,621.22,531.03,25.68,96.41,0.3509,-1,-1,-1
65,2,1603.14,561.70,56.61,151.07,0.7297,-1,-1,-1
65,6,350.50,550.60,46.76,132.02,0.4789,-1,-1,-1
65,15,401.14,559.29,45.48,123.32,0.3862,-1,-1,-1
65,17,1690.60,528.60,33.98,90.58,0.6811,-1,-1,-1
65,25,287.36,560.18,44.53,116.87,0.5095,-1,-1,-1
65,26,619.12,538.96,26.11,94.04,0.2429,-1,-1,-1
66,2,1609.68,559.92,56.72,149.92,0.7218,-1,-1,-1
66,6,347.44,558.61,47.70,134.22,0.6009,-1,-1,-1
66,15,397.40,567.22,48.19,123.62,0.5012,-1,-1,-1
66,17,1697.00,520.71,33.95,91.56,0.6913,-1,-1,-1
66,25,286.49,568.43,42.47,114.95,0.5079,-1,-1,-1
66,26,618.23,543.86,26.11,92.56,0.3274,-1,-1,-1
66,28,467.20,560.21,30.42,73.11,0.4145,-1,-1,-1
67,2,1613.93,570.34,55.61,153.79,0.7347,-1,-1,-1
67,6,343.14,543.71,48.31,135.78,0.5524,-1,-1,-1
67,15,394.21,556.69,46.09,121.82,0.5553,-1,-1,-1
67,17,1699.72,537.02,34.10,90.97,0.6537,-1,-1,-1
67,25,281.72,547.72,41.70,121.13,0.3359,-1,-1,-1
67,26,615.67,533.26,26.26,96.08,0.2163,-1,-1,-1
67,28,460.11,551.44,30.60,70.94,0.3430,-1,-1,-1
68,2,1617.12,564.27,57.16,152.56,0.7318,-1,-1,-1
68,6,340.10,555.64,48.00,131.88,0.5780,-1,-1,-1
68,15,388.85,563.46,49.57,123.02,0.5489,-1,-1,-1
68,17,1701.84,528.60,33.91,89.83,0.5779,-1,-1,-1
68,25,277.57,560.68,41.85,119.32,0.4448,-1,-1,-1
68,26,612.22,536.74,26.83,96.92,0.2112,-1,-1,-1
68,28,454.59,559.09,31.12,72.55,0.4476,-1,-1,-1
69,2,1621.41,572.33,57.94,156.14,0.7563,-1,-1,-1
69,6,334.29,545.62,50.23,136.99,0.4394,-1,-1,-1
69,15,385.96,557.51,46.99,123.31,0.4938,-1,-1,-1
69,17,1704.69,538.91,34.36,90.84,0.6500,-1,-1,-1
69,25,272.66,551.46,40.44,125.02,0.4400,-1,-1,-1
69,28,450.64,554.43,28.59,73.57,0.4046,-1,-1,-1
70,2,1625.20,567.30,59.30,156.80,0.7757,-1,-1,-1
70,6,330.01,545.54,50.57,138.94,0.5193,-1,-1,-1
70,15,380.64,556.48,47.96,127.03,0.5873,-1,-1,-1
70,17,1705.74,535.14,34.98,92.23,0.5962,-1,-1,-1
70,25,266.98,550.09,42.89,129.28,0.3747,-1,-1,-1
70,28,443.72,555.44,30.14,74.59,0.4612,-1,-1,-1
71,2,1629.63,571.38,58.94,158.90,0.7564,-1,-1,-1
71,6,327.94,546.15,48.46,136.47,0.5147,-1,-1,-1
71,15,375.14,553.76,48.42,128.57,0.5607,-1,-1,-1
71,17,1707.09,537.43,34.98,93.21,0.6897,-1,-1,-1
71,25,261.59,549.94,41.49,124.66,0.2269,-1,-1,-1
71,28,436.72,553.49,32.68,75.68,0.3959,-1,-1,-1
71,26,599.23,538.84,28.22,97.27,0.3385,-1,-1,-1
72,2,1632.97,562.32,60.31,169.29,0.7885,-1,-1,-1
72,6,325.00,550.69,49.12,134.56,0.6164,-1,-1,-1
72,15,370.90,554.84,47.95,130.11,0.6105,-1,-1,-1
72,17,1707.38,535.99,35.98,91.77,0.6906,-1,-1,-1
72,25,256.42,553.31,40.79,125.49,0.2995,-1,-1,-1
72,28,429.43,555.60,34.52,75.66,0.4245,-1,-1,-1
72,30,502.85,534.94,36.33,107.09,0.3700,-1,-1,-1
72,26,595.68,538.53,27.64,98.89,0.2503,-1,-1,-1
73,2,1637.71,564.76,60.25,171.82,0.6738,-1,-1,-1
73,6,317.99,544.26,50.86,137.66,0.4709,-1,-1,-1
73,15,366.55,549.04,47.69,132.75,0.5836,-1,-1,-1
73,17,1708.88,539.47,38.07,93.90,0.5833,-1,-1,-1
73,25,252.10,551.59,39.77,127.05,0.3369,-1,-1,-1
73,28,424.38,552.12,31.97,74.87,0.4058,-1,-1,-1
73,30,500.04,534.48,35.14,105.99,0.3436,-1,-1,-1
73,26,590.30,535.17,29.23,99.54,0.2578,-1,-1,-1
74,2,1641.50,568.22,63.68,169.08,0.7210,-1,-1,-1
74,6,314.33,543.84,50.01,140.18,0.3724,-1,-1,-1
74,15,362.89,548.82,48.79,134.47,0.4973,-1,-1,-1
74,17,1711.08,536.60,37.75,93.46,0.5858,-1,-1,-1
74,25,247.33,545.24,44.65,137.19,0.3169,-1,-1,-1
74,28,417.77,553.46,34.25,74.50,0.4468,-1,-1,-1
74,30,495.00,533.79,35.04,108.04,0.1760,-1,-1,-1
74,26,584.56,537.45,28.54,100.43,0.3059,-1,-1,-1
75,2,1643.60,575.82,64.68,165.50,0.7429,-1,-1,-1
75,6,306.44,547.20,49.58,136.21,0.4164,-1,-1,-1
75,15,356.05,553.73,47.59,130.26,0.6082,-1,-1,-1
75,17,1711.99,539.22,37.84,93.54,0.5706,-1,-1,-1
75,25,241.74,544.44,44.81,138.43,0.2124,-1,-1,-1
75,28,411.63,554.12,33.45,75.85,0.3757,-1,-1,-1
75,30,487.95,533.06,36.75,106.95,0.2076,-1,-1,-1
75,26,579.79,536.87,28.75,103.16,0.3460,-1,-1,-1
76,2,1647.52,578.04,64.47,164.42,0.7341,-1,-1,-1
76,6,296.31,543.51,55.34,140.11,0.4755,-1,-1,-1
76,15,351.26,551.54,48.33,131.11,0.4953,-1,-1,-1
76,17,1712.97,539.30,38.32,91.69,0.5478,-1,-1,-1
76,25,234.38,540.05,46.42,142.32,0.2022,-1,-1,-1
76,28,401.87,552.69,35.74,74.50,0.3273,-1,-1,-1
76,30,479.95,531.79,38.90,104.99,0.2757,-1,-1,-1
76,26,575.91,535.68,30.44,103.31,0.3407,-1,-1,-1
77,2,1649.33,580.70,67.08,163.61,0.7195,-1,-1,-1
77,6,291.23,545.11,54.13,139.23,0.4480,-1,-1,-1
77,15,343.98,550.36,48.55,132.54,0.6133,-1,-1,-1
77,17,1713.59,540.73,38.41,91.03,0.5368,-1,-1,-1
77,28,395.44,553.68,34.44,77.02,0.3709,-1,-1,-1
77,30,474.90,534.17,41.74,109.33,0.3060,-1,-1,-1
77,26,572.62,534.63,30.36,104.64,0.3860,-1,-1,-1
78,2,1652.65,581.55,68.20,164.42,0.7336,-1,-1,-1
78,6,282.17,541.78,56.09,143.76,0.4271,-1,-1,-1
78,15,339.78,551.76,48.06,132.89,0.5297,-1,-1,-1
78,17,1713.89,540.65,38.55,91.09,0.5829,-1,-1,-1
78,28,389.66,553.17,34.96,77.57,0.3429,-1,-1,-1
78,30,470.03,533.11,38.71,109.89,0.2773,-1,-1,-1
78,26,570.23,535.74,28.37,101.59,0.3059,-1,-1,-1
79,2,1653.83,584.55,71.61,162.87,0.7503,-1,-1,-1
79,6,272.25,538.47,60.27,145.54,0.5009,-1,-1,-1
79,15,333.76,548.78,49.59,135.60,0.5562,-1,-1,-1
79,17,1713.40,540.49,38.92,90.57,0.5743,-1,-1,-1
79,28,382.75,552.25,33.96,77.12,0.3437,-1,-1,-1
79,30,463.70,530.34,39.20,113.42,0.3435,-1,-1,-1
79,26,568.48,530.63,28.18,106.10,0.2674,-1,-1,-1
80,2,1654.29,582.15,74.70,166.38,0.7249,-1,-1,-1
80,6,263.10,537.95,63.68,148.02,0.5575,-1,-1,-1
80,15,326.93,552.41,50.01,134.71,0.6084,-1,-1,-1
80,17,1712.64,536.80,39.64,91.55,0.6115,-1,-1,-1
80,28,373.42,554.18,35.35,76.86,0.3363,-1,-1,-1
80,30,455.44,530.24,43.34,117.69,0.4903,-1,-1,-1
80,26,565.44,528.22,28.96,109.97,0.2238,-1,-1,-1
81,2,1657.02,582.23,73.57,166.92,0.7504,-1,-1,-1
81,6,264.12,546.26,55.11,137.27,0.3501,-1,-1,-1
81,15,319.64,552.82,51.00,133.97,0.5708,-1,-1,-1
81,17,1711.81,536.31,39.43,91.37,0.5704,-1,-1,-1
81,28,367.87,554.06,34.20,75.21,0.4967,-1,-1,-1
81,30,450.98,530.57,45.21,119.84,0.3342,-1,-1,-1
81,31,148.14,556.89,45.62,132.17,0.3818,-1,-1,-1
82,2,1659.69,583.12,72.83,170.07,0.7395,-1,-1,-1
82,6,260.71,538.66,51.59,145.03,0.3820,-1,-1,-1
82,15,312.23,554.65,49.85,132.38,0.4983,-1,-1,-1
82,17,1711.94,537.13,37.25,91.14,0.6128,-1,-1,-1
82,28,359.67,554.70,34.61,76.39,0.3522,-1,-1,-1
82,30,448.29,538.06,40.64,113.70,0.2707,-1,-1,-1
82,31,139.02,556.31,49.11,135.24,0.4349,-1,-1,-1
83,2,1665.10,582.53,68.92,171.90,0.7061,-1,-1,-1
83,6,255.97,541.66,48.49,145.35,0.4586,-1,-1,-1
83,15,304.92,558.20,51.36,131.15,0.6694,-1,-1,-1
83,17,1712.00,536.78,36.11,91.01,0.5894,-1,-1,-1
83,28,354.95,558.18,32.45,74.38,0.3571,-1,-1,-1
83,30,440.84,539.06,41.64,113.88,0.3829,-1,-1,-1
83,31,130.02,559.03,51.56,133.52,0.5458,-1,-1,-1
84,2,1665.21,580.09,72.71,176.77,0.7242,-1,-1,-1
84,6,245.54,549.44,52.18,140.40,0.5413,-1,-1,-1
84,15,296.53,561.88,54.23,128.54,0.5318,-1,-1,-1
84,17,1712.57,535.38,34.75,92.20,0.5715,-1,-1,-1
84,28,346.65,558.05,32.05,74.38,0.4252,-1,-1,-1
84,30,433.28,537.89,41.97,113.89,0.3586,-1,-1,-1
84,31,121.43,561.13,52.66,134.50,0.5341,-1,-1,-1
84,32,462.42,545.20,43.07,111.16,0.3908,-1,-1,-1
85,2,1667.66,581.33,72.72,179.66,0.7671,-1,-1,-1
85,6,242.47,555.84,48.43,136.77,0.4785,-1,-1,-1
85,15,290.71,562.57,51.51,129.12,0.5021,-1,-1,-1
85,17,1711.78,536.56,34.65,92.58,0.4764,-1,-1,-1
85,28,338.61,560.95,32.59,75.69,0.2904,-1,-1,-1
85,30,427.28,539.87,40.96,115.44,0.2958,-1,-1,-1
85,31,112.32,564.58,54.03,133.37,0.5264,-1,-1,-1
85,32,454.39,548.20,44.72,110.95,0.2212,-1,-1,-1
86,2,1671.39,580.83,71.18,179.83,0.7646,-1,-1,-1
86,6,231.71,556.85,50.34,136.91,0.4305,-1,-1,-1
86,15,284.29,561.78,49.91,131.33,0.5830,-1,-1,-1
86,17,1708.65,535.62,36.26,80.43,0.3145,-1,-1,-1
86,28,332.49,561.12,31.92,81.66,0.2621,-1,-1,-1
86,30,421.86,535.93,39.23,120.95,0.3419,-1,-1,-1
86,31,103.24,562.64,55.79,140.57,0.4138,-1,-1,-1
86,32,450.01,540.71,43.24,118.65,0.3605,-1,-1,-1
87,2,1672.57,584.17,72.24,180.33,0.7968,-1,-1,-1
87,6,224.77,556.53,50.39,139.10,0.4919,-1,-1,-1
87,15,279.00,563.68,51.53,132.27,0.5734,-1,-1,-1
87,17,1707.07,537.97,36.61,71.39,0.2533,-1,-1,-1
87,28,324.27,561.14,32.20,81.45,0.2803,-1,-1,-1
87,30,414.69,537.83,40.10,120.81,0.3092,-1,-1,-1
87,31,95.52,562.24,59.02,137.73,0.5342,-1,-1,-1
87,32,442.18,545.44,42.46,117.48,0.3910,-1,-1,-1
87,34,383.02,554.42,35.55,97.45,0.5402,-1,-1,-1
88,2,1674.96,582.79,71.98,184.08,0.7977,-1,-1,-1
88,6,219.42,561.24,50.43,138.86,0.5733,-1,-1,-1
88,15,270.86,568.70,51.79,131.91,0.5029,-1,-1,-1
88,17,1704.94,538.31,37.18,61.82,0.1722,-1,-1,-1
88,28,316.25,565.92,32.93,79.27,0.2775,-1,-1,-1
88,30,408.53,544.08,40.86,114.98,0.2337,-1,-1,-1
88,31,90.02,566.86,54.45,131.85,0.5030,-1,-1,-1
88,32,433.57,547.80,46.67,119.61,0.4156,-1,-1,-1
88,34,377.47,556.46,34.77,97.70,0.3989,-1,-1,-1
89,2,1678.51,584.27,70.42,188.56,0.8037,-1,-1,-1
89,6,214.59,558.47,48.70,142.67,0.3128,-1,-1,-1
89,15,265.06,567.27,51.59,132.18,0.4706,-1,-1,-1
89,28,308.38,566.60,32.97,80.54,0.1856,-1,-1,-1
89,30,401.65,540.34,37.84,120.75,0.2856,-1,-1,-1
89,31,83.28,563.04,54.37,135.53,0.4656,-1,-1,-1
89,32,429.78,546.26,43.67,122.59,0.5836,-1,-1,-1
89,34,368.83,554.84,31.67,98.37,0.4574,-1,-1,-1
90,2,1681.95,585.59,70.30,192.28,0.7568,-1,-1,-1
90,6,205.29,557.49,51.66,147.32,0.3254,-1,-1,-1
90,15,259.30,571.08,53.34,134.03,0.5301,-1,-1,-1
90,28,299.54,567.83,32.48,85.24,0.1535,-1,-1,-1
90,30,393.17,540.56,40.68,128.72,0.3598,-1,-1,-1
90,31,74.81,565.59,57.72,138.16,0.4846,-1,-1,-1
90,32,420.90,547.70,45.94,125.70,0.3054,-1,-1,-1
90,34,360.14,567.00,34.39,91.40,0.4281,-1,-1,-1
91,2,1684.61,595.26,72.46,188.67,0.7887,-1,-1,-1
91,6,199.76,559.94,51.00,146.30,0.3825,-1,-1,-1
91,15,249.98,558.83,63.60,149.01,0.4393,-1,-1,-1
91,30,385.44,545.65,42.12,124.50,0.3130,-1,-1,-1
91,31,67.54,566.68,56.60,141.21,0.4517,-1,-1,-1
91,32,413.98,550.34,46.29,125.48,0.5728,-1,-1,-1
91,34,354.04,570.98,33.57,89.08,0.3764,-1,-1,-1
92,2,1687.95,600.77,73.47,186.95,0.7964,-1,-1,-1
92,6,190.27,561.66,53.84,150.04,0.3345,-1,-1,-1
92,15,245.32,556.93,62.86,154.66,0.5456,-1,-1,-1
92,30,379.87,555.94,38.29,120.04,0.3352,-1,-1,-1
92,31,57.81,570.76,63.94,142.29,0.3359,-1,-1,-1
92,32,407.57,553.54,44.30,126.21,0.5375,-1,-1,-1
92,34,346.02,580.66,32.56,85.96,0.2400,-1,-1,-1
93,2,1689.28,605.34,73.98,187.00,0.8092,-1,-1,-1
93,6,184.59,555.33,53.60,159.98,0.5642,-1,-1,-1
93,15,241.01,566.95,56.23,146.06,0.5533,-1,-1,-1
93,30,371.14,554.89,36.76,126.00,0.3042,-1,-1,-1
93,31,49.45,575.39,64.13,140.37,0.2706,-1,-1,-1
93,32,400.98,556.00,44.18,127.30,0.5216,-1,-1,-1
93,34,338.94,581.72,32.75,87.19,0.4045,-1,-1,-1
94,2,1690.48,607.62,74.09,187.63,0.8040,-1,-1,-1
94,6,180.17,562.11,52.27,155.76,0.5233,-1,-1,-1
94,15,234.85,574.04,55.68,142.68,0.5421,-1,-1,-1
94,30,364.46,553.98,38.60,129.31,0.4128,-1,-1,-1
94,31,41.54,580.80,64.06,140.38,0.2337,-1,-1,-1
94,32,392.23,556.58,45.25,129.21,0.6202,-1,-1,-1
94,34,332.35,582.97,31.97,90.95,0.4827,-1,-1,-1
94,17,1697.28,540.74,38.88,81.63,0.3709,-1,-1,-1
95,2,1692.19,611.33,74.90,189.33,0.7915,-1,-1,-1
95,6,173.67,563.37,53.93,155.44,0.6019,-1,-1,-1
95,15,227.03,578.20,57.13,140.38,0.5212,-1,-1,-1
95,30,358.94,561.79,37.25,122.01,0.2499,-1,-1,-1
95,32,387.16,558.33,45.00,128.97,0.5344,-1,-1,-1
95,34,323.29,585.79,32.15,90.80,0.2524,-1,-1,-1
95,17,1694.61,542.11,40.74,90.43,0.4892,-1,-1,-1
96,2,1695.66,611.57,75.01,190.71,0.7886,-1,-1,-1
96,6,165.46,573.49,54.56,150.13,0.4634,-1,-1,-1
96,15,221.28,582.31,54.03,141.66,0.5758,-1,-1,-1
96,30,352.81,560.54,35.10,127.43,0.3449,-1,-1,-1
96,32,380.25,565.49,44.43,125.61,0.4838,-1,-1,-1
96,34,316.20,586.02,32.15,89.26,0.4530,-1,-1,-1
96,17,1693.33,541.26,43.16,95.09,0.5265,-1,-1,-1
97,2,1699.29,613.13,76.19,192.57,0.7860,-1,-1,-1
97,6,159.28,577.46,53.02,142.93,0.5563,-1,-1,-1
97,15,212.88,579.20,55.87,143.93,0.6522,-1,-1,-1
97,30,344.14,553.94,38.23,132.88,0.4801,-1,-1,-1
97,32,372.45,558.80,46.63,131.82,0.5171,-1,-1,-1
97,34,308.54,579.34,33.67,96.43,0.5859,-1,-1,-1
97,17,1692.28,543.73,42.82,95.58,0.5334,-1,-1,-1
98,2,1703.99,613.35,76.80,195.62,0.7919,-1,-1,-1
98,6,151.19,582.25,53.39,143.67,0.5599,-1,-1,-1
98,15,203.83,581.80,55.58,145.57,0.6216,-1,-1,-1
98,30,336.07,560.25,39.26,130.96,0.3058,-1,-1,-1
98,32,365.85,575.48,45.97,117.18,0.6109,-1,-1,-1
98,34,299.94,588.00,34.08,91.33,0.1682,-1,-1,-1
98,17,1690.90,545.10,41.56,96.54,0.5095,-1,-1,-1
99,2,1706.56,614.85,78.15,197.44,0.7603,-1,-1,-1
99,6,143.10,581.17,54.07,143.05,0.4824,-1,-1,-1
99,15,197.37,578.56,54.23,147.66,0.6654,-1,-1,-1
99,30,329.60,557.05,37.27,132.65,0.4519,-1,-1,-1
99,32,358.81,569.56,46.30,122.90,0.5577,-1,-1,-1
99,34,291.00,588.55,34.22,88.85,0.4879,-1,-1,-1
99,17,1688.58,545.71,42.12,101.78,0.5021,-1,-1,-1
100,2,1709.21,613.71,80.25,199.80,0.7946,-1,-1,-1
100,6,131.88,584.21,56.15,140.97,0.5672,-1,-1,-1
100,15,188.92,585.54,54.81,143.64,0.6085,-1,-1,-1
100,30,320.03,560.53,38.90,132.31,0.4082,-1,-1,-1
100,32,348.74,575.06,50.13,119.72,0.5459,-1,-1,-1
100,34,281.45,588.46,35.22,94.26,0.5926,-1,-1,-1
100,17,1685.76,547.14,42.53,102.64,0.6411,-1,-1,-1
101,2,1711.14,616.15,80.90,202.25,0.7865,-1,-1,-1
101,6,124.12,579.85,57.65,143.69,0.6033,-1,-1,-1
101,15,180.22,582.71,57.32,145.08,0.5850,-1,-1,-1
101,30,310.38,571.87,37.71,119.60,0.3813,-1,-1,-1
101,32,340.67,571.96,49.74,121.57,0.5708,-1,-1,-1
101,34,273.09,588.45,34.01,92.17,0.4470,-1,-1,-1
101,17,1684.59,549.77,40.06,104.09,0.7197,-1,-1,-1
101,39,434.31,561.34,34.19,107.39,0.3740,-1,-1,-1
102,2,1713.15,619.14,82.36,200.93,0.8136,-1,-1,-1
102,6,115.14,581.47,57.93,145.54,0.6262,-1,-1,-1
102,15,172.04,583.58,57.53,145.25,0.5693,-1,-1,-1
102,30,302.29,578.45,36.14,114.72,0.3031,-1,-1,-1
102,32,332.48,574.98,49.49,120.70,0.6190,-1,-1,-1
102,34,262.88,592.60,35.55,89.33,0.5423,-1,-1,-1
102,17,1683.94,549.80,37.99,104.46,0.7410,-1,-1,-1
102,39,431.06,561.61,31.54,110.21,0.3856,-1,-1,-1
102,41,389.34,573.71,43.17,126.20,0.3721,-1,-1,-1
103,2,1714.33,619.05,85.27,204.71,0.8262,-1,-1,-1
103,6,106.43,579.16,57.59,148.98,0.5525,-1,-1,-1
103,15,164.57,586.95,57.56,143.24,0.5183,-1,-1,-1
103,30,294.18,568.53,39.48,125.92,0.2903,-1,-1,-1
103,32,326.07,574.57,51.73,120.80,0.4853,-1,-1,-1
103,34,255.72,590.19,36.21,96.56,0.4423,-1,-1,-1
103,17,1683.19,549.83,36.75,103.80,0.7189,-1,-1,-1
103,39,423.49,561.56,31.38,108.60,0.3369,-1,-1,-1
103,41,384.95,571.12,40.26,128.21,0.3381,-1,-1,-1
103,42,1546.06,519.48,25.15,79.32,0.4540,-1,-1,-1
104,2,1715.64,623.92,86.60,207.04,0.8178,-1,-1,-1
104,6,95.99,576.68,58.26,149.79,0.5657,-1,-1,-1
104,15,154.96,589.01,52.87,139.15,0.4258,-1,-1,-1
104,30,284.35,580.88,38.05,113.91,0.2651,-1,-1,-1
104,32,316.24,576.84,50.98,117.41,0.3580,-1,-1,-1
104,34,247.66,589.37,36.13,93.38,0.3085,-1,-1,-1
104,17,1682.35,551.58,35.56,103.71,0.7075,-1,-1,-1
104,39,415.50,558.25,33.44,107.60,0.4466,-1,-1,-1
104,41,374.31,574.12,40.71,125.24,0.4726,-1,-1,-1
104,42,1545.39,521.73,23.10,77.01,0.3727,-1,-1,-1
105,2,1717.71,624.05,87.19,209.60,0.8057,-1,-1,-1
105,6,87.93,579.29,57.94,149.40,0.6009,-1,-1,-1
105,15,146.35,587.48,57.51,142.56,0.5509,-1,-1,-1
105,30,276.71,568.01,42.99,129.94,0.2310,-1,-1,-1
105,32,306.28,568.70,53.01,128.59,0.5166,-1,-1,-1
105,34,238.43,591.80,37.22,92.21,0.4489,-1,-1,-1
105,17,1681.21,549.67,34.84,104.32,0.6655,-1,-1,-1
105,39,408.54,559.03,34.45,114.63,0.4024,-1,-1,-1
105,41,367.60,570.44,40.96,131.77,0.3747,-1,-1,-1
105,42,1540.54,521.81,24.76,71.79,0.2296,-1,-1,-1
105,25,23.90,580.30,54.37,144.49,0.4171,-1,-1,-1
106,2,1722.69,625.87,85.90,212.19,0.7799,-1,-1,-1
106,6,77.97,574.93,56.39,153.06,0.5599,-1,-1,-1
106,15,138.66,577.87,59.25,151.49,0.5310,-1,-1,-1
106,30,266.10,579.94,42.63,120.34,0.2788,-1,-1,-1
106,32,298.86,566.75,52.33,130.01,0.5016,-1,-1,-1
106,34,228.17,589.59,36.66,95.33,0.3598,-1,-1,-1
106,17,1678.98,549.47,34.20,106.16,0.6087,-1,-1,-1
106,39,402.38,558.22,32.58,114.06,0.2996,-1,-1,-1
106,41,360.52,567.06,39.99,135.21,0.5134,-1,-1,-1
106,42,1535.96,522.45,25.64,72.45,0.3972,-1,-1,-1
106,25,15.29,578.55,55.73,144.16,0.2680,-1,-1,-1
107,2,1726.25,623.24,85.10,216.13,0.7890,-1,-1,-1
107,6,68.64,573.13,58.23,155.51,0.5917,-1,-1,-1
107,15,130.60,583.35,56.87,147.08,0.4010,-1,-1,-1
107,30,257.67,586.79,39.15,115.93,0.3930,-1,-1,-1
107,32,288.66,560.28,53.48,137.44,0.4681,-1,-1,-1
107,34,219.15,591.10,38.59,97.26,0.5192,-1,-1,-1
107,17,1677.48,547.23,32.76,106.39,0.5536,-1,-1,-1
107,39,394.26,560.36,34.07,108.36,0.5080,-1,-1,-1
107,41,352.01,562.90,42.04,140.58,0.5354,-1,-1,-1
107,42,1533.01,520.79,27.67,75.63,0.4412,-1,-1,-1
107,25,8.46,577.04,52.78,144.61,0.3999,-1,-1,-1
108,2,1728.76,628.04,84.91,218.03,0.8030,-1,-1,-1
108,6,55.21,568.16,63.06,160.12,0.5359,-1,-1,-1
108,15,121.22,576.31,55.29,152.89,0.4990,-1,-1,-1
108,32,278.93,557.73,54.30,141.01,0.5478,-1,-1,-1
108,34,210.02,587.04,37.50,100.42,0.5889,-1,-1,-1
108,17,1676.62,549.15,31.20,107.11,0.4694,-1,-1,-1
108,39,388.78,559.45,34.26,106.12,0.4565,-1,-1,-1
108,41,342.57,561.79,44.37,141.92,0.5371,-1,-1,-1
108,42,1531.85,523.98,26.18,74.99,0.3922,-1,-1,-1
108,25,0.52,574.33,52.85,148.77,0.4789,-1,-1,-1
109,2,1730.86,628.34,86.07,221.44,0.8076,-1,-1,-1
109,6,45.00,569.34,63.62,160.20,0.4893,-1,-1,-1
109,15,113.41,574.79,57.84,156.60,0.4129,-1,-1,-1
109,32,268.19,566.95,55.36,136.79,0.4146,-1,-1,-1
109,34,200.78,588.44,37.58,104.47,0.5079,-1,-1,-1
109,17,1675.10,549.20,30.51,107.17,0.5373,-1,-1,-1
109,39,381.34,558.72,35.23,111.07,0.4563,-1,-1,-1
109,41,336.26,557.50,42.43,148.67,0.5920,-1,-1,-1
109,42,1527.50,522.94,26.77,74.60,0.3971,-1,-1,-1
109,25,-1.99,574.81,45.65,154.06,0.3691,-1,-1,-1
110,2,1732.28,629.39,86.37,224.93,0.8127,-1,-1,-1
110,6,32.22,567.05,68.18,162.19,0.5921,-1,-1,-1
110,15,103.76,571.96,56.40,158.53,0.5837,-1,-1,-1
110,32,254.83,556.40,58.93,146.90,0.5140,-1,-1,-1
110,34,190.71,587.06,38.75,105.33,0.5302,-1,-1,-1
110,17,1674.02,550.60,28.97,107.72,0.3544,-1,-1,-1
110,39,374.00,557.15,35.11,109.12,0.4486,-1,-1,-1
110,41,326.66,561.75,44.10,143.55,0.6133,-1,-1,-1
110,42,1524.02,523.95,26.46,70.64,0.2786,-1,-1,-1
110,25,-2.23,571.94,35.96,154.60,0.3812,-1,-1,-1
111,2,1733.58,629.58,87.73,227.48,0.8115,-1,-1,-1
111,6,20.96,563.69,71.55,166.88,0.6223,-1,-1,-1
111,15,94.08,568.23,58.85,164.68,0.5886,-1,-1,-1
111,32,247.28,559.49,58.09,145.11,0.4755,-1,-1,-1
111,34,180.99,589.30,38.01,107.13,0.4031,-1,-1,-1
111,17,1670.96,552.37,30.12,106.55,0.2385,-1,-1,-1
111,39,366.37,558.63,36.15,109.14,0.4498,-1,-1,-1
111,41,318.49,571.19,42.43,135.49,0.5317,-1,-1,-1
111,42,1519.91,524.15,26.74,64.91,0.2104,-1,-1,-1
112,2,1734.86,632.26,89.63,228.24,0.8080,-1,-1,-1
112,6,9.35,566.56,76.44,166.06,0.5341,-1,-1,-1
112,15,84.35,572.65,59.56,161.69,0.5701,-1,-1,-1
112,32,238.54,567.49,56.26,138.85,0.5937,-1,-1,-1
112,34,170.83,592.59,36.59,103.58,0.4825,-1,-1,-1
112,39,357.42,559.56,36.87,111.58,0.5559,-1,-1,-1
112,41,307.84,570.88,41.50,138.64,0.5582,-1,-1,-1
113,2,1735.37,634.41,90.58,229.94,0.8039,-1,-1,-1
113,6,1.13,560.84,74.08,173.03,0.5961,-1,-1,-1
113,15,75.43,576.68,57.39,160.36,0.5790,-1,-1,-1
113,32,231.14,575.33,54.22,134.22,0.6197,-1,-1,-1
113,34,161.64,595.31,37.33,103.42,0.5199,-1,-1,-1
113,39,349.59,562.07,36.64,111.61,0.4348,-1,-1,-1
113,41,298.86,572.26,39.38,139.69,0.6007,-1,-1,-1
114,2,1737.52,635.06,90.23,230.99,0.7984,-1,-1,-1
114,6,1.00,571.47,62.79,164.21,0.5476,-1,-1,-1
114,15,63.16,567.92,59.62,169.22,0.6499,-1,-1,-1
114,32,218.75,580.92,55.00,129.35,0.5789,-1,-1,-1
114,34,151.53,597.43,34.87,102.95,0.6192,-1,-1,-1
114,39,341.23,564.54,36.71,109.53,0.5104,-1,-1,-1
114,41,290.23,571.95,41.48,141.17,0.4919,-1,-1,-1
115,2,1739.24,636.50,91.12,231.80,0.7915,-1,-1,-1
115,6,0.93,573.61,54.51,162.31,0.4662,-1,-1,-1
115,15,52.88,565.82,60.02,173.02,0.6516,-1,-1,-1
115,32,202.04,571.44,61.54,139.08,0.5423,-1,-1,-1
115,34,141.66,596.89,36.55,105.24,0.6164,-1,-1,-1
115,39,333.41,564.22,37.82,111.69,0.6417,-1,-1,-1
115,41,280.01,578.87,38.50,136.15,0.5716,-1,-1,-1
116,2,1741.08,636.44,91.70,234.96,0.7989,-1,-1,-1
116,6,-2.16,582.10,51.23,157.94,0.6271,-1,-1,-1
116,15,43.76,571.81,58.28,170.22,0.6052,-1,-1,-1
116,32,195.78,575.68,58.61,140.47,0.5416,-1,-1,-1
116,34,130.57,599.47,35.32,103.81,0.5737,-1,-1,-1
116,39,323.79,567.31,39.13,110.88,0.6120,-1,-1,-1
116,41,270.97,579.91,37.72,137.68,0.4738,-1,-1,-1
117,2,1741.45,638.67,93.75,238.29,0.8085,-1,-1,-1
117,6,-2.42,583.91,43.59,157.38,0.6280,-1,-1,-1
117,15,32.66,573.70,59.38,170.38,0.5951,-1,-1,-1
117,32,186.18,570.58,58.61,145.86,0.4908,-1,-1,-1
117,34,119.26,600.01,36.98,101.59,0.5760,-1,-1,-1
117,39,314.56,566.88,40.61,112.68,0.5427,-1,-1,-1
117,41,259.40,566.10,39.05,152.68,0.6098,-1,-1,-1
118,2,1742.78,637.40,95.80,243.99,0.8036,-1,-1,-1
118,6,-2.25,588.97,33.31,154.85,0.4959,-1,-1,-1
118,15,22.09,577.24,60.22,169.60,0.5140,-1,-1,-1
118,32,179.60,580.75,54.39,139.30,0.5471,-1,-1,-1
118,34,109.76,600.73,37.63,104.91,0.5085,-1,-1,-1
118,39,308.48,561.72,38.66,118.66,0.6467,-1,-1,-1
118,41,249.40,571.17,38.44,151.63,0.6612,-1,-1,-1
119,2,1745.56,639.71,99.19,246.02,0.8215,-1,-1,-1
119,6,-1.49,596.12,21.98,150.14,0.2037,-1,-1,-1
119,15,11.27,572.64,61.60,177.63,0.5951,-1,-1,-1
119,32,169.46,579.35,54.18,144.48,0.4578,-1,-1,-1
119,34,100.10,601.73,35.10,105.56,0.4756,-1,-1,-1
119,39,299.64,563.44,39.70,118.48,0.5508,-1,-1,-1
119,41,239.65,565.41,40.21,159.65,0.6096,-1,-1,-1
119,43,1742.83,566.09,46.92,97.71,0.3530,-1,-1,-1
120,2,1747.87,643.77,103.24,245.56,0.8126,-1,-1,-1
120,15,4.92,565.42,58.00,188.08,0.5784,-1,-1,-1
120,32,158.53,582.82,53.50,143.94,0.6007,-1,-1,-1
120,34,89.55,601.66,34.11,111.08,0.4243,-1,-1,-1
120,39,290.73,561.74,40.00,123.18,0.5785,-1,-1,-1
120,41,226.80,571.38,42.33,157.35,0.6484,-1,-1,-1
120,43,1742.42,558.84,43.97,107.86,0.4102,-1,-1,-1
121,2,1751.44,645.23,104.15,248.33,0.8092,-1,-1,-1
121,15,-0.52,555.48,55.68,197.47,0.5797,-1,-1,-1
121,32,146.88,586.14,56.03,140.59,0.5885,-1,-1,-1
121,34,78.71,601.89,35.88,112.48,0.5915,-1,-1,-1
121,39,286.05,563.19,37.49,120.03,0.6308,-1,-1,-1
121,41,217.64,570.11,43.15,160.92,0.5591,-1,-1,-1
121,43,1741.32,555.31,43.67,113.84,0.4363,-1,-1,-1
122,2,1755.64,646.10,101.99,251.85,0.8083,-1,-1,-1
122,15,-3.44,555.82,48.82,200.03,0.6185,-1,-1,-1
122,32,138.87,592.88,53.55,140.78,0.5101,-1,-1,-1
122,34,67.29,605.16,36.01,110.90,0.4069,-1,-1,-1
122,39,275.48,564.22,40.16,120.60,0.6008,-1,-1,-1
122,41,205.11,573.47,46.90,159.91,0.6580,-1,-1,-1
122,43,1739.98,553.36,42.82,117.33,0.3941,-1,-1,-1
123,2,1760.08,649.72,98.70,254.49,0.8086,-1,-1,-1
123,15,-2.97,568.25,41.49,187.76,0.5678,-1,-1,-1
123,32,128.66,598.77,56.28,139.32,0.4503,-1,-1,-1
123,34,54.89,607.76,37.69,115.13,0.3156,-1,-1,-1
123,39,266.53,559.71,42.11,128.82,0.6607,-1,-1,-1
123,41,194.52,580.91,49.23,154.90,0.5960,-1,-1,-1
123,43,1739.54,554.67,42.11,119.61,0.4080,-1,-1,-1
124,2,1764.31,649.37,98.36,259.50,0.8160,-1,-1,-1
124,15,-2.98,587.88,30.42,170.59,0.4856,-1,-1,-1
124,34,42.62,608.95,37.71,116.70,0.3101,-1,-1,-1
124,39,260.25,567.45,39.36,123.06,0.5866,-1,-1,-1
124,41,184.43,587.77,48.29,150.08,0.6279,-1,-1,-1
124,43,1739.25,555.07,42.39,117.56,0.4155,-1,-1,-1
124,30,97.11,583.22,52.96,151.05,0.4444,-1,-1,-1
125,2,1768.96,648.54,102.03,262.12,0.8160,-1,-1,-1
125,34,31.58,611.34,36.20,114.37,0.4599,-1,-1,-1
125,39,251.31,570.18,39.95,121.25,0.5345,-1,-1,-1
125,41,173.78,590.34,50.97,149.20,0.6423,-1,-1,-1
125,43,1737.10,554.49,42.42,118.72,0.3317,-1,-1,-1
125,30,87.04,580.82,51.73,150.27,0.3180,-1,-1,-1
125,28,0.06,619.15,25.81,103.08,0.3789,-1,-1,-1
126,2,1773.22,650.70,103.76,263.11,0.8114,-1,-1,-1
126,34,20.43,614.43,38.13,113.39,0.4120,-1,-1,-1
126,39,243.05,567.63,39.93,126.30,0.5828,-1,-1,-1
126,41,161.34,595.75,53.56,146.75,0.5843,-1,-1,-1
126,43,1731.55,554.92,42.09,111.55,0.2660,-1,-1,-1
126,30,77.47,584.80,52.38,147.13,0.2776,-1,-1,-1
127,2,1777.39,651.49,104.91,266.19,0.8200,-1,-1,-1
127,34,5.36,621.37,38.46,106.62,0.3591,-1,-1,-1
127,39,235.91,569.98,39.06,126.22,0.5794,-1,-1,-1
127,41,152.76,600.94,51.93,145.09,0.5949,-1,-1,-1
127,43,1728.20,555.91,42.37,108.31,0.3420,-1,-1,-1
127,32,83.23,622.91,58.10,119.40,0.4737,-1,-1,-1
128,2,1780.70,653.65,106.58,267.60,0.8193,-1,-1,-1
128,34,-2.09,621.37,32.15,109.33,0.3408,-1,-1,-1
128,39,225.41,563.19,40.54,133.39,0.6125,-1,-1,-1
128,41,141.53,603.01,54.15,144.49,0.5498,-1,-1,-1
128,43,1726.98,557.20,41.38,107.37,0.4015,-1,-1,-1
128,49,546.70,527.85,32.41,68.72,0.4191,-1,-1,-1
128,32,71.49,623.46,59.13,119.41,0.4675,-1,-1,-1
129,2,1785.41,656.08,110.79,269.47,0.8236,-1,-1,-1
129,34,-3.62,623.46,23.36,109.30,0.3118,-1,-1,-1
129,39,218.27,566.26,39.82,133.29,0.5914,-1,-1,-1
129,41,130.80,600.60,52.23,150.76,0.5154,-1,-1,-1
129,43,1726.47,556.70,39.27,109.05,0.3780,-1,-1,-1
129,49,543.87,528.53,29.29,68.32,0.3434,-1,-1,-1
129,32,63.29,623.16,55.99,122.96,0.3575,-1,-1,-1
130,2,1787.92,657.99,115.09,272.01,0.8219,-1,-1,-1
130,39,209.56,565.59,40.83,135.48,0.5546,-1,-1,-1
130,41,117.27,603.55,58.34,151.10,0.3295,-1,-1,-1
130,43,1724.62,556.64,36.61,114.42,0.3986,-1,-1,-1
130,49,540.41,526.87,25.76,71.84,0.2984,-1,-1,-1
130,32,49.08,622.79,56.91,126.72,0.3906,-1,-1,-1
130,30,29.44,586.63,52.29,158.47,0.4398,-1,-1,-1
131,2,1791.15,659.38,118.08,276.73,0.8319,-1,-1,-1
131,39,200.68,572.29,41.07,129.48,0.4724,-1,-1,-1
131,41,105.40,599.81,51.36,156.61,0.4307,-1,-1,-1
131,43,1717.60,557.18,41.66,118.68,0.4683,-1,-1,-1
131,49,533.93,526.13,28.28,72.32,0.4063,-1,-1,-1
131,32,38.41,626.08,58.66,126.16,0.1906,-1,-1,-1
131,30,14.66,587.83,53.91,153.60,0.4849,-1,-1,-1
132,2,1796.01,661.03,120.32,283.65,0.8652,-1,-1,-1
132,39,191.74,569.76,41.38,133.50,0.6432,-1,-1,-1
132,41,94.45,599.28,47.66,160.55,0.4306,-1,-1,-1
132,43,1714.54,555.54,43.57,120.39,0.4538,-1,-1,-1
132,49,527.91,526.55,28.95,72.33,0.2605,-1,-1,-1
132,32,22.56,629.17,63.42,123.66,0.1640,-1,-1,-1
132,30,2.50,585.51,52.57,159.20,0.5510,-1,-1,-1
133,2,1802.29,663.00,117.55,289.39,0.8824,-1,-1,-1
133,39,182.05,566.67,43.87,136.12,0.5320,-1,-1,-1
133,41,80.31,595.16,49.29,167.72,0.5457,-1,-1,-1
133,43,1712.47,556.83,45.20,120.75,0.4478,-1,-1,-1
133,49,523.72,527.31,30.53,71.87,0.4531,-1,-1,-1
133,32,12.86,629.04,60.89,131.30,0.3583,-1,-1,-1
133,30,-2.79,587.70,45.96,162.31,0.3456,-1,-1,-1
134,2,1807.22,665.03,113.99,294.75,0.8508,-1,-1,-1
134,39,173.42,567.22,42.18,138.31,0.5591,-1,-1,-1
134,41,50.73,580.90,66.55,188.11,0.4959,-1,-1,-1
134,43,1710.16,556.04,46.43,120.79,0.4811,-1,-1,-1
134,49,520.63,529.05,27.20,72.21,0.4260,-1,-1,-1
134,32,1.25,629.36,57.27,136.67,0.4838,-1,-1,-1
135,2,1811.14,665.92,110.24,301.32,0.8147,-1,-1,-1
135,39,165.73,569.83,40.83,138.20,0.5435,-1,-1,-1
135,41,32.43,574.44,74.08,198.22,0.5413,-1,-1,-1
135,43,1705.77,554.75,49.91,120.56,0.5032,-1,-1,-1
135,49,514.97,528.22,28.73,73.60,0.5474,-1,-1,-1
135,32,-3.36,621.09,50.19,146.78,0.5673,-1,-1,-1
136,2,1817.19,669.40,104.16,305.20,0.8375,-1,-1,-1
136,39,157.23,567.60,41.16,140.71,0.3930,-1,-1,-1
136,41,22.25,573.82,75.21,200.86,0.5249,-1,-1,-1
136,43,1701.49,555.79,50.72,116.35,0.4715,-1,-1,-1
136,49,509.24,527.15,28.23,73.91,0.5365,-1,-1,-1
136,32,-4.01,622.14,39.72,146.83,0.6005,-1,-1,-1
137,2,1823.68,677.43,97.88,307.36,0.7742,-1,-1,-1
137,39,148.53,572.94,40.33,137.77,0.4034,-1,-1,-1
137,41,15.82,573.29,70.58,204.60,0.6259,-1,-1,-1
137,43,1699.53,555.66,51.04,115.15,0.5034,-1,-1,-1
137,49,503.51,527.34,29.24,75.47,0.5479,-1,-1,-1
137,32,-3.22,634.60,29.22,137.99,0.4698,-1,-1,-1
138,2,1830.11,679.42,90.98,310.79,0.7835,-1,-1,-1
138,39,140.53,572.17,40.80,139.62,0.4940,-1,-1,-1
138,41,9.45,571.90,64.59,206.09,0.6375,-1,-1,-1
138,43,1697.75,556.12,50.98,113.83,0.4897,-1,-1,-1
138,49,499.76,529.63,29.94,73.40,0.5814,-1,-1,-1
138,52,1570.67,558.09,44.49,105.98,0.5702,-1,-1,-1
139,2,1833.52,680.03,87.33,315.55,0.7701,-1,-1,-1
139,41,2.06,575.43,59.12,203.07,0.6160,-1,-1,-1
139,43,1696.86,556.71,49.71,111.16,0.5073,-1,-1,-1
139,49,495.20,528.09,27.61,72.94,0.4401,-1,-1,-1
139,52,1568.73,554.75,39.65,108.85,0.5947,-1,-1,-1
140,2,1840.07,682.48,80.87,312.76,0.7505,-1,-1,-1
140,41,-2.67,574.89,51.66,210.80,0.6252,-1,-1,-1
140,43,1697.44,553.17,48.04,114.87,0.5277,-1,-1,-1
140,49,490.42,527.09,28.54,73.58,0.4968,-1,-1,-1
140,52,1566.70,550.76,37.21,111.42,0.6625,-1,-1,-1
140,39,122.26,562.71,42.05,152.69,0.3746,-1,-1,-1
141,2,1847.09,680.12,73.79,312.22,0.6799,-1,-1,-1
141,41,-3.80,579.13,41.44,208.72,0.5907,-1,-1,-1
141,43,1698.65,551.72,45.44,115.98,0.4524,-1,-1,-1
141,49,485.48,527.76,27.71,73.90,0.5268,-1,-1,-1
141,52,1563.40,549.75,38.21,111.66,0.7275,-1,-1,-1
142,2,1854.31,693.10,66.57,300.21,0.6423,-1,-1,-1
142,43,1700.93,554.74,41.88,114.77,0.4370,-1,-1,-1
142,49,480.82,527.33,28.43,75.22,0.4995,-1,-1,-1
142,52,1560.35,551.14,40.05,108.56,0.6806,-1,-1,-1
142,53,399.60,531.11,26.09,64.44,0.3643,-1,-1,-1
143,2,1860.22,703.43,59.75,297.16,0.5927,-1,-1,-1
143,43,1699.45,561.01,40.81,110.06,0.3686,-1,-1,-1
143,49,476.57,526.83,30.74,73.96,0.5369,-1,-1,-1
143,52,1556.93,553.32,40.26,109.26,0.5899,-1,-1,-1
143,53,394.69,530.08,25.31,63.52,0.2226,-1,-1,-1
144,2,1866.63,715.00,53.39,263.80,0.4746,-1,-1,-1
144,43,1696.85,566.40,41.88,107.76,0.4585,-1,-1,-1
144,49,473.23,527.54,28.43,75.01,0.5946,-1,-1,-1
144,52,1554.33,556.12,38.08,109.42,0.7093,-1,-1,-1
144,53,385.84,529.32,27.76,66.01,0.2881,-1,-1,-1
145,2,1873.70,730.67,45.60,237.84,0.2559,-1,-1,-1
145,43,1694.28,570.16,42.41,107.09,0.6018,-1,-1,-1
145,49,467.94,527.12,28.53,74.21,0.5255,-1,-1,-1
145,52,1549.13,557.73,37.33,108.19,0.6957,-1,-1,-1
145,53,381.51,528.98,28.13,65.38,0.4090,-1,-1,-1
146,43,1693.35,573.09,42.62,102.37,0.6214,-1,-1,-1
146,49,463.67,526.13,27.99,74.67,0.5848,-1,-1,-1
146,52,1545.34,555.98,38.50,110.32,0.6497,-1,-1,-1
146,53,378.81,529.27,27.01,64.62,0.4055,-1,-1,-1
147,43,1691.39,574.58,41.57,103.26,0.5343,-1,-1,-1
147,49,457.19,526.67,29.25,75.71,0.5244,-1,-1,-1
147,52,1540.74,557.47,39.13,109.72,0.6766,-1,-1,-1
147,53,372.26,530.76,28.05,65.28,0.3213,-1,-1,-1
148,43,1684.80,571.35,45.81,105.39,0.4709,-1,-1,-1
148,49,452.73,528.86,29.98,74.26,0.5903,-1,-1,-1
148,52,1532.19,555.16,44.67,112.65,0.6901,-1,-1,-1
148,53,363.87,529.68,28.87,66.64,0.3125,-1,-1,-1
149,43,1681.04,570.53,44.23,105.39,0.6105,-1,-1,-1
149,49,447.96,529.35,29.15,74.89,0.5575,-1,-1,-1
149,52,1520.73,554.25,52.78,113.62,0.6863,-1,-1,-1
149,53,357.96,529.85,30.36,67.74,0.3715,-1,-1,-1
150,43,1679.36,567.37,43.03,106.99,0.6682,-1,-1,-1
150,49,442.76,528.57,29.81,76.43,0.5841,-1,-1,-1
150,52,1512.87,558.03,58.21,109.69,0.7187,-1,-1,-1
150,53,355.11,530.16,28.60,68.07,0.4075,-1,-1,-1
