1,9,271.11,589.93,43.95,138.37,0.3006,-1,-1,-1
1,8,1445.57,498.45,30.43,85.98,0.3132,-1,-1,-1
1,7,539.67,551.47,32.50,88.89,0.3133,-1,-1,-1
1,6,500.83,551.07,35.87,89.52,0.3594,-1,-1,-1
1,5,121.73,708.25,52.92,96.51,0.4100,-1,-1,-1
1,4,1526.19,561.34,46.58,112.37,0.4233,-1,-1,-1
1,3,1609.11,558.15,56.10,115.71,0.6023,-1,-1,-1
1,2,1370.39,514.35,33.77,100.00,0.6447,-1,-1,-1
1,1,0.61,675.52,50.94,207.58,0.7037,-1,-1,-1
2,8,1448.77,491.21,31.32,91.43,0.3898,-1,-1,-1
2,6,500.42,535.44,39.07,95.21,0.3221,-1,-1,-1
2,5,108.67,699.63,50.34,95.50,0.5526,-1,-1,-1
2,4,1531.86,558.61,48.57,115.67,0.5625,-1,-1,-1
2,3,1615.31,549.22,60.78,124.59,0.6602,-1,-1,-1
2,2,1372.12,513.56,33.62,101.20,0.6425,-1,-1,-1
2,1,0.11,660.76,40.31,213.30,0.6570,-1,-1,-1
3,10,171.29,584.44,48.51,157.08,0.4275,-1,-1,-1
3,8,1451.04,486.24,32.28,92.65,0.3185,-1,-1,-1
3,6,500.53,550.75,36.65,92.26,0.3648,-1,-1,-1
3,5,105.74,724.24,44.04,97.58,0.5264,-1,-1,-1
3,4,1537.90,552.04,49.02,118.23,0.6498,-1,-1,-1
3,3,1620.00,548.64,63.03,120.07,0.6539,-1,-1,-1
3,2,1373.72,507.41,37.77,106.60,0.5891,-1,-1,-1
3,1,0.07,692.74,33.68,211.35,0.6504,-1,-1,-1
4,8,1458.01,485.70,27.64,89.77,0.4457,-1,-1,-1
4,7,537.58,545.62,33.92,97.04,0.3706,-1,-1,-1
4,6,499.12,547.17,36.65,93.68,0.4333,-1,-1,-1
4,5,92.42,722.39,43.70,101.12,0.5896,-1,-1,-1
4,4,1549.33,552.54,43.06,120.98,0.6529,-1,-1,-1
4,3,1629.87,547.48,62.64,126.21,0.7595,-1,-1,-1
4,2,1379.97,505.78,36.09,108.98,0.7124,-1,-1,-1
4,1,0.08,706.15,23.77,156.74,0.3936,-1,-1,-1
5,12,1499.98,514.96,23.78,75.86,0.3295,-1,-1,-1
5,8,1459.88,497.25,27.66,86.03,0.5460,-1,-1,-1
5,6,495.81,539.75,33.97,96.80,0.4487,-1,-1,-1
5,5,76.77,715.44,44.94,103.45,0.5019,-1,-1,-1
5,4,1549.91,561.49,51.48,121.53,0.3998,-1,-1,-1
5,3,1636.25,564.91,62.20,122.44,0.6361,-1,-1,-1
5,2,1384.76,515.87,33.97,110.19,0.7115,-1,-1,-1
6,12,1506.90,533.61,24.39,68.87,0.3128,-1,-1,-1
6,10,142.46,580.79,55.34,164.54,0.4572,-1,-1,-1
6,9,240.16,610.63,43.96,137.01,0.3710,-1,-1,-1
6,8,1463.82,505.59,26.52,88.36,0.5390,-1,-1,-1
6,6,498.36,552.07,37.94,98.98,0.4641,-1,-1,-1
6,5,66.60,731.51,41.75,105.11,0.4842,-1,-1,-1
6,3,1642.80,573.65,65.96,124.47,0.7573,-1,-1,-1
6,2,1391.91,527.52,30.40,106.88,0.6359,-1,-1,-1
7,10,132.36,582.30,58.69,163.23,0.3909,-1,-1,-1
7,8,1465.97,498.67,27.04,90.35,0.4664,-1,-1,-1
7,7,536.63,545.30,31.34,100.33,0.3376,-1,-1,-1
7,6,493.87,539.83,36.80,104.31,0.3786,-1,-1,-1
7,5,51.26,733.34,42.21,109.02,0.3332,-1,-1,-1
7,4,1563.18,567.11,54.85,126.61,0.5744,-1,-1,-1
7,3,1651.03,570.52,64.85,129.24,0.7406,-1,-1,-1
7,2,1392.05,517.65,32.53,111.80,0.5820,-1,-1,-1
8,12,1510.88,514.68,28.00,91.49,0.4032,-1,-1,-1
8,9,225.47,612.99,45.93,139.02,0.3806,-1,-1,-1
8,8,1467.01,509.32,31.95,87.56,0.5230,-1,-1,-1
8,7,533.56,540.46,34.38,111.67,0.3144,-1,-1,-1
8,6,493.07,548.97,35.67,101.29,0.3599,-1,-1,-1
8,5,34.09,741.42,44.79,108.18,0.4952,-1,-1,-1
8,4,1570.44,581.07,50.88,122.50,0.5488,-1,-1,-1
8,3,1658.19,576.15,66.36,130.12,0.6627,-1,-1,-1
8,2,1394.49,532.52,34.12,107.30,0.6718,-1,-1,-1
9,13,677.87,525.06,28.17,79.75,0.3204,-1,-1,-1
9,12,1514.28,522.49,29.15,85.23,0.3444,-1,-1,-1
9,9,219.53,614.01,41.58,135.88,0.4330,-1,-1,-1
9,8,1468.97,512.30,32.21,88.24,0.4327,-1,-1,-1
9,6,490.74,551.16,36.02,96.81,0.3189,-1,-1,-1
9,5,15.80,736.45,48.16,116.66,0.6126,-1,-1,-1
9,4,1577.00,588.48,50.48,123.48,0.5052,-1,-1,-1
9,3,1663.69,583.26,66.19,132.51,0.6920,-1,-1,-1
9,2,1396.96,533.43,35.28,106.50,0.6747,-1,-1,-1
10,9,209.69,613.03,42.43,132.16,0.5095,-1,-1,-1
10,8,1472.37,523.49,29.81,87.23,0.3215,-1,-1,-1
10,7,529.13,552.96,28.59,90.20,0.3903,-1,-1,-1
10,6,489.46,543.46,35.98,99.23,0.4576,-1,-1,-1
10,5,0.37,728.42,48.84,115.21,0.6397,-1,-1,-1
10,4,1582.44,603.88,49.97,122.20,0.6845,-1,-1,-1
10,3,1669.49,602.56,64.69,126.73,0.7865,-1,-1,-1
10,2,1398.14,541.68,36.53,106.56,0.6591,-1,-1,-1
11,10,84.57,589.29,59.34,170.89,0.3530,-1,-1,-1
11,9,201.00,611.42,44.87,145.28,0.4303,-1,-1,-1
11,8,1471.96,511.28,32.91,86.94,0.3871,-1,-1,-1
11,5,0.15,749.03,37.89,120.50,0.4077,-1,-1,-1
11,4,1589.26,586.20,51.23,127.21,0.6553,-1,-1,-1
11,3,1679.77,576.46,64.88,136.01,0.7657,-1,-1,-1
11,2,1401.01,530.78,36.44,107.05,0.6749,-1,-1,-1
12,10,77.69,591.73,56.89,166.51,0.3983,-1,-1,-1
12,9,191.91,606.64,47.49,151.94,0.5128,-1,-1,-1
12,8,1474.72,513.86,37.91,90.50,0.3874,-1,-1,-1
12,4,1596.75,591.87,53.50,128.74,0.7065,-1,-1,-1
12,3,1687.83,589.94,64.44,132.19,0.7709,-1,-1,-1
12,2,1403.09,532.01,37.63,110.95,0.6856,-1,-1,-1
13,9,173.30,578.41,55.65,168.70,0.5474,-1,-1,-1
13,8,1475.37,511.46,40.59,91.27,0.4241,-1,-1,-1
13,4,1599.27,594.85,57.04,126.17,0.6664,-1,-1,-1
13,3,1693.52,590.72,64.62,131.32,0.7226,-1,-1,-1
13,2,1408.19,530.10,35.10,104.30,0.7171,-1,-1,-1
14,10,53.52,584.17,56.22,176.51,0.3519,-1,-1,-1
14,9,168.97,600.56,50.18,162.90,0.3145,-1,-1,-1
14,7,518.17,545.40,34.16,101.76,0.3135,-1,-1,-1
14,6,480.39,550.93,32.87,96.17,0.3018,-1,-1,-1
14,4,1611.86,584.95,54.57,129.96,0.6282,-1,-1,-1
14,3,1702.66,582.22,61.84,133.58,0.6837,-1,-1,-1
14,2,1408.28,529.21,35.81,102.28,0.6684,-1,-1,-1
15,12,1533.67,517.33,32.17,92.03,0.3168,-1,-1,-1
15,7,518.81,537.56,34.73,106.32,0.3996,-1,-1,-1
15,6,479.93,548.56,34.01,96.10,0.3125,-1,-1,-1
15,4,1620.31,592.43,52.09,129.50,0.7189,-1,-1,-1
15,3,1711.40,584.63,61.95,138.68,0.7500,-1,-1,-1
15,2,1412.29,531.89,35.81,106.70,0.5294,-1,-1,-1
16,10,33.49,583.88,54.48,175.32,0.4577,-1,-1,-1
16,9,143.42,603.22,50.92,160.08,0.3296,-1,-1,-1
16,7,516.13,536.71,36.19,106.15,0.4636,-1,-1,-1
16,6,478.15,540.75,34.45,102.63,0.3862,-1,-1,-1
16,4,1626.73,593.78,55.98,130.45,0.6976,-1,-1,-1
16,3,1716.51,592.27,60.51,135.49,0.7422,-1,-1,-1
16,2,1416.97,533.20,34.21,104.61,0.5458,-1,-1,-1
17,12,1546.78,533.78,23.10,78.01,0.3270,-1,-1,-1
17,10,20.12,587.69,53.20,182.06,0.3848,-1,-1,-1
17,9,132.97,602.52,47.53,170.70,0.4308,-1,-1,-1
17,7,513.91,539.93,38.39,106.99,0.4907,-1,-1,-1
17,6,476.24,543.75,35.94,102.69,0.5147,-1,-1,-1
17,4,1635.52,588.24,53.83,134.90,0.6952,-1,-1,-1
17,3,1723.81,589.51,62.24,139.30,0.7096,-1,-1,-1
17,2,1418.32,533.06,37.60,108.70,0.6035,-1,-1,-1
18,10,8.26,589.49,54.33,186.25,0.3945,-1,-1,-1
18,7,513.83,540.93,37.79,106.07,0.5021,-1,-1,-1
18,6,474.69,541.06,38.44,105.06,0.5551,-1,-1,-1
18,4,1644.66,591.25,54.22,134.92,0.6255,-1,-1,-1
18,3,1733.64,594.34,60.99,137.25,0.7042,-1,-1,-1
18,2,1420.40,533.34,37.18,109.01,0.6993,-1,-1,-1
19,10,0.81,587.63,48.94,185.73,0.3763,-1,-1,-1
19,7,511.52,539.94,39.63,107.90,0.5126,-1,-1,-1
19,6,473.42,540.14,37.78,106.28,0.5131,-1,-1,-1
19,4,1651.69,592.34,54.77,135.09,0.4434,-1,-1,-1
19,3,1742.27,594.92,63.30,139.12,0.7481,-1,-1,-1
19,2,1422.76,534.35,38.04,107.73,0.7342,-1,-1,-1
20,10,0.20,596.16,37.53,184.21,0.4794,-1,-1,-1
20,7,507.65,535.98,41.25,115.84,0.4847,-1,-1,-1
20,6,471.34,544.92,37.35,106.73,0.4014,-1,-1,-1
20,4,1660.02,593.98,51.58,134.92,0.6052,-1,-1,-1
20,3,1750.85,596.79,62.55,139.79,0.7429,-1,-1,-1
20,2,1424.38,534.64,38.57,106.04,0.7477,-1,-1,-1
21,10,0.09,618.54,24.79,163.13,0.3771,-1,-1,-1
21,7,507.02,539.60,39.31,113.21,0.5237,-1,-1,-1
21,6,468.42,550.41,34.54,100.10,0.4583,-1,-1,-1
21,4,1667.06,596.89,55.28,137.48,0.6871,-1,-1,-1
21,3,1758.66,597.24,62.88,140.47,0.7462,-1,-1,-1
21,2,1426.04,532.25,40.34,112.50,0.6908,-1,-1,-1
22,7,504.75,544.57,36.83,111.01,0.5124,-1,-1,-1
22,6,465.48,550.84,36.61,103.80,0.5558,-1,-1,-1
22,4,1675.01,597.81,54.23,141.21,0.6264,-1,-1,-1
22,3,1772.61,602.05,59.62,137.80,0.7483,-1,-1,-1
22,2,1430.06,538.49,39.90,102.02,0.6691,-1,-1,-1
23,7,499.04,548.48,42.24,108.02,0.5497,-1,-1,-1
23,6,465.84,548.93,33.98,106.48,0.4278,-1,-1,-1
23,4,1680.75,600.50,56.52,143.15,0.7254,-1,-1,-1
23,3,1778.97,599.70,63.42,146.17,0.7717,-1,-1,-1
23,2,1430.82,538.49,40.23,110.12,0.6631,-1,-1,-1
24,14,665.65,532.24,25.62,77.02,0.3691,-1,-1,-1
24,7,496.48,552.97,37.67,105.50,0.4579,-1,-1,-1
24,6,460.41,549.29,42.49,108.97,0.4739,-1,-1,-1
24,4,1686.75,601.49,58.97,142.91,0.7311,-1,-1,-1
24,3,1789.08,592.92,65.43,152.34,0.7111,-1,-1,-1
24,2,1436.56,529.59,38.02,116.59,0.6539,-1,-1,-1
25,7,496.98,552.19,38.82,109.41,0.4673,-1,-1,-1
25,6,458.01,546.09,44.55,115.38,0.4381,-1,-1,-1
25,4,1696.12,607.36,55.76,148.72,0.7278,-1,-1,-1
25,3,1797.45,604.47,67.73,147.15,0.7095,-1,-1,-1
25,2,1437.82,535.13,41.12,121.54,0.6621,-1,-1,-1
26,15,1530.53,519.06,27.58,86.08,0.4781,-1,-1,-1
26,14,664.17,534.64,27.30,79.60,0.4047,-1,-1,-1
26,7,495.10,548.70,40.78,114.94,0.5505,-1,-1,-1
26,6,456.98,550.07,41.50,112.70,0.5107,-1,-1,-1
26,4,1704.13,611.76,59.42,149.69,0.7248,-1,-1,-1
26,3,1807.30,608.09,69.18,146.17,0.5900,-1,-1,-1
26,2,1439.79,538.63,44.31,118.57,0.7230,-1,-1,-1
27,15,1530.60,520.70,32.77,86.21,0.6918,-1,-1,-1
27,7,493.79,562.96,39.66,103.45,0.6101,-1,-1,-1
27,6,452.95,558.17,42.77,108.76,0.3937,-1,-1,-1
27,4,1710.99,615.99,59.82,148.61,0.6736,-1,-1,-1
27,3,1813.74,611.87,75.09,151.08,0.6523,-1,-1,-1
27,2,1444.03,542.38,40.86,113.15,0.7473,-1,-1,-1
28,15,1534.06,525.98,33.91,83.31,0.5366,-1,-1,-1
28,7,491.17,565.32,39.42,102.58,0.5865,-1,-1,-1
28,6,450.15,558.85,41.35,108.84,0.3524,-1,-1,-1
28,4,1718.24,616.91,60.14,152.37,0.6737,-1,-1,-1
28,3,1822.63,610.66,74.83,157.54,0.7715,-1,-1,-1
28,2,1447.00,546.11,45.75,110.27,0.7280,-1,-1,-1
29,15,1536.02,525.54,33.83,91.39,0.5617,-1,-1,-1
29,7,491.11,569.32,37.90,98.44,0.5287,-1,-1,-1
29,6,448.68,564.12,40.84,103.86,0.4895,-1,-1,-1
29,4,1725.79,622.87,60.56,160.73,0.7233,-1,-1,-1
29,3,1829.69,620.37,75.59,159.82,0.6925,-1,-1,-1
29,2,1452.27,550.98,39.19,109.82,0.7081,-1,-1,-1
30,15,1539.05,525.20,34.10,91.86,0.5648,-1,-1,-1
30,7,488.82,574.84,38.73,102.75,0.5004,-1,-1,-1
30,6,443.59,565.78,43.38,111.78,0.6151,-1,-1,-1
30,4,1739.23,624.43,58.93,159.43,0.7528,-1,-1,-1
30,3,1835.97,621.43,79.21,149.93,0.6343,-1,-1,-1
30,2,1454.22,550.14,42.12,111.98,0.6417,-1,-1,-1
31,15,1543.15,525.16,32.95,97.71,0.4866,-1,-1,-1
31,7,488.49,578.11,37.93,112.07,0.4165,-1,-1,-1
31,6,443.23,579.66,39.64,109.63,0.5757,-1,-1,-1
31,4,1750.28,628.69,57.96,153.65,0.5785,-1,-1,-1
31,3,1852.60,627.65,66.82,149.65,0.6390,-1,-1,-1
31,2,1457.03,551.29,42.05,121.93,0.6285,-1,-1,-1
32,15,1546.54,530.32,33.38,90.83,0.5976,-1,-1,-1
32,14,658.83,556.17,29.98,74.96,0.3551,-1,-1,-1
32,7,486.77,573.75,39.09,108.26,0.5267,-1,-1,-1
32,6,441.29,573.10,41.39,107.23,0.5729,-1,-1,-1
32,4,1757.76,632.20,60.85,154.95,0.6769,-1,-1,-1
32,3,1858.97,635.56,60.42,161.79,0.6872,-1,-1,-1
32,2,1461.68,557.43,39.27,119.26,0.6370,-1,-1,-1
33,15,1549.86,518.52,33.25,90.09,0.6533,-1,-1,-1
33,14,651.89,544.56,33.71,80.00,0.3181,-1,-1,-1
33,7,484.04,569.11,37.08,107.61,0.4873,-1,-1,-1
33,6,439.61,563.96,39.26,109.08,0.5151,-1,-1,-1
33,4,1767.82,620.39,60.13,152.14,0.6461,-1,-1,-1
33,3,1870.46,621.37,48.86,170.39,0.6662,-1,-1,-1
33,2,1464.66,541.84,42.73,125.91,0.7429,-1,-1,-1
34,15,1553.61,518.48,32.22,93.38,0.5972,-1,-1,-1
34,7,480.09,566.33,39.23,114.35,0.5207,-1,-1,-1
34,6,436.76,573.75,39.33,103.68,0.4813,-1,-1,-1
34,4,1774.56,620.56,65.19,157.35,0.7453,-1,-1,-1
34,3,1881.33,635.88,37.78,142.70,0.5550,-1,-1,-1
34,2,1469.10,545.19,41.40,124.55,0.7610,-1,-1,-1
35,15,1560.74,516.18,30.85,92.41,0.5334,-1,-1,-1
35,7,477.93,560.39,38.88,110.78,0.3760,-1,-1,-1
35,6,435.14,566.06,39.96,103.00,0.4298,-1,-1,-1
35,4,1784.78,622.24,66.95,158.16,0.6379,-1,-1,-1
35,2,1470.65,539.34,45.91,125.89,0.7299,-1,-1,-1
36,15,1565.22,516.09,30.53,90.57,0.3399,-1,-1,-1
36,7,474.84,550.13,39.18,119.33,0.3022,-1,-1,-1
36,6,431.91,561.09,41.72,105.64,0.3527,-1,-1,-1
36,4,1793.41,617.91,70.28,168.40,0.7064,-1,-1,-1
36,2,1477.34,536.42,43.06,129.54,0.7514,-1,-1,-1
37,15,1570.62,514.61,32.76,92.03,0.4271,-1,-1,-1
37,7,469.14,538.70,43.25,126.88,0.4701,-1,-1,-1
37,6,429.13,552.28,38.45,111.43,0.3535,-1,-1,-1
37,4,1800.22,622.30,76.21,169.47,0.7729,-1,-1,-1
37,2,1481.07,538.33,41.52,126.17,0.7195,-1,-1,-1
38,15,1575.42,502.91,30.86,97.71,0.4790,-1,-1,-1
38,7,466.50,540.74,44.42,124.61,0.5374,-1,-1,-1
38,6,426.25,549.75,39.48,116.06,0.4980,-1,-1,-1
38,4,1809.37,616.79,77.90,178.28,0.7811,-1,-1,-1
38,2,1485.15,532.98,40.65,130.24,0.7105,-1,-1,-1
39,15,1581.05,507.67,33.93,96.84,0.5142,-1,-1,-1
39,7,465.25,529.21,43.55,127.90,0.4775,-1,-1,-1
39,6,423.03,542.02,39.46,115.12,0.4522,-1,-1,-1
39,4,1822.49,630.04,75.62,173.43,0.7505,-1,-1,-1
39,2,1488.04,538.89,43.04,127.12,0.7030,-1,-1,-1
40,15,1582.61,500.03,36.32,104.36,0.3280,-1,-1,-1
40,7,465.73,539.53,42.81,121.95,0.4696,-1,-1,-1
40,6,420.48,540.68,39.08,121.52,0.3850,-1,-1,-1
40,4,1834.76,626.71,74.45,177.98,0.7794,-1,-1,-1
40,2,1492.24,536.57,41.32,126.40,0.7111,-1,-1,-1
41,15,1589.62,502.33,39.28,106.13,0.4960,-1,-1,-1
41,7,463.23,538.32,44.86,120.80,0.4696,-1,-1,-1
41,6,419.52,534.85,40.50,125.08,0.4087,-1,-1,-1
41,4,1845.64,633.22,73.69,179.87,0.7577,-1,-1,-1
41,2,1495.33,547.61,44.10,118.87,0.6972,-1,-1,-1
42,15,1594.76,508.19,34.31,100.44,0.5748,-1,-1,-1
42,14,646.65,521.56,33.21,91.23,0.3100,-1,-1,-1
42,7,462.01,545.80,46.55,116.54,0.4622,-1,-1,-1
42,6,418.67,536.42,43.96,127.60,0.5487,-1,-1,-1
42,4,1857.98,638.38,61.38,179.88,0.6916,-1,-1,-1
42,2,1501.29,548.04,43.05,120.45,0.6868,-1,-1,-1
43,16,502.47,529.01,33.95,89.52,0.3720,-1,-1,-1
43,15,1596.91,511.87,33.68,97.35,0.5064,-1,-1,-1
43,7,456.83,530.07,47.57,135.28,0.4131,-1,-1,-1
43,6,415.19,535.95,45.72,130.77,0.5425,-1,-1,-1
43,4,1870.96,644.74,48.31,169.47,0.6621,-1,-1,-1
43,2,1506.18,548.96,42.44,122.87,0.6678,-1,-1,-1
44,15,1599.92,510.40,38.55,101.34,0.5301,-1,-1,-1
44,7,451.39,531.33,49.73,137.84,0.4002,-1,-1,-1
44,6,416.56,535.04,43.98,133.26,0.3814,-1,-1,-1
44,4,1882.12,651.46,37.19,166.14,0.6409,-1,-1,-1
44,2,1511.86,552.95,42.54,120.33,0.6220,-1,-1,-1
45,15,1603.82,514.22,40.64,101.88,0.5885,-1,-1,-1
45,7,451.32,532.37,47.96,134.58,0.3258,-1,-1,-1
45,6,416.28,535.04,41.86,131.15,0.3758,-1,-1,-1
45,4,1892.81,674.73,26.50,158.38,0.4757,-1,-1,-1
45,2,1515.49,555.95,44.35,130.16,0.7575,-1,-1,-1
46,15,1608.87,515.82,39.54,100.48,0.5480,-1,-1,-1
46,7,449.13,534.15,46.84,136.80,0.3441,-1,-1,-1
46,6,406.38,540.76,48.57,126.10,0.3123,-1,-1,-1
46,2,1520.13,554.01,42.54,135.26,0.7570,-1,-1,-1
47,16,492.02,515.16,37.08,104.67,0.3365,-1,-1,-1
47,15,1619.52,528.46,33.81,91.86,0.5303,-1,-1,-1
47,14,640.95,531.15,31.16,87.18,0.3538,-1,-1,-1
47,7,449.73,539.35,43.57,130.93,0.3277,-1,-1,-1
47,2,1525.16,559.41,43.55,131.12,0.7205,-1,-1,-1
48,16,490.81,530.91,34.82,92.09,0.3159,-1,-1,-1
48,15,1622.04,528.29,31.79,91.71,0.6493,-1,-1,-1
48,7,448.66,544.55,45.07,131.11,0.3629,-1,-1,-1
48,6,403.14,535.95,47.57,135.59,0.3399,-1,-1,-1
48,2,1528.80,560.00,45.12,133.57,0.7090,-1,-1,-1
49,17,572.39,534.15,28.42,92.23,0.3077,-1,-1,-1
49,15,1625.94,533.10,31.44,90.80,0.7157,-1,-1,-1
49,7,446.12,551.26,43.90,125.66,0.5423,-1,-1,-1
49,6,397.40,557.38,43.59,117.63,0.4164,-1,-1,-1
49,2,1533.65,558.55,44.90,136.55,0.7107,-1,-1,-1
50,17,569.43,533.02,31.14,93.64,0.3224,-1,-1,-1
50,15,1632.11,530.37,27.79,90.29,0.4166,-1,-1,-1
50,7,444.61,560.31,43.03,116.53,0.5618,-1,-1,-1
50,6,397.06,555.07,43.67,117.74,0.3637,-1,-1,-1
50,2,1538.21,557.20,46.01,137.62,0.6966,-1,-1,-1
51,19,337.26,562.49,37.71,111.10,0.4036,-1,-1,-1
51,15,1637.46,533.78,29.86,89.71,0.6433,-1,-1,-1
51,7,442.09,567.65,43.01,108.74,0.5522,-1,-1,-1
51,6,396.86,550.23,44.21,121.08,0.4896,-1,-1,-1
51,2,1542.42,561.54,46.48,137.43,0.6992,-1,-1,-1
52,19,335.75,561.54,36.73,112.76,0.5025,-1,-1,-1
52,15,1640.04,532.10,30.43,91.43,0.5623,-1,-1,-1
52,14,635.95,538.11,31.96,88.39,0.4136,-1,-1,-1
52,7,441.93,568.79,40.77,109.43,0.5690,-1,-1,-1
52,6,395.26,551.43,45.90,123.86,0.5372,-1,-1,-1
52,2,1546.53,557.50,50.72,149.19,0.7092,-1,-1,-1
53,19,329.24,557.43,41.20,119.65,0.4316,-1,-1,-1
53,15,1644.22,533.54,30.29,89.41,0.5337,-1,-1,-1
53,14,636.42,536.27,30.65,90.73,0.4406,-1,-1,-1
53,7,438.93,565.22,44.68,115.16,0.5363,-1,-1,-1
53,6,392.11,550.37,45.94,127.80,0.5311,-1,-1,-1
53,2,1550.68,556.15,51.73,152.55,0.6876,-1,-1,-1
54,19,327.91,562.56,41.31,111.10,0.5001,-1,-1,-1
54,17,553.43,533.36,34.79,95.42,0.3110,-1,-1,-1
54,15,1648.70,534.30,30.44,89.47,0.5927,-1,-1,-1
54,14,635.66,534.78,31.50,90.79,0.3953,-1,-1,-1
54,7,436.05,567.33,44.61,113.27,0.5620,-1,-1,-1
54,6,387.59,548.22,45.46,129.82,0.5157,-1,-1,-1
54,2,1553.16,557.08,52.65,153.62,0.7243,-1,-1,-1
55,19,325.73,558.78,43.14,114.09,0.4942,-1,-1,-1
55,15,1653.61,532.76,32.73,92.44,0.6041,-1,-1,-1
55,14,635.96,535.76,30.12,90.42,0.3400,-1,-1,-1
55,7,434.60,561.81,44.60,119.53,0.4615,-1,-1,-1
55,6,383.97,542.97,46.05,135.20,0.5710,-1,-1,-1
55,2,1558.12,553.15,52.43,158.56,0.7489,-1,-1,-1
56,19,320.44,557.36,45.97,116.32,0.5542,-1,-1,-1
56,17,551.96,533.09,30.38,97.68,0.3292,-1,-1,-1
56,15,1656.78,524.12,36.64,102.15,0.7227,-1,-1,-1
56,14,632.56,535.97,26.42,92.75,0.3524,-1,-1,-1
56,7,430.76,562.77,43.12,119.04,0.3546,-1,-1,-1
56,6,382.98,551.76,43.40,126.32,0.5221,-1,-1,-1
56,2,1563.19,553.71,51.60,156.13,0.7373,-1,-1,-1
57,19,314.55,556.54,45.77,118.45,0.4610,-1,-1,-1
57,17,550.01,532.23,31.39,98.74,0.3742,-1,-1,-1
57,15,1658.33,519.88,37.24,104.70,0.7179,-1,-1,-1
57,14,630.73,536.36,27.95,92.59,0.3481,-1,-1,-1
57,7,425.74,560.76,44.04,119.90,0.4543,-1,-1,-1
57,6,380.06,551.17,43.69,127.45,0.5247,-1,-1,-1
57,2,1567.67,552.03,53.30,156.80,0.7168,-1,-1,-1
58,19,309.36,554.24,47.45,116.54,0.4667,-1,-1,-1
58,17,545.75,533.12,32.07,95.88,0.3047,-1,-1,-1
58,15,1661.05,513.41,37.06,108.66,0.6824,-1,-1,-1
58,14,631.27,536.51,27.36,90.53,0.3272,-1,-1,-1
58,7,421.10,558.67,45.10,120.85,0.4634,-1,-1,-1
58,6,377.15,546.79,43.17,130.47,0.5754,-1,-1,-1
58,2,1571.69,558.08,52.81,150.56,0.6330,-1,-1,-1
59,19,306.47,550.72,47.25,121.48,0.4357,-1,-1,-1
59,15,1663.85,509.63,41.46,112.21,0.6578,-1,-1,-1
59,14,626.81,535.75,29.05,90.14,0.3698,-1,-1,-1
59,7,418.18,561.00,45.83,117.07,0.4145,-1,-1,-1
59,6,373.94,543.38,41.51,132.11,0.5620,-1,-1,-1
59,2,1578.78,564.26,49.92,145.93,0.6308,-1,-1,-1
60,19,303.47,555.79,47.28,115.62,0.3951,-1,-1,-1
60,15,1664.97,510.91,42.16,110.49,0.7210,-1,-1,-1
60,7,416.64,564.21,47.77,114.11,0.3870,-1,-1,-1
60,6,369.21,547.45,41.02,128.10,0.5510,-1,-1,-1
60,2,1581.58,559.42,51.48,151.93,0.6268,-1,-1,-1
61,19,299.82,559.23,49.40,113.97,0.4345,-1,-1,-1
61,15,1665.80,509.63,44.90,106.64,0.7169,-1,-1,-1
61,7,415.38,560.58,47.68,118.88,0.4222,-1,-1,-1
61,6,365.48,549.68,45.15,127.83,0.4771,-1,-1,-1
61,2,1585.41,547.41,52.66,159.09,0.6205,-1,-1,-1
62,19,296.53,551.32,48.99,115.31,0.4384,-1,-1,-1
62,15,1671.41,520.18,44.23,102.32,0.5488,-1,-1,-1
62,14,622.93,530.70,27.14,94.26,0.3752,-1,-1,-1
62,7,413.11,549.98,42.67,127.53,0.3490,-1,-1,-1
62,6,360.80,541.61,47.33,131.44,0.4603,-1,-1,-1
62,2,1589.87,556.20,54.34,155.15,0.7001,-1,-1,-1
63,19,294.97,571.95,46.40,116.11,0.4958,-1,-1,-1
63,15,1681.28,514.86,37.04,93.04,0.5719,-1,-1,-1
63,7,412.62,572.02,45.06,118.74,0.3700,-1,-1,-1
63,6,360.71,564.10,43.57,127.90,0.4003,-1,-1,-1
63,2,1597.11,544.11,53.04,155.30,0.6411,-1,-1,-1
64,19,291.87,549.93,45.59,118.00,0.4852,-1,-1,-1
64,15,1688.81,530.70,33.62,93.95,0.6374,-1,-1,-1
64,14,621.74,530.54,25.80,95.63,0.3509,-1,-1,-1
64,7,402.97,545.56,46.21,130.44,0.3328,-1,-1,-1
64,6,357.29,538.72,45.63,135.81,0.4848,-1,-1,-1
64,2,1599.85,564.77,57.09,151.33,0.6265,-1,-1,-1
65,20,467.73,554.26,29.48,71.89,0.3439,-1,-1,-1
65,19,287.70,561.55,43.15,116.52,0.5095,-1,-1,-1
65,17,527.98,532.70,32.02,99.53,0.3402,-1,-1,-1
65,15,1690.60,529.13,33.10,88.84,0.6811,-1,-1,-1
65,7,401.24,562.03,45.16,120.77,0.3862,-1,-1,-1
65,6,349.11,552.54,47.29,130.89,0.4789,-1,-1,-1
65,2,1602.65,562.13,56.37,149.75,0.7297,-1,-1,-1
66,20,468.28,559.36,30.38,73.39,0.4145,-1,-1,-1
66,19,288.43,566.97,40.59,114.27,0.5079,-1,-1,-1
66,15,1698.29,519.84,33.49,92.70,0.6913,-1,-1,-1
66,14,619.05,542.68,25.71,91.91,0.3274,-1,-1,-1
66,7,397.56,566.59,48.75,123.76,0.5012,-1,-1,-1
66,6,348.30,557.53,47.07,135.38,0.6009,-1,-1,-1
66,2,1610.95,561.55,55.34,149.59,0.7218,-1,-1,-1
67,20,459.19,552.47,31.05,69.97,0.3430,-1,-1,-1
67,19,281.13,545.99,42.60,123.85,0.3359,-1,-1,-1
67,15,1698.58,536.74,35.18,90.84,0.6537,-1,-1,-1
67,7,394.23,558.98,46.33,120.09,0.5553,-1,-1,-1
67,6,342.68,544.21,49.90,135.87,0.5524,-1,-1,-1
67,2,1613.72,568.01,56.53,155.08,0.7347,-1,-1,-1
68,20,454.96,558.45,30.66,73.38,0.4476,-1,-1,-1
68,19,277.85,562.46,41.11,118.41,0.4448,-1,-1,-1
68,15,1701.99,528.33,33.18,89.98,0.5779,-1,-1,-1
68,7,388.29,562.47,50.47,123.86,0.5489,-1,-1,-1
68,6,341.14,556.94,46.47,129.98,0.5780,-1,-1,-1
68,2,1617.38,564.64,56.59,152.12,0.7318,-1,-1,-1
69,20,451.20,553.73,27.92,73.71,0.4046,-1,-1,-1
69,19,272.35,549.85,40.52,127.43,0.4400,-1,-1,-1
69,15,1704.24,538.51,35.12,91.59,0.6500,-1,-1,-1
69,7,386.57,556.88,46.16,122.97,0.4938,-1,-1,-1
69,6,333.45,543.02,51.87,139.23,0.4394,-1,-1,-1
69,2,1621.61,571.25,58.94,157.46,0.7563,-1,-1,-1
70,20,443.40,555.24,30.66,74.90,0.4612,-1,-1,-1
70,19,266.69,548.89,43.96,131.07,0.3747,-1,-1,-1
70,15,1705.14,534.76,35.13,93.30,0.5962,-1,-1,-1
70,7,380.33,555.52,48.10,128.88,0.5873,-1,-1,-1
70,6,330.49,545.02,50.11,139.65,0.5193,-1,-1,-1
70,2,1625.66,566.11,59.36,156.89,0.7757,-1,-1,-1
71,20,436.45,552.73,33.78,75.90,0.3959,-1,-1,-1
71,17,504.78,531.73,37.36,108.31,0.4427,-1,-1,-1
71,15,1706.52,536.82,35.08,93.85,0.6897,-1,-1,-1
71,14,598.55,539.64,28.60,97.00,0.3385,-1,-1,-1
71,7,374.84,553.04,48.69,128.96,0.5607,-1,-1,-1
71,6,329.51,547.32,47.27,134.55,0.5147,-1,-1,-1
71,2,1630.24,571.94,58.61,159.49,0.7564,-1,-1,-1
72,20,428.73,555.80,34.97,75.44,0.4245,-1,-1,-1
72,17,503.54,535.27,35.93,106.70,0.3700,-1,-1,-1
72,15,1706.68,536.30,36.33,91.25,0.6906,-1,-1,-1
72,7,370.92,554.83,47.33,130.66,0.6105,-1,-1,-1
72,6,325.59,552.17,49.10,133.45,0.6164,-1,-1,-1
72,2,1633.17,558.59,60.44,174.33,0.7885,-1,-1,-1
73,20,425.04,552.05,30.49,74.12,0.4058,-1,-1,-1
73,19,252.39,553.33,39.75,127.32,0.3369,-1,-1,-1
73,17,500.54,535.11,34.94,105.42,0.3436,-1,-1,-1
73,15,1708.46,538.74,39.33,95.08,0.5833,-1,-1,-1
73,7,366.63,548.38,47.85,133.53,0.5836,-1,-1,-1
73,6,316.60,543.04,51.98,138.97,0.4709,-1,-1,-1
73,2,1638.32,564.17,60.41,171.90,0.6738,-1,-1,-1
74,20,417.36,553.33,35.00,74.24,0.4468,-1,-1,-1
74,19,247.13,541.05,46.96,142.03,0.3169,-1,-1,-1
74,15,1711.00,536.03,37.19,93.35,0.5858,-1,-1,-1
74,14,583.21,538.12,27.72,100.68,0.3059,-1,-1,-1
74,7,363.09,548.30,49.05,134.92,0.4973,-1,-1,-1
74,6,314.57,542.86,49.02,141.27,0.3724,-1,-1,-1
74,2,1641.35,571.34,64.89,166.63,0.7210,-1,-1,-1
75,20,412.61,554.44,32.75,76.36,0.3757,-1,-1,-1
75,15,1712.13,539.28,37.79,93.61,0.5706,-1,-1,-1
75,14,580.23,536.41,28.78,104.23,0.3460,-1,-1,-1
75,7,355.70,556.91,46.94,127.39,0.6082,-1,-1,-1
75,6,305.58,549.35,49.29,133.65,0.4164,-1,-1,-1
75,2,1643.55,578.55,64.85,162.79,0.7429,-1,-1,-1
76,20,399.71,552.97,36.68,73.68,0.3273,-1,-1,-1
76,15,1712.59,539.40,38.49,90.83,0.5478,-1,-1,-1
76,14,575.61,536.07,31.22,103.01,0.3407,-1,-1,-1
76,7,350.74,551.74,48.73,131.31,0.4953,-1,-1,-1
76,6,293.15,542.83,58.20,141.97,0.4755,-1,-1,-1
76,2,1647.82,579.05,63.99,163.40,0.7341,-1,-1,-1
77,20,396.46,553.49,33.31,78.17,0.3709,-1,-1,-1
77,17,475.98,534.66,42.61,111.22,0.3060,-1,-1,-1
77,15,1713.66,540.88,38.25,90.88,0.5368,-1,-1,-1
77,14,573.87,533.50,30.02,104.94,0.3860,-1,-1,-1
77,7,343.45,549.32,48.52,132.99,0.6133,-1,-1,-1
77,6,292.35,545.45,52.84,138.41,0.4480,-1,-1,-1
77,2,1649.09,581.13,67.95,162.83,0.7195,-1,-1,-1
78,20,390.39,552.83,34.94,77.63,0.3429,-1,-1,-1
78,19,222.71,543.97,43.17,138.56,0.3029,-1,-1,-1
78,15,1713.34,540.76,38.43,91.31,0.5829,-1,-1,-1
78,14,571.33,536.47,27.06,99.57,0.3059,-1,-1,-1
78,7,340.47,552.76,47.66,132.72,0.5297,-1,-1,-1
78,6,280.56,540.16,56.69,145.80,0.4271,-1,-1,-1
78,2,1652.76,581.75,68.17,164.56,0.7336,-1,-1,-1
79,20,382.76,552.47,33.25,76.65,0.3437,-1,-1,-1
79,17,463.45,529.63,39.23,114.78,0.3435,-1,-1,-1
79,15,1712.81,539.99,39.03,90.47,0.5743,-1,-1,-1
79,14,546.05,534.92,43.33,110.71,0.3190,-1,-1,-1
79,7,333.33,548.19,50.38,136.67,0.5562,-1,-1,-1
79,6,270.17,537.83,62.17,145.99,0.5009,-1,-1,-1
79,2,1653.11,585.31,72.99,161.77,0.7503,-1,-1,-1
80,20,373.24,554.05,35.73,76.57,0.3363,-1,-1,-1
80,17,455.26,529.43,44.88,119.22,0.4903,-1,-1,-1
80,15,1712.08,535.95,39.67,92.24,0.6115,-1,-1,-1
80,14,550.29,534.35,38.09,112.31,0.3065,-1,-1,-1
80,7,327.22,553.40,49.81,133.81,0.6084,-1,-1,-1
80,6,262.86,536.80,64.63,148.78,0.5575,-1,-1,-1
80,2,1653.24,581.30,75.34,168.00,0.7249,-1,-1,-1
81,23,147.57,556.83,45.75,131.58,0.3818,-1,-1,-1
81,20,368.29,554.32,33.41,74.30,0.4967,-1,-1,-1
81,17,451.48,531.30,45.70,120.21,0.3342,-1,-1,-1
81,15,1711.50,536.10,39.20,91.45,0.5704,-1,-1,-1
81,14,547.78,541.02,37.35,103.87,0.3280,-1,-1,-1
81,7,318.22,553.54,51.43,133.34,0.5708,-1,-1,-1
81,6,267.98,551.52,49.53,131.06,0.3501,-1,-1,-1
81,2,1657.60,581.80,72.21,166.94,0.7504,-1,-1,-1
82,23,138.69,555.99,50.10,135.93,0.4349,-1,-1,-1
82,20,359.57,554.89,34.70,76.94,0.3522,-1,-1,-1
82,15,1712.16,537.21,36.01,91.12,0.6128,-1,-1,-1
82,7,311.82,555.60,49.09,131.31,0.4983,-1,-1,-1
82,6,262.36,534.97,49.78,148.72,0.3820,-1,-1,-1
82,2,1660.17,582.73,71.82,171.31,0.7395,-1,-1,-1
83,23,129.62,559.16,51.73,132.52,0.5458,-1,-1,-1
83,22,470.74,541.41,38.32,113.69,0.3858,-1,-1,-1
83,20,356.32,558.82,31.14,73.32,0.3571,-1,-1,-1
83,17,440.07,538.32,41.77,113.70,0.3829,-1,-1,-1
83,15,1712.09,536.64,35.49,91.10,0.5894,-1,-1,-1
83,7,304.27,558.90,51.92,130.46,0.6694,-1,-1,-1
83,6,256.52,542.53,46.92,145.16,0.4586,-1,-1,-1
83,2,1666.84,581.74,66.19,172.44,0.7061,-1,-1,-1
84,23,121.72,561.43,52.24,134.68,0.5341,-1,-1,-1
84,22,461.97,545.91,44.18,110.37,0.3908,-1,-1,-1
84,21,406.83,555.41,29.08,87.37,0.4896,-1,-1,-1
84,20,346.51,557.49,31.82,74.44,0.4252,-1,-1,-1
84,17,432.94,536.79,41.75,113.60,0.3586,-1,-1,-1
84,15,1712.86,535.36,34.10,92.92,0.5715,-1,-1,-1
84,7,295.86,563.22,55.45,127.20,0.5318,-1,-1,-1
84,6,243.88,553.35,53.92,137.43,0.5413,-1,-1,-1
84,2,1664.03,579.08,74.17,178.73,0.7242,-1,-1,-1
85,23,112.20,565.12,53.92,132.71,0.5264,-1,-1,-1
85,21,398.60,557.96,28.51,89.55,0.3140,-1,-1,-1
85,15,1711.54,536.19,34.77,92.79,0.4764,-1,-1,-1
85,7,291.37,561.82,49.71,129.52,0.5021,-1,-1,-1
85,6,244.52,558.05,46.41,134.93,0.4785,-1,-1,-1
85,2,1667.96,580.67,72.29,180.37,0.7671,-1,-1,-1
86,23,103.27,561.19,55.79,143.42,0.4138,-1,-1,-1
86,22,450.96,538.26,42.43,120.72,0.3605,-1,-1,-1
86,21,390.30,553.40,33.93,94.68,0.4463,-1,-1,-1
86,17,422.53,533.54,38.14,123.41,0.3419,-1,-1,-1
86,15,1707.13,535.49,37.14,74.26,0.3145,-1,-1,-1
86,7,284.60,560.85,48.92,132.51,0.5830,-1,-1,-1
86,6,229.83,556.61,51.32,137.14,0.4305,-1,-1,-1
86,2,1672.10,580.62,69.88,179.03,0.7646,-1,-1,-1
87,23,96.78,561.45,59.79,135.51,0.5342,-1,-1,-1
87,22,441.93,547.70,42.22,115.77,0.3910,-1,-1,-1
87,21,383.13,554.21,35.92,98.00,0.5402,-1,-1,-1
87,17,414.86,538.29,40.48,119.96,0.3092,-1,-1,-1
87,7,280.33,563.88,52.32,132.60,0.5734,-1,-1,-1
87,6,225.45,555.35,50.46,140.24,0.4919,-1,-1,-1
87,2,1671.89,584.63,72.54,179.67,0.7968,-1,-1,-1
88,23,91.75,567.66,50.91,128.87,0.5030,-1,-1,-1
88,22,432.81,548.11,48.26,119.71,0.4156,-1,-1,-1
88,21,377.91,556.13,34.41,97.64,0.3989,-1,-1,-1
88,14,512.64,539.83,37.69,121.63,0.3389,-1,-1,-1
88,7,270.13,569.73,51.69,131.66,0.5029,-1,-1,-1
88,6,220.32,561.94,50.35,138.77,0.5733,-1,-1,-1
88,2,1675.14,581.62,71.38,185.34,0.7977,-1,-1,-1
89,23,84.00,561.52,53.97,137.21,0.4656,-1,-1,-1
89,22,431.27,545.91,41.93,122.96,0.5836,-1,-1,-1
89,21,368.17,554.38,30.96,98.42,0.4574,-1,-1,-1
89,7,265.61,566.42,51.47,132.18,0.4706,-1,-1,-1
89,6,215.58,556.90,47.96,144.53,0.3128,-1,-1,-1
89,2,1679.07,584.13,69.51,189.95,0.8037,-1,-1,-1
90,23,74.90,565.15,58.81,139.28,0.4846,-1,-1,-1
90,22,420.05,547.26,46.76,126.13,0.3054,-1,-1,-1
90,21,359.87,570.14,35.45,88.89,0.4281,-1,-1,-1
90,17,392.56,539.04,41.95,132.41,0.3598,-1,-1,-1
90,7,260.08,571.01,54.00,134.91,0.5301,-1,-1,-1
90,6,204.26,554.93,53.07,149.50,0.3254,-1,-1,-1
90,2,1682.47,585.67,69.93,193.22,0.7568,-1,-1,-1
91,23,67.96,566.80,55.42,142.37,0.4517,-1,-1,-1
91,22,413.95,551.34,46.27,124.22,0.5728,-1,-1,-1
91,21,354.66,571.00,33.30,88.92,0.3764,-1,-1,-1
91,17,385.01,547.89,42.82,121.18,0.3130,-1,-1,-1
91,7,248.58,551.59,68.85,156.53,0.4393,-1,-1,-1
91,6,200.49,560.58,50.64,145.28,0.3825,-1,-1,-1
91,2,1684.95,599.12,73.51,185.58,0.7887,-1,-1,-1
92,23,57.54,571.57,67.07,142.24,0.3359,-1,-1,-1
92,22,408.18,554.15,43.02,125.55,0.5375,-1,-1,-1
92,17,381.09,559.84,35.95,117.17,0.3352,-1,-1,-1
92,7,247.37,554.98,61.33,156.65,0.5456,-1,-1,-1
92,6,189.43,561.14,55.15,151.50,0.3345,-1,-1,-1
92,2,1688.03,602.33,73.64,185.18,0.7964,-1,-1,-1
93,22,401.15,556.76,44.09,126.95,0.5216,-1,-1,-1
93,21,339.11,580.21,33.02,88.55,0.4045,-1,-1,-1
93,17,370.36,553.29,36.12,128.66,0.3042,-1,-1,-1
93,7,242.44,572.63,51.93,139.93,0.5533,-1,-1,-1
93,6,185.43,551.36,53.29,164.65,0.5642,-1,-1,-1
93,2,1688.75,606.25,74.01,186.41,0.8092,-1,-1,-1
94,22,391.91,555.77,45.65,129.28,0.6202,-1,-1,-1
94,21,333.27,581.19,31.71,93.26,0.4827,-1,-1,-1
94,17,365.29,551.93,39.51,130.41,0.4128,-1,-1,-1
94,15,1697.22,540.97,38.92,82.64,0.3709,-1,-1,-1
94,7,235.72,576.54,55.04,140.29,0.5421,-1,-1,-1
94,6,182.26,564.88,51.30,152.25,0.5233,-1,-1,-1
94,2,1689.95,607.66,73.73,187.38,0.8040,-1,-1,-1
95,22,387.84,559.19,44.91,127.93,0.5344,-1,-1,-1
95,15,1693.99,542.21,41.54,94.10,0.4892,-1,-1,-1
95,14,445.64,565.61,37.45,117.82,0.3414,-1,-1,-1
95,7,226.08,580.18,57.77,138.77,0.5212,-1,-1,-1
95,6,173.44,564.17,54.85,154.54,0.6019,-1,-1,-1
95,2,1691.91,611.00,75.28,189.64,0.7915,-1,-1,-1
96,22,380.40,568.12,43.95,123.18,0.4838,-1,-1,-1
96,21,316.57,584.04,32.22,88.80,0.4530,-1,-1,-1
96,17,353.38,558.43,34.03,129.87,0.3449,-1,-1,-1
96,15,1693.55,541.88,44.14,95.89,0.5265,-1,-1,-1
96,7,222.00,582.92,51.96,142.10,0.5758,-1,-1,-1
96,6,164.87,577.54,54.58,146.80,0.4634,-1,-1,-1
96,2,1696.30,611.02,74.62,190.89,0.7886,-1,-1,-1
97,22,371.41,555.99,47.84,134.48,0.5171,-1,-1,-1
97,21,307.84,576.21,34.62,100.16,0.5859,-1,-1,-1
97,17,342.74,550.98,39.96,135.32,0.4801,-1,-1,-1
97,15,1693.09,545.49,42.42,93.79,0.5334,-1,-1,-1
97,14,438.51,568.63,34.91,117.42,0.3467,-1,-1,-1
97,7,211.35,578.18,56.86,144.86,0.6522,-1,-1,-1
97,6,158.85,580.00,52.26,139.19,0.5563,-1,-1,-1
97,2,1700.48,612.73,76.82,193.02,0.7860,-1,-1,-1
98,22,366.68,583.18,45.33,108.56,0.6109,-1,-1,-1
98,17,336.20,562.48,39.68,129.05,0.3058,-1,-1,-1
98,15,1690.99,546.30,40.52,95.18,0.5095,-1,-1,-1
98,14,422.22,575.40,38.24,117.26,0.3184,-1,-1,-1
98,7,203.35,581.60,55.11,145.98,0.6216,-1,-1,-1
98,6,151.21,582.66,53.38,144.18,0.5599,-1,-1,-1
98,2,1705.08,612.45,76.66,196.52,0.7919,-1,-1,-1
99,22,358.43,567.25,46.53,125.59,0.5577,-1,-1,-1
99,21,290.03,589.29,34.40,87.80,0.4879,-1,-1,-1
99,17,329.60,556.47,36.36,132.89,0.4519,-1,-1,-1
99,15,1688.30,546.04,42.36,102.94,0.5021,-1,-1,-1
99,14,413.90,573.32,41.31,119.78,0.3764,-1,-1,-1
99,7,197.29,578.06,53.65,148.25,0.6654,-1,-1,-1
99,6,142.12,581.31,54.55,142.87,0.4824,-1,-1,-1
99,2,1706.66,614.43,78.85,197.61,0.7603,-1,-1,-1
100,24,441.90,562.91,32.55,105.23,0.4478,-1,-1,-1
100,22,347.65,576.50,51.87,117.87,0.5459,-1,-1,-1
100,21,281.07,586.74,35.61,97.10,0.5926,-1,-1,-1
100,17,319.33,561.31,39.61,131.48,0.4082,-1,-1,-1
100,15,1685.38,548.77,42.45,101.21,0.6411,-1,-1,-1
100,7,188.72,587.93,54.92,141.03,0.6085,-1,-1,-1
100,6,130.25,583.91,56.98,140.11,0.5672,-1,-1,-1
100,2,1709.29,612.70,80.83,200.28,0.7946,-1,-1,-1
101,25,1555.13,523.52,23.22,80.41,0.3248,-1,-1,-1
101,24,434.09,561.14,34.62,107.80,0.3740,-1,-1,-1
101,22,340.31,570.72,49.35,122.44,0.5708,-1,-1,-1
101,21,272.97,588.89,33.44,90.93,0.4470,-1,-1,-1
101,17,309.27,578.48,37.23,112.47,0.3813,-1,-1,-1
101,15,1685.25,550.68,38.75,103.07,0.7197,-1,-1,-1
101,14,396.34,570.85,42.39,128.10,0.4529,-1,-1,-1
101,7,179.48,582.01,58.71,145.54,0.5850,-1,-1,-1
101,6,123.99,578.20,58.43,145.26,0.6033,-1,-1,-1
101,2,1711.13,615.96,81.13,202.63,0.7865,-1,-1,-1
102,25,1548.33,521.65,25.50,81.53,0.3885,-1,-1,-1
102,24,432.24,561.27,30.61,110.91,0.3856,-1,-1,-1
102,22,332.21,575.67,49.00,120.19,0.6190,-1,-1,-1
102,21,261.96,593.65,36.26,87.98,0.5423,-1,-1,-1
102,17,302.23,580.30,35.30,112.74,0.3031,-1,-1,-1
102,15,1684.55,550.49,36.90,103.00,0.7410,-1,-1,-1
102,14,389.36,574.06,43.29,125.57,0.3721,-1,-1,-1
102,7,171.74,583.25,57.32,145.08,0.5693,-1,-1,-1
102,6,114.53,581.33,57.68,146.58,0.6262,-1,-1,-1
102,2,1712.81,620.54,82.57,199.40,0.8136,-1,-1,-1
103,25,1545.82,518.91,25.04,78.69,0.4540,-1,-1,-1
103,24,422.61,561.60,31.63,107.65,0.3369,-1,-1,-1
103,22,326.01,574.04,52.67,120.88,0.4853,-1,-1,-1
103,21,255.67,588.52,36.47,100.28,0.4423,-1,-1,-1
103,15,1683.71,550.44,36.27,101.98,0.7189,-1,-1,-1
103,14,385.34,570.26,39.32,128.66,0.3381,-1,-1,-1
103,7,163.84,588.59,57.38,142.03,0.5183,-1,-1,-1
103,6,105.15,577.71,57.15,150.78,0.5525,-1,-1,-1
103,2,1713.65,618.70,86.38,206.07,0.8262,-1,-1,-1
104,25,1545.56,521.79,22.54,76.20,0.3727,-1,-1,-1
104,24,415.19,557.63,34.40,107.13,0.4466,-1,-1,-1
104,22,315.32,578.49,50.38,115.57,0.3580,-1,-1,-1
104,21,248.15,589.55,36.08,91.28,0.3085,-1,-1,-1
104,15,1682.67,551.78,35.29,102.24,0.7075,-1,-1,-1
104,14,373.41,575.67,41.19,123.95,0.4726,-1,-1,-1
104,7,154.29,590.80,50.48,136.84,0.4258,-1,-1,-1
104,6,95.08,576.44,58.57,149.84,0.5657,-1,-1,-1
104,2,1715.08,624.85,87.01,207.22,0.8178,-1,-1,-1
105,26,23.86,580.43,54.37,144.41,0.4171,-1,-1,-1
105,24,408.18,559.12,34.71,117.32,0.4024,-1,-1,-1
105,22,304.67,563.65,53.69,134.26,0.5166,-1,-1,-1
105,21,237.45,591.91,37.59,91.67,0.4489,-1,-1,-1
105,15,1681.64,549.57,34.63,103.56,0.6655,-1,-1,-1
105,14,367.71,568.51,41.12,134.01,0.3747,-1,-1,-1
105,7,145.48,585.47,59.66,144.46,0.5509,-1,-1,-1
105,6,87.42,579.65,57.39,149.07,0.6009,-1,-1,-1
105,2,1717.77,624.17,86.72,210.24,0.8057,-1,-1,-1
106,25,1535.03,522.19,25.94,73.35,0.3972,-1,-1,-1
106,22,299.33,566.93,51.74,130.07,0.5016,-1,-1,-1
106,21,227.40,589.14,36.30,96.83,0.3598,-1,-1,-1
106,15,1678.35,549.07,34.23,105.96,0.6087,-1,-1,-1
106,14,360.83,566.73,39.84,135.80,0.5134,-1,-1,-1
106,7,138.99,573.88,60.14,155.90,0.5310,-1,-1,-1
106,6,77.30,573.81,55.58,154.60,0.5599,-1,-1,-1
106,2,1723.83,625.54,84.88,212.40,0.7799,-1,-1,-1
107,26,8.37,575.88,50.99,145.01,0.3999,-1,-1,-1
107,25,1533.17,520.76,28.27,77.35,0.4412,-1,-1,-1
107,24,393.39,561.57,34.64,105.28,0.5080,-1,-1,-1
107,22,287.06,557.07,53.69,140.83,0.4681,-1,-1,-1
107,21,218.50,591.52,39.39,98.16,0.5192,-1,-1,-1
107,17,257.18,589.32,36.91,113.92,0.3930,-1,-1,-1
107,15,1677.55,547.61,32.24,105.48,0.5536,-1,-1,-1
107,14,351.30,561.57,42.94,142.04,0.5354,-1,-1,-1
107,7,130.01,586.48,55.15,144.15,0.4010,-1,-1,-1
107,6,67.69,572.05,58.95,156.47,0.5917,-1,-1,-1
107,2,1726.69,622.51,84.08,217.34,0.7890,-1,-1,-1
108,26,0.49,574.64,53.17,150.66,0.4789,-1,-1,-1
108,25,1532.70,524.35,25.23,74.78,0.3922,-1,-1,-1
108,24,389.62,559.96,34.42,105.07,0.4565,-1,-1,-1
108,22,278.23,558.28,54.68,141.85,0.5478,-1,-1,-1
108,21,209.96,586.00,36.90,101.71,0.5889,-1,-1,-1
108,15,1676.86,549.17,30.98,106.41,0.4694,-1,-1,-1
108,14,341.92,563.12,45.60,141.14,0.5371,-1,-1,-1
108,7,120.65,574.25,54.68,155.38,0.4990,-1,-1,-1
108,6,52.81,567.41,65.64,161.97,0.5359,-1,-1,-1
108,2,1728.65,628.60,84.87,217.71,0.8030,-1,-1,-1
109,26,0.45,573.66,42.01,156.46,0.3691,-1,-1,-1
109,25,1527.18,522.29,26.79,74.63,0.3971,-1,-1,-1
109,24,381.11,557.40,35.49,113.50,0.4563,-1,-1,-1
109,22,266.97,571.33,55.44,133.49,0.4146,-1,-1,-1
109,21,200.53,587.78,37.39,106.26,0.5079,-1,-1,-1
109,15,1675.42,549.75,30.46,106.33,0.5373,-1,-1,-1
109,14,337.22,555.04,41.03,150.75,0.5920,-1,-1,-1
109,7,113.52,572.92,58.95,158.05,0.4129,-1,-1,-1
109,6,44.33,568.90,63.26,159.62,0.4893,-1,-1,-1
109,2,1730.82,628.17,86.16,222.25,0.8076,-1,-1,-1
110,26,0.32,571.79,32.75,154.11,0.3812,-1,-1,-1
110,24,373.89,557.23,35.00,107.90,0.4486,-1,-1,-1
110,22,252.40,551.95,60.62,151.38,0.5140,-1,-1,-1
110,21,190.13,587.17,39.34,105.17,0.5302,-1,-1,-1
110,15,1674.66,551.11,28.73,107.18,0.3544,-1,-1,-1
110,14,325.93,565.82,44.92,139.23,0.6133,-1,-1,-1
110,7,102.93,571.97,55.65,158.76,0.5837,-1,-1,-1
110,6,30.31,567.29,70.32,162.60,0.5921,-1,-1,-1
110,2,1732.23,628.81,86.44,225.56,0.8127,-1,-1,-1
111,24,365.98,559.30,36.49,109.12,0.4498,-1,-1,-1
111,22,248.09,561.65,57.00,142.85,0.4755,-1,-1,-1
111,21,180.46,590.15,37.40,107.52,0.4031,-1,-1,-1
111,14,318.37,576.08,41.33,130.59,0.5317,-1,-1,-1
111,7,93.22,566.47,59.97,167.20,0.5886,-1,-1,-1
111,6,19.83,561.99,72.71,168.72,0.6223,-1,-1,-1
111,2,1733.11,629.47,88.04,227.65,0.8115,-1,-1,-1
112,24,357.05,559.44,37.01,112.70,0.5559,-1,-1,-1
112,22,239.35,571.43,54.82,134.52,0.5937,-1,-1,-1
112,21,170.92,593.43,35.72,101.01,0.4825,-1,-1,-1
112,17,201.44,590.82,42.56,115.13,0.3070,-1,-1,-1
112,14,307.21,570.01,40.96,139.71,0.5582,-1,-1,-1
112,7,84.34,575.01,59.66,158.93,0.5701,-1,-1,-1
112,6,9.07,567.91,78.32,164.68,0.5341,-1,-1,-1
112,2,1734.43,632.77,90.18,227.30,0.8080,-1,-1,-1
113,24,349.36,563.00,36.30,111.46,0.4348,-1,-1,-1
113,22,231.95,578.85,52.91,131.44,0.6197,-1,-1,-1
113,21,161.63,596.01,37.67,103.03,0.5199,-1,-1,-1
113,14,298.65,572.53,38.38,139.72,0.6007,-1,-1,-1
113,7,75.18,578.75,56.03,158.98,0.5790,-1,-1,-1
113,6,2.04,557.83,71.66,175.99,0.5961,-1,-1,-1
113,2,1735.05,634.80,90.64,229.76,0.8039,-1,-1,-1
114,24,341.36,565.62,36.51,108.28,0.5104,-1,-1,-1
114,22,217.65,583.15,55.18,126.72,0.5789,-1,-1,-1
114,21,151.75,597.97,33.47,102.38,0.6192,-1,-1,-1
114,14,290.76,571.61,42.53,141.33,0.4919,-1,-1,-1
114,7,62.04,563.41,60.57,173.12,0.6499,-1,-1,-1
114,6,6.94,577.72,55.90,158.31,0.5476,-1,-1,-1
114,2,1737.72,635.35,89.46,230.35,0.7984,-1,-1,-1
115,24,333.24,563.78,38.25,112.73,0.6417,-1,-1,-1
115,22,198.22,566.17,64.76,143.85,0.5423,-1,-1,-1
115,21,141.40,596.14,37.45,106.16,0.6164,-1,-1,-1
115,14,279.16,582.27,37.02,133.01,0.5716,-1,-1,-1
115,7,52.18,565.38,60.09,173.99,0.6516,-1,-1,-1
115,6,4.76,574.76,50.84,160.92,0.4662,-1,-1,-1
115,2,1739.23,636.25,91.27,231.15,0.7915,-1,-1,-1
116,24,323.26,567.75,39.51,110.31,0.6120,-1,-1,-1
116,22,198.73,576.80,56.12,140.70,0.5416,-1,-1,-1
116,21,130.29,599.27,34.55,102.70,0.5737,-1,-1,-1
116,14,271.36,578.99,37.42,138.23,0.4738,-1,-1,-1
116,7,44.43,574.52,57.00,167.52,0.6052,-1,-1,-1
116,6,0.34,585.04,50.07,155.47,0.6271,-1,-1,-1
116,2,1741.10,636.05,91.39,235.60,0.7989,-1,-1,-1
117,24,313.89,566.44,41.14,113.49,0.5427,-1,-1,-1
117,22,186.36,567.79,58.31,148.10,0.4908,-1,-1,-1
117,21,118.53,599.96,37.85,100.24,0.5760,-1,-1,-1
117,14,258.21,558.79,39.90,159.97,0.6098,-1,-1,-1
117,7,31.79,575.16,59.88,169.58,0.5951,-1,-1,-1
117,6,0.56,584.44,40.87,157.09,0.6280,-1,-1,-1
117,2,1740.82,639.19,94.49,238.94,0.8085,-1,-1,-1
118,24,309.67,558.65,37.17,121.59,0.6467,-1,-1,-1
118,22,181.39,586.04,51.82,135.00,0.5471,-1,-1,-1
118,21,110.04,600.38,37.85,106.52,0.5085,-1,-1,-1
118,14,249.12,574.37,38.15,149.77,0.6612,-1,-1,-1
118,7,21.59,578.94,60.42,168.45,0.5140,-1,-1,-1
118,6,0.06,590.54,30.32,153.72,0.4959,-1,-1,-1
118,2,1742.81,636.92,96.27,245.91,0.8036,-1,-1,-1
119,27,1742.40,566.68,47.74,98.20,0.3530,-1,-1,-1
119,24,299.16,564.15,40.01,117.81,0.5508,-1,-1,-1
119,22,169.20,577.86,54.01,146.70,0.4578,-1,-1,-1
119,21,100.25,601.44,33.65,105.63,0.4756,-1,-1,-1
119,17,125.71,595.86,42.75,124.61,0.4131,-1,-1,-1
119,14,239.50,562.22,41.16,162.80,0.6096,-1,-1,-1
119,7,10.69,569.88,62.09,181.07,0.5951,-1,-1,-1
119,2,1745.93,640.59,100.37,245.69,0.8215,-1,-1,-1
120,27,1742.97,556.65,42.90,110.86,0.4102,-1,-1,-1
120,24,290.68,560.48,39.87,125.16,0.5785,-1,-1,-1
120,22,158.31,583.87,53.09,143.03,0.6007,-1,-1,-1
120,21,89.63,600.73,33.67,113.66,0.4243,-1,-1,-1
120,14,225.48,574.77,43.37,154.60,0.6484,-1,-1,-1
120,7,7.20,561.25,55.77,192.66,0.5784,-1,-1,-1
120,2,1748.48,645.65,104.64,244.00,0.8126,-1,-1,-1
121,27,1741.22,555.14,43.94,114.24,0.4363,-1,-1,-1
121,24,287.22,564.57,36.02,117.65,0.6308,-1,-1,-1
121,22,145.37,587.87,57.36,138.38,0.5885,-1,-1,-1
121,21,77.69,602.21,36.88,112.67,0.5915,-1,-1,-1
121,17,103.76,601.71,43.18,128.49,0.5229,-1,-1,-1
121,14,217.38,570.07,43.53,161.72,0.5591,-1,-1,-1
121,7,0.71,551.25,54.65,201.12,0.5797,-1,-1,-1
121,2,1752.41,645.39,103.91,248.67,0.8092,-1,-1,-1
122,27,1739.54,554.51,42.75,116.55,0.3941,-1,-1,-1
122,24,274.61,564.44,41.29,120.39,0.6008,-1,-1,-1
122,22,140.60,595.17,51.94,140.58,0.5101,-1,-1,-1
122,21,67.28,606.01,35.96,109.41,0.4069,-1,-1,-1
122,14,204.26,575.06,48.59,158.01,0.6580,-1,-1,-1
122,7,0.17,556.56,45.46,199.39,0.6185,-1,-1,-1
122,2,1756.23,646.65,99.72,252.41,0.8083,-1,-1,-1
123,27,1739.92,556.07,42.20,118.53,0.4080,-1,-1,-1
123,24,265.47,557.07,42.97,132.69,0.6607,-1,-1,-1
123,22,127.89,600.56,57.67,138.39,0.4503,-1,-1,-1
123,21,53.18,608.38,38.56,116.90,0.3156,-1,-1,-1
123,17,81.31,605.34,43.86,131.62,0.4365,-1,-1,-1
123,14,193.62,584.50,50.20,151.32,0.5960,-1,-1,-1
123,7,0.03,575.76,38.97,179.25,0.5678,-1,-1,-1
123,2,1761.34,650.64,96.48,254.71,0.8086,-1,-1,-1
124,27,1739.52,556.00,42.81,114.55,0.4155,-1,-1,-1
124,24,261.93,571.67,37.49,118.91,0.5866,-1,-1,-1
124,22,97.05,582.81,53.08,151.35,0.4444,-1,-1,-1
124,21,42.42,608.65,37.58,116.84,0.3101,-1,-1,-1
124,14,185.20,590.48,47.24,147.00,0.6279,-1,-1,-1
124,7,0.06,597.54,27.09,161.04,0.4856,-1,-1,-1
124,2,1765.14,648.21,97.78,260.74,0.8160,-1,-1,-1
125,28,566.42,525.79,29.15,68.76,0.4155,-1,-1,-1
125,27,1736.53,555.00,42.70,117.81,0.3317,-1,-1,-1
125,24,250.72,571.32,40.12,119.91,0.5345,-1,-1,-1
125,22,86.61,579.55,50.54,148.68,0.3180,-1,-1,-1
125,21,31.29,611.99,35.31,112.47,0.4599,-1,-1,-1
125,17,59.86,615.96,37.83,118.67,0.3094,-1,-1,-1
125,14,173.41,590.84,52.01,148.50,0.6423,-1,-1,-1
125,7,0.09,619.21,25.79,103.09,0.3789,-1,-1,-1
125,2,1769.91,647.52,103.59,262.07,0.8160,-1,-1,-1
126,24,243.12,565.77,39.79,128.50,0.5828,-1,-1,-1
126,22,97.81,622.94,52.95,110.07,0.3173,-1,-1,-1
126,21,20.50,615.11,39.07,112.38,0.4120,-1,-1,-1
126,14,160.33,597.38,54.51,145.28,0.5843,-1,-1,-1
126,2,1773.47,650.82,104.17,262.06,0.8114,-1,-1,-1
127,28,553.89,526.18,30.66,68.90,0.3477,-1,-1,-1
127,27,1727.64,556.39,42.71,106.26,0.3420,-1,-1,-1
127,24,236.51,570.45,38.48,125.60,0.5794,-1,-1,-1
127,22,82.74,624.49,58.18,116.63,0.4737,-1,-1,-1
127,21,3.22,623.57,38.51,102.83,0.3591,-1,-1,-1
127,17,35.07,621.66,39.54,120.47,0.3824,-1,-1,-1
127,14,153.96,601.88,50.39,144.27,0.5949,-1,-1,-1
127,2,1778.00,650.72,104.96,266.45,0.8200,-1,-1,-1
128,28,546.47,528.16,32.82,68.61,0.4191,-1,-1,-1
128,27,1727.51,557.94,41.11,106.64,0.4015,-1,-1,-1
128,24,224.26,559.55,41.26,136.60,0.6125,-1,-1,-1
128,22,71.01,622.43,59.49,120.01,0.4675,-1,-1,-1
128,21,0.05,620.57,28.78,110.68,0.3408,-1,-1,-1
128,14,141.18,602.96,54.93,144.28,0.5498,-1,-1,-1
128,2,1780.83,653.88,106.99,266.91,0.8193,-1,-1,-1
129,28,544.89,528.46,28.26,68.12,0.3434,-1,-1,-1
129,27,1727.20,556.42,38.53,109.65,0.3780,-1,-1,-1
129,24,218.79,567.98,39.32,132.33,0.5914,-1,-1,-1
129,22,64.47,621.35,54.17,125.31,0.3575,-1,-1,-1
129,21,0.16,623.49,19.99,109.21,0.3118,-1,-1,-1
129,14,130.56,598.09,50.67,153.99,0.5154,-1,-1,-1
129,2,1786.18,656.35,112.46,269.14,0.8236,-1,-1,-1
130,29,28.17,586.49,52.10,159.56,0.4398,-1,-1,-1
130,27,1724.59,556.63,35.74,116.76,0.3986,-1,-1,-1
130,24,209.59,565.14,41.27,135.81,0.5546,-1,-1,-1
130,22,47.55,621.09,57.35,128.96,0.3906,-1,-1,-1
130,17,0.10,622.57,28.13,115.62,0.3868,-1,-1,-1
130,14,116.04,604.05,61.14,150.95,0.3295,-1,-1,-1
130,2,1787.36,657.94,116.65,271.97,0.8219,-1,-1,-1
131,29,12.55,588.28,54.62,150.58,0.4849,-1,-1,-1
131,28,533.34,526.02,29.38,72.00,0.4063,-1,-1,-1
131,27,1715.56,557.48,44.26,120.28,0.4683,-1,-1,-1
131,24,200.21,575.93,41.10,125.48,0.4724,-1,-1,-1
131,14,104.64,596.98,46.59,159.18,0.4307,-1,-1,-1
131,2,1791.29,659.10,118.84,277.94,0.8319,-1,-1,-1
132,29,2.07,584.03,51.70,161.61,0.5510,-1,-1,-1
132,27,1714.23,555.03,44.62,120.40,0.4538,-1,-1,-1
132,24,191.64,568.14,41.39,135.08,0.6432,-1,-1,-1
132,14,94.67,598.25,45.68,162.03,0.4306,-1,-1,-1
132,2,1796.70,661.26,120.45,285.81,0.8652,-1,-1,-1
133,29,0.12,588.85,42.63,163.27,0.3456,-1,-1,-1
133,28,524.09,527.77,31.30,71.31,0.4531,-1,-1,-1
133,27,1712.59,557.56,45.99,120.05,0.4478,-1,-1,-1
133,24,181.40,564.93,45.04,136.88,0.5320,-1,-1,-1
133,22,13.90,627.76,59.03,135.25,0.3583,-1,-1,-1
133,14,78.89,592.44,50.07,170.75,0.5457,-1,-1,-1
133,2,1803.53,662.99,115.03,290.67,0.8824,-1,-1,-1
134,28,521.71,529.39,25.52,72.13,0.4260,-1,-1,-1
134,27,1710.56,555.95,46.84,120.04,0.4811,-1,-1,-1
134,24,173.58,566.78,40.88,138.82,0.5591,-1,-1,-1
134,22,1.24,627.41,55.12,139.33,0.4838,-1,-1,-1
134,14,41.52,572.06,75.26,198.05,0.4959,-1,-1,-1
134,2,1807.89,665.48,111.19,295.84,0.8508,-1,-1,-1
135,28,514.79,527.97,29.50,73.98,0.5474,-1,-1,-1
135,27,1705.11,554.76,51.51,119.73,0.5032,-1,-1,-1
135,24,166.50,571.36,39.98,137.40,0.5435,-1,-1,-1
135,22,0.17,615.62,46.76,151.67,0.5673,-1,-1,-1
135,14,29.70,571.34,77.61,201.87,0.5413,-1,-1,-1
135,2,1811.32,666.06,107.80,302.87,0.8147,-1,-1,-1
136,28,508.67,527.07,28.05,73.73,0.5365,-1,-1,-1
136,27,1700.56,557.14,50.73,113.58,0.4715,-1,-1,-1
136,24,157.12,566.75,41.27,141.37,0.3930,-1,-1,-1
136,22,0.08,622.64,35.64,145.73,0.6005,-1,-1,-1
136,14,24.68,574.81,74.11,199.75,0.5249,-1,-1,-1
136,2,1818.05,671.03,100.94,305.13,0.8375,-1,-1,-1
137,28,503.05,527.36,29.80,75.90,0.5479,-1,-1,-1
137,27,1699.63,555.47,50.79,114.24,0.5034,-1,-1,-1
137,24,148.47,575.68,39.85,135.43,0.4034,-1,-1,-1
137,22,0.16,640.65,26.46,132.24,0.4698,-1,-1,-1
137,14,20.31,573.73,66.28,204.14,0.6259,-1,-1,-1
137,2,1824.27,680.43,95.11,306.25,0.7742,-1,-1,-1
138,33,1570.17,556.59,45.33,107.26,0.5702,-1,-1,-1
138,28,499.68,531.37,30.35,71.98,0.5814,-1,-1,-1
138,27,1698.08,556.31,50.66,113.00,0.4897,-1,-1,-1
138,24,139.97,572.27,41.12,140.12,0.4940,-1,-1,-1
138,14,12.23,572.87,60.47,204.49,0.6375,-1,-1,-1
138,2,1830.81,678.96,88.57,310.61,0.7835,-1,-1,-1
139,33,1568.71,553.60,38.02,109.58,0.5947,-1,-1,-1
139,28,495.83,527.81,26.40,72.48,0.4401,-1,-1,-1
139,27,1697.73,557.19,48.71,109.68,0.5073,-1,-1,-1
139,14,5.44,579.03,55.77,198.96,0.6160,-1,-1,-1
139,2,1832.75,679.02,86.64,315.83,0.7701,-1,-1,-1
140,33,1566.43,549.99,37.13,111.77,0.6625,-1,-1,-1
140,28,489.83,526.79,29.07,73.76,0.4968,-1,-1,-1
140,27,1698.47,551.68,46.96,116.78,0.5277,-1,-1,-1
140,24,121.95,560.28,42.36,155.93,0.3746,-1,-1,-1
140,14,0.22,575.39,47.82,213.03,0.6252,-1,-1,-1
140,2,1840.37,682.80,78.99,309.20,0.7505,-1,-1,-1
141,33,1562.87,550.38,39.05,111.07,0.7275,-1,-1,-1
141,31,404.02,531.10,24.70,64.54,0.3874,-1,-1,-1
141,28,484.98,527.98,27.30,73.91,0.5268,-1,-1,-1
141,27,1699.89,551.62,43.98,116.43,0.4524,-1,-1,-1
141,14,0.17,581.54,37.14,205.47,0.5907,-1,-1,-1
141,2,1847.47,678.16,71.90,310.30,0.6799,-1,-1,-1
142,33,1559.77,552.72,41.11,106.75,0.6806,-1,-1,-1
142,31,399.84,530.98,26.39,64.35,0.3643,-1,-1,-1
142,28,480.46,527.09,28.82,75.72,0.4995,-1,-1,-1
142,27,1702.19,557.14,40.17,113.95,0.4370,-1,-1,-1
142,2,1854.38,699.47,64.99,292.51,0.6423,-1,-1,-1
143,33,1556.58,554.03,40.64,109.37,0.5899,-1,-1,-1
143,30,0.13,569.71,19.57,100.34,0.4087,-1,-1,-1
143,28,476.44,527.44,32.03,73.07,0.5369,-1,-1,-1
143,27,1699.17,563.43,40.71,107.55,0.3686,-1,-1,-1
143,2,1860.28,706.02,59.10,294.96,0.5927,-1,-1,-1
144,33,1554.31,556.57,37.24,109.22,0.7093,-1,-1,-1
144,28,474.25,527.40,27.06,75.34,0.5946,-1,-1,-1
144,27,1695.88,567.60,42.68,106.77,0.4585,-1,-1,-1
144,2,1866.55,717.51,52.85,246.59,0.4746,-1,-1,-1
145,33,1548.65,557.47,37.37,107.45,0.6957,-1,-1,-1
145,31,382.58,529.18,28.01,64.88,0.4090,-1,-1,-1
145,28,467.70,527.06,28.68,73.62,0.5255,-1,-1,-1
145,27,1694.26,570.27,42.98,107.07,0.6018,-1,-1,-1
146,33,1544.70,555.41,39.27,111.29,0.6497,-1,-1,-1
146,31,379.60,529.60,26.24,64.21,0.4055,-1,-1,-1
146,28,463.12,525.82,27.73,74.81,0.5848,-1,-1,-1
146,27,1693.16,574.20,42.83,100.40,0.6214,-1,-1,-1
147,33,1540.34,557.32,39.63,109.18,0.6766,-1,-1,-1
147,31,372.17,531.19,28.37,65.49,0.3213,-1,-1,-1
147,28,456.66,526.70,29.94,76.09,0.5244,-1,-1,-1
147,27,1691.25,573.56,41.18,104.17,0.5343,-1,-1,-1
148,33,1529.96,554.27,47.45,114.01,0.6901,-1,-1,-1
148,31,362.27,528.81,29.01,67.19,0.3125,-1,-1,-1
148,28,452.63,529.72,30.29,73.38,0.5903,-1,-1,-1
148,27,1682.56,569.35,47.98,106.94,0.4709,-1,-1,-1
149,33,1517.35,554.32,57.00,113.84,0.6863,-1,-1,-1
149,31,358.54,529.41,30.78,68.10,0.3715,-1,-1,-1
149,28,448.46,528.99,28.57,75.18,0.5575,-1,-1,-1
149,27,1680.85,570.15,43.10,105.71,0.6105,-1,-1,-1
150,33,1511.00,560.21,60.70,107.35,0.7187,-1,-1,-1
150,31,356.68,530.75,27.35,67.96,0.4075,-1,-1,-1
150,28,442.43,528.45,30.13,77.11,0.5841,-1,-1,-1
150,27,1679.51,565.49,42.42,108.01,0.6682,-1,-1,-1
