1,2,16.01,148.76,74.71,190.85,0.8159,-1,-1,-1
1,1,118.00,157.54,79.99,171.14,0.8484,-1,-1,-1
2,2,18.04,145.03,73.99,194.99,0.8564,-1,-1,-1
2,1,118.11,154.66,82.44,174.86,0.8474,-1,-1,-1
3,2,22.26,136.42,73.95,204.85,0.8289,-1,-1,-1
3,1,125.28,153.66,64.39,177.55,0.7125,-1,-1,-1
4,3,252.54,192.53,25.43,68.47,0.4797,-1,-1,-1
4,2,27.42,144.10,72.49,199.24,0.8197,-1,-1,-1
4,1,129.74,154.35,81.52,179.30,0.8467,-1,-1,-1
5,3,263.99,199.81,22.89,63.72,0.5432,-1,-1,-1
5,2,35.18,139.76,73.38,208.32,0.8697,-1,-1,-1
5,1,135.54,157.37,85.27,180.08,0.8143,-1,-1,-1
6,5,251.01,197.54,22.10,66.49,0.4303,-1,-1,-1
6,4,222.28,197.44,24.83,67.69,0.6154,-1,-1,-1
6,3,269.01,197.77,25.40,66.94,0.5848,-1,-1,-1
6,2,33.48,141.13,79.79,208.89,0.8531,-1,-1,-1
6,1,141.04,154.79,86.84,184.56,0.8338,-1,-1,-1
7,5,257.27,196.16,21.42,61.85,0.6028,-1,-1,-1
7,4,226.08,198.47,25.25,65.82,0.6563,-1,-1,-1
7,3,274.44,199.35,26.26,62.81,0.6744,-1,-1,-1
7,2,39.09,140.45,76.28,209.45,0.8357,-1,-1,-1
7,1,144.29,152.05,87.81,187.61,0.8595,-1,-1,-1
8,5,264.99,198.19,20.33,64.68,0.5556,-1,-1,-1
8,4,234.81,200.26,24.39,65.49,0.6827,-1,-1,-1
8,3,280.74,200.75,26.68,65.41,0.5862,-1,-1,-1
8,2,42.18,140.23,78.56,213.55,0.8246,-1,-1,-1
8,1,152.25,152.72,88.70,190.76,0.8705,-1,-1,-1
9,5,269.82,198.91,22.66,66.64,0.6477,-1,-1,-1
9,4,240.75,203.76,25.03,62.56,0.5636,-1,-1,-1
9,3,288.27,199.47,25.28,66.11,0.7195,-1,-1,-1
9,2,47.47,140.32,77.90,213.22,0.8304,-1,-1,-1
9,1,156.61,151.64,87.54,193.24,0.8672,-1,-1,-1
10,5,278.73,196.61,21.72,67.10,0.4569,-1,-1,-1
10,4,250.61,196.76,25.47,68.84,0.6476,-1,-1,-1
10,3,296.07,201.55,25.54,64.68,0.6351,-1,-1,-1
10,2,48.26,134.85,86.27,221.29,0.8570,-1,-1,-1
10,1,164.69,147.69,87.99,198.30,0.8699,-1,-1,-1
11,11,142.24,195.46,29.62,69.94,0.5637,-1,-1,-1
11,5,285.00,198.00,23.29,67.42,0.6966,-1,-1,-1
11,4,255.51,201.25,21.78,64.13,0.4890,-1,-1,-1
11,3,306.29,201.06,21.44,64.58,0.6469,-1,-1,-1
11,2,54.74,135.50,85.26,221.82,0.8677,-1,-1,-1
11,1,170.95,147.20,88.75,201.15,0.8611,-1,-1,-1
12,11,153.65,198.37,29.97,68.82,0.5749,-1,-1,-1
12,4,269.35,199.56,24.75,68.65,0.6251,-1,-1,-1
12,3,316.23,205.74,22.55,62.62,0.5016,-1,-1,-1
12,2,64.76,130.20,83.60,233.83,0.8809,-1,-1,-1
12,1,181.95,147.81,92.42,205.49,0.8704,-1,-1,-1
13,11,159.03,196.50,30.47,71.13,0.5691,-1,-1,-1
13,5,304.12,204.02,20.63,62.72,0.4761,-1,-1,-1
13,4,275.68,200.25,23.81,68.24,0.5106,-1,-1,-1
13,3,321.07,194.09,25.30,73.72,0.4617,-1,-1,-1
13,2,67.42,142.99,85.98,222.30,0.8563,-1,-1,-1
13,1,183.00,147.34,97.42,209.39,0.8587,-1,-1,-1
14,11,170.77,195.92,29.59,71.31,0.5988,-1,-1,-1
14,5,316.76,201.46,22.05,65.23,0.5775,-1,-1,-1
14,4,287.01,204.25,23.49,62.60,0.5899,-1,-1,-1
14,3,335.04,206.02,21.08,61.87,0.3741,-1,-1,-1
14,2,83.28,127.69,81.04,239.36,0.8715,-1,-1,-1
14,1,198.54,145.06,93.46,212.05,0.8290,-1,-1,-1
15,14,0.09,144.78,42.27,166.65,0.5379,-1,-1,-1
15,11,182.53,197.99,28.52,70.68,0.6604,-1,-1,-1
15,5,326.00,200.21,23.34,67.70,0.5191,-1,-1,-1
15,4,297.35,202.31,22.49,66.95,0.5773,-1,-1,-1
15,3,346.35,205.30,26.82,64.41,0.6195,-1,-1,-1
15,2,85.30,138.90,86.47,231.99,0.8602,-1,-1,-1
15,1,209.87,145.30,95.31,216.19,0.8599,-1,-1,-1
16,14,0.23,143.05,46.80,154.26,0.4308,-1,-1,-1
16,11,185.54,193.32,30.26,71.76,0.6426,-1,-1,-1
16,5,330.82,194.94,24.36,71.15,0.5508,-1,-1,-1
16,4,300.82,198.22,24.14,66.79,0.6868,-1,-1,-1
16,3,352.53,199.42,27.45,67.76,0.5434,-1,-1,-1
16,2,78.11,123.43,96.97,246.71,0.8776,-1,-1,-1
16,1,211.57,144.54,100.15,215.95,0.8458,-1,-1,-1
17,14,0.14,140.90,65.13,148.23,0.3768,-1,-1,-1
17,11,189.15,192.91,28.59,71.68,0.6422,-1,-1,-1
17,5,334.86,195.47,23.15,69.61,0.4471,-1,-1,-1
17,4,306.40,195.80,24.12,69.86,0.5980,-1,-1,-1
17,3,353.60,186.36,25.64,78.19,0.4913,-1,-1,-1
17,2,85.11,124.10,92.80,247.65,0.8982,-1,-1,-1
17,1,213.39,139.68,108.33,223.43,0.7738,-1,-1,-1
18,14,0.11,140.71,47.99,157.30,0.4964,-1,-1,-1
18,11,193.74,195.02,27.43,69.78,0.5464,-1,-1,-1
18,4,312.04,195.09,21.91,71.23,0.7058,-1,-1,-1
18,2,83.48,124.56,97.06,252.58,0.9013,-1,-1,-1
18,1,215.74,137.60,111.31,230.30,0.8572,-1,-1,-1
19,14,0.10,137.70,44.32,157.14,0.3060,-1,-1,-1
19,11,193.96,192.78,29.05,70.09,0.5145,-1,-1,-1
19,4,311.08,192.44,25.54,71.09,0.6221,-1,-1,-1
19,2,81.29,118.63,98.10,257.50,0.9064,-1,-1,-1
19,1,217.42,132.74,112.85,235.01,0.8666,-1,-1,-1
20,11,192.26,187.31,28.85,72.94,0.5803,-1,-1,-1
20,2,76.62,113.00,99.10,265.29,0.9029,-1,-1,-1
20,1,214.28,128.40,113.98,241.08,0.8877,-1,-1,-1
21,16,43.01,186.45,24.70,69.57,0.5713,-1,-1,-1
21,14,0.05,131.95,37.81,165.54,0.5208,-1,-1,-1
21,11,192.25,186.22,27.94,74.55,0.6602,-1,-1,-1
21,2,72.85,107.12,102.23,275.10,0.8988,-1,-1,-1
21,1,213.93,126.38,116.71,247.78,0.8791,-1,-1,-1
22,16,41.69,183.04,28.62,71.10,0.4103,-1,-1,-1
22,14,0.04,128.85,38.11,225.65,0.3507,-1,-1,-1
22,11,194.27,185.85,26.99,73.35,0.3509,-1,-1,-1
22,2,68.15,103.45,105.81,280.99,0.8850,-1,-1,-1
22,1,214.45,122.68,117.92,253.72,0.8829,-1,-1,-1
23,16,50.58,191.46,22.26,67.15,0.3665,-1,-1,-1
23,14,0.00,133.35,39.24,228.86,0.3568,-1,-1,-1
23,11,198.42,190.57,25.85,73.23,0.5789,-1,-1,-1
23,2,68.10,104.66,106.88,290.01,0.8965,-1,-1,-1
23,1,215.10,123.44,118.36,261.29,0.8812,-1,-1,-1
24,17,0.00,133.60,23.48,88.96,0.3387,-1,-1,-1
24,14,0.31,133.16,40.33,164.57,0.4349,-1,-1,-1
24,2,65.08,104.26,111.96,294.78,0.8602,-1,-1,-1
24,1,221.39,121.39,114.78,265.52,0.7988,-1,-1,-1
25,14,0.13,134.23,38.15,170.38,0.3614,-1,-1,-1
25,2,61.23,103.05,116.34,304.22,0.8911,-1,-1,-1
25,1,231.81,120.73,109.30,276.01,0.8810,-1,-1,-1
26,14,0.14,132.75,37.44,171.71,0.3655,-1,-1,-1
26,2,57.58,100.38,118.97,309.60,0.8826,-1,-1,-1
26,1,230.69,116.24,110.18,281.81,0.8712,-1,-1,-1
27,14,0.19,130.49,38.39,169.91,0.4621,-1,-1,-1
27,2,55.26,95.62,121.66,315.97,0.8972,-1,-1,-1
27,1,236.83,113.00,110.48,288.70,0.8809,-1,-1,-1
28,14,0.12,129.85,39.15,170.18,0.3368,-1,-1,-1
28,2,54.28,94.27,123.39,323.29,0.9022,-1,-1,-1
28,1,240.81,111.12,110.18,294.89,0.8851,-1,-1,-1
29,2,51.32,85.90,127.94,339.05,0.8817,-1,-1,-1
29,1,232.61,105.08,124.47,303.33,0.8659,-1,-1,-1
30,14,0.12,125.05,36.65,179.71,0.3046,-1,-1,-1
30,2,47.89,83.85,132.22,345.74,0.8888,-1,-1,-1
30,1,234.40,103.21,124.33,310.31,0.8839,-1,-1,-1
31,19,392.86,175.88,20.94,35.07,0.3312,-1,-1,-1
31,18,142.19,81.16,48.90,171.13,0.4181,-1,-1,-1
31,2,42.22,80.18,140.06,353.66,0.8946,-1,-1,-1
31,1,246.19,98.30,119.43,321.49,0.8790,-1,-1,-1
32,18,147.41,80.01,47.45,177.03,0.5285,-1,-1,-1
32,6,408.28,190.83,25.90,75.43,0.6674,-1,-1,-1
32,2,44.77,77.67,139.66,364.69,0.8790,-1,-1,-1
32,1,254.43,96.56,120.05,332.50,0.8769,-1,-1,-1
33,18,153.36,76.81,46.45,183.02,0.3756,-1,-1,-1
33,6,418.41,188.94,26.62,75.15,0.6739,-1,-1,-1
33,4,360.96,186.78,26.98,75.24,0.6280,-1,-1,-1
33,2,53.85,70.26,137.09,374.53,0.8887,-1,-1,-1
33,1,259.21,89.70,127.61,339.10,0.8614,-1,-1,-1
34,18,158.83,75.04,54.93,179.83,0.5096,-1,-1,-1
34,6,425.93,187.48,27.08,79.14,0.6605,-1,-1,-1
34,4,368.31,187.00,29.79,76.94,0.6828,-1,-1,-1
34,3,402.22,180.43,24.33,82.94,0.4951,-1,-1,-1
34,2,60.38,70.63,140.44,381.33,0.8851,-1,-1,-1
34,1,270.24,88.97,130.61,352.14,0.8579,-1,-1,-1
35,21,0.14,119.09,37.09,104.41,0.6117,-1,-1,-1
35,6,434.95,190.56,28.38,78.28,0.6581,-1,-1,-1
35,4,377.30,189.66,28.10,76.96,0.7054,-1,-1,-1
35,3,410.21,189.36,24.56,76.19,0.4801,-1,-1,-1
35,2,65.83,70.72,139.91,387.10,0.9042,-1,-1,-1
35,1,269.71,88.40,147.58,360.94,0.8551,-1,-1,-1
36,18,174.66,71.41,55.57,182.91,0.5570,-1,-1,-1
36,6,447.67,189.76,28.30,77.93,0.6636,-1,-1,-1
36,4,387.62,189.35,27.58,75.90,0.5824,-1,-1,-1
36,3,420.72,181.43,26.31,83.64,0.4843,-1,-1,-1
36,2,71.91,62.14,145.93,400.46,0.8947,-1,-1,-1
36,1,270.52,80.78,163.25,370.22,0.8937,-1,-1,-1
37,18,177.53,71.23,53.74,186.14,0.4362,-1,-1,-1
37,6,452.27,190.29,26.81,78.51,0.6192,-1,-1,-1
37,4,391.55,189.43,28.39,76.19,0.6547,-1,-1,-1
37,3,425.05,188.28,23.76,77.77,0.3203,-1,-1,-1
37,2,72.20,61.22,148.36,405.57,0.9014,-1,-1,-1
37,1,271.54,78.08,167.84,378.74,0.8908,-1,-1,-1
38,20,515.28,200.55,18.25,44.18,0.3843,-1,-1,-1
38,18,181.02,70.96,57.56,196.30,0.4525,-1,-1,-1
38,6,456.84,189.65,29.03,80.89,0.7279,-1,-1,-1
38,4,398.02,194.90,29.04,72.67,0.4970,-1,-1,-1
38,3,430.11,189.80,27.09,78.64,0.5459,-1,-1,-1
38,2,70.66,58.89,153.27,416.21,0.8759,-1,-1,-1
38,1,278.83,76.51,176.57,388.74,0.8878,-1,-1,-1
39,18,182.56,63.49,57.40,195.59,0.5569,-1,-1,-1
39,6,460.15,187.38,33.26,82.03,0.6727,-1,-1,-1
39,4,403.58,195.88,26.71,69.99,0.5582,-1,-1,-1
39,3,434.69,186.93,26.12,78.00,0.5778,-1,-1,-1
39,2,69.38,53.49,158.10,424.65,0.8789,-1,-1,-1
39,1,284.50,70.34,178.45,398.16,0.8902,-1,-1,-1
40,18,185.34,63.01,55.86,200.51,0.6957,-1,-1,-1
40,6,465.04,188.42,31.37,83.40,0.7032,-1,-1,-1
40,4,409.61,199.88,23.29,69.75,0.4654,-1,-1,-1
40,3,438.90,185.96,28.03,82.56,0.5362,-1,-1,-1
40,2,67.65,52.78,162.44,427.22,0.8847,-1,-1,-1
40,1,285.41,65.84,187.17,412.89,0.8876,-1,-1,-1
41,21,0.00,114.38,49.47,153.99,0.3844,-1,-1,-1
41,18,183.08,63.08,57.60,198.72,0.7385,-1,-1,-1
41,6,468.32,189.00,31.19,46.58,0.6164,-1,-1,-1
41,3,440.00,188.56,26.90,79.48,0.5486,-1,-1,-1
41,2,64.02,48.70,166.27,431.30,0.8903,-1,-1,-1
41,1,289.64,63.07,191.43,416.66,0.8832,-1,-1,-1
42,18,177.51,55.41,60.29,209.31,0.6336,-1,-1,-1
42,6,465.11,187.50,34.00,38.64,0.5377,-1,-1,-1
42,2,49.76,41.68,173.69,438.32,0.8915,-1,-1,-1
42,1,283.00,56.11,199.34,423.89,0.8999,-1,-1,-1
43,18,175.18,50.88,58.65,206.81,0.6478,-1,-1,-1
43,11,265.84,186.82,24.77,76.69,0.3259,-1,-1,-1
43,6,463.98,190.29,30.43,31.68,0.5272,-1,-1,-1
43,2,46.89,35.97,174.28,443.92,0.8963,-1,-1,-1
43,1,281.48,53.23,206.10,426.77,0.9045,-1,-1,-1
44,18,174.67,48.49,59.80,212.37,0.6433,-1,-1,-1
44,11,266.53,186.80,26.07,77.77,0.3625,-1,-1,-1
44,2,43.02,30.74,178.20,448.71,0.8976,-1,-1,-1
44,1,280.31,50.46,210.75,429.54,0.9040,-1,-1,-1
45,21,0.12,99.84,39.38,325.69,0.3614,-1,-1,-1
45,18,176.06,47.57,61.64,215.56,0.6476,-1,-1,-1
45,11,267.56,185.81,28.04,77.83,0.4529,-1,-1,-1
45,2,41.68,27.68,178.92,450.65,0.8951,-1,-1,-1
45,1,283.90,46.71,213.83,432.69,0.8964,-1,-1,-1
46,21,0.23,97.61,37.00,329.66,0.4195,-1,-1,-1
46,18,174.38,45.28,62.83,218.34,0.6942,-1,-1,-1
46,2,35.49,19.80,185.24,459.62,0.8836,-1,-1,-1
46,1,277.21,42.82,224.95,437.18,0.9094,-1,-1,-1
47,21,0.18,93.96,37.26,334.84,0.3063,-1,-1,-1
47,18,173.95,41.23,61.74,216.85,0.6582,-1,-1,-1
47,11,269.56,183.34,27.35,79.35,0.3716,-1,-1,-1
47,2,32.48,15.00,187.00,464.02,0.8725,-1,-1,-1
47,1,284.03,38.02,222.68,441.98,0.9064,-1,-1,-1
48,21,0.06,93.09,40.56,341.19,0.3433,-1,-1,-1
48,18,176.78,38.43,63.94,223.28,0.6428,-1,-1,-1
48,2,29.46,11.87,193.47,468.13,0.8636,-1,-1,-1
48,1,289.84,29.60,222.76,449.64,0.8999,-1,-1,-1
49,18,176.25,36.63,65.96,226.82,0.6405,-1,-1,-1
49,2,26.90,9.90,200.91,466.86,0.8603,-1,-1,-1
49,1,286.50,29.11,230.50,450.89,0.8895,-1,-1,-1
50,23,0.08,90.33,29.67,117.47,0.5213,-1,-1,-1
50,18,173.85,34.65,67.05,237.17,0.6500,-1,-1,-1
50,2,20.05,3.03,204.96,475.55,0.8585,-1,-1,-1
50,1,285.26,22.87,233.39,456.16,0.8995,-1,-1,-1
51,23,0.07,89.53,30.90,117.90,0.4481,-1,-1,-1
51,18,174.25,33.53,70.97,238.29,0.7362,-1,-1,-1
51,2,22.51,1.63,201.04,474.75,0.8588,-1,-1,-1
51,1,285.16,19.71,239.01,459.63,0.9086,-1,-1,-1
52,23,0.03,87.20,31.19,161.51,0.4830,-1,-1,-1
52,18,173.37,30.09,71.11,240.12,0.5960,-1,-1,-1
52,2,16.71,0.70,204.82,477.18,0.8464,-1,-1,-1
52,1,290.78,16.20,238.06,462.54,0.9019,-1,-1,-1
53,23,0.02,86.42,37.47,162.29,0.3691,-1,-1,-1
53,18,173.52,28.33,70.36,239.74,0.6318,-1,-1,-1
53,2,13.18,0.39,211.46,479.17,0.8605,-1,-1,-1
53,1,287.70,14.38,248.92,464.66,0.9044,-1,-1,-1
54,23,0.07,87.45,36.06,113.84,0.4177,-1,-1,-1
54,18,173.34,28.62,71.35,240.97,0.5766,-1,-1,-1
54,2,13.88,1.15,210.81,475.87,0.8424,-1,-1,-1
54,1,290.27,12.61,249.77,467.39,0.9116,-1,-1,-1
55,23,0.16,86.28,37.06,197.23,0.4524,-1,-1,-1
55,18,175.39,26.17,71.58,243.97,0.5491,-1,-1,-1
55,2,11.49,1.18,214.08,478.09,0.8571,-1,-1,-1
55,1,293.97,8.21,256.99,469.27,0.8858,-1,-1,-1
56,23,0.08,84.21,36.76,166.12,0.4636,-1,-1,-1
56,18,176.30,24.81,71.45,246.97,0.5890,-1,-1,-1
56,2,12.58,0.34,215.62,478.18,0.8620,-1,-1,-1
56,1,290.13,5.98,262.39,472.30,0.8457,-1,-1,-1
57,23,0.08,83.58,35.99,165.79,0.5690,-1,-1,-1
57,18,176.32,23.06,73.60,289.58,0.6122,-1,-1,-1
57,2,7.91,1.27,219.97,475.49,0.8578,-1,-1,-1
57,1,300.88,2.87,262.13,476.58,0.9115,-1,-1,-1
58,23,0.09,83.53,34.58,165.48,0.4866,-1,-1,-1
58,18,176.06,20.69,76.17,380.44,0.4966,-1,-1,-1
58,2,8.03,1.24,219.55,475.91,0.8594,-1,-1,-1
58,1,302.03,2.64,264.44,477.36,0.8997,-1,-1,-1
59,23,0.07,84.45,32.17,163.53,0.4017,-1,-1,-1
59,18,177.24,20.76,75.83,333.01,0.7051,-1,-1,-1
59,2,6.17,1.31,222.87,475.95,0.8447,-1,-1,-1
59,1,302.97,1.53,273.82,477.83,0.9035,-1,-1,-1
60,23,0.17,79.65,29.87,219.41,0.3765,-1,-1,-1
60,18,174.69,19.08,79.84,407.77,0.5711,-1,-1,-1
60,2,5.42,0.66,224.82,476.90,0.8185,-1,-1,-1
60,1,303.41,0.11,280.94,477.31,0.9006,-1,-1,-1
61,23,0.11,80.14,28.50,213.28,0.3827,-1,-1,-1
61,18,175.40,18.33,78.88,402.82,0.6077,-1,-1,-1
61,2,2.04,1.42,225.85,475.30,0.8556,-1,-1,-1
61,1,307.59,0.00,284.31,479.09,0.8971,-1,-1,-1
62,23,0.28,78.48,31.50,226.90,0.4517,-1,-1,-1
62,18,178.12,16.51,78.71,414.92,0.7277,-1,-1,-1
62,2,1.77,1.28,225.24,475.70,0.8611,-1,-1,-1
62,1,312.29,0.10,285.96,474.09,0.8307,-1,-1,-1
63,23,0.21,75.47,37.58,361.82,0.3731,-1,-1,-1
63,20,565.04,192.86,20.96,51.32,0.3503,-1,-1,-1
63,18,176.93,15.09,80.70,419.13,0.7196,-1,-1,-1
63,2,0.90,1.59,225.57,475.71,0.7896,-1,-1,-1
63,1,313.11,0.14,286.20,479.86,0.8857,-1,-1,-1
64,23,0.26,75.40,33.84,383.56,0.3595,-1,-1,-1
64,22,500.95,191.71,26.71,77.44,0.6102,-1,-1,-1
64,18,175.83,15.30,83.41,411.87,0.5741,-1,-1,-1
64,2,1.26,2.25,227.97,476.16,0.8099,-1,-1,-1
64,1,317.49,0.00,286.52,480.00,0.8757,-1,-1,-1
65,23,0.33,74.61,35.30,353.19,0.3505,-1,-1,-1
65,22,501.67,193.00,26.21,76.46,0.6443,-1,-1,-1
65,18,178.09,14.40,83.25,347.88,0.5247,-1,-1,-1
65,2,0.88,1.55,236.04,474.57,0.7657,-1,-1,-1
65,1,317.00,0.00,288.11,480.00,0.8766,-1,-1,-1
66,24,0.12,78.64,22.01,128.44,0.3763,-1,-1,-1
66,23,0.20,74.98,33.53,376.48,0.3673,-1,-1,-1
66,22,502.25,192.04,26.49,76.78,0.6824,-1,-1,-1
66,18,177.45,13.20,85.58,329.63,0.6341,-1,-1,-1
66,2,0.51,1.47,230.64,472.83,0.8418,-1,-1,-1
66,1,312.46,0.24,293.49,479.76,0.8839,-1,-1,-1
67,23,0.22,75.50,32.08,380.14,0.5338,-1,-1,-1
67,22,503.62,192.63,24.53,76.40,0.6490,-1,-1,-1
67,20,574.01,197.40,18.89,41.94,0.4004,-1,-1,-1
67,18,179.93,11.69,83.36,414.39,0.7479,-1,-1,-1
67,2,0.53,1.31,226.20,476.80,0.8087,-1,-1,-1
67,1,310.63,0.00,300.07,479.80,0.8852,-1,-1,-1
68,23,0.15,75.28,33.98,335.58,0.3680,-1,-1,-1
68,22,505.93,192.78,23.09,76.87,0.6037,-1,-1,-1
68,18,178.94,11.24,84.92,432.47,0.6779,-1,-1,-1
68,2,0.07,3.05,225.52,474.63,0.7487,-1,-1,-1
68,1,316.68,0.51,294.80,479.49,0.8942,-1,-1,-1
69,24,0.12,77.89,22.38,129.63,0.3680,-1,-1,-1
69,23,0.28,73.78,34.55,361.61,0.3943,-1,-1,-1
69,22,505.84,193.53,22.12,75.41,0.6365,-1,-1,-1
69,20,576.59,198.03,22.60,50.93,0.3169,-1,-1,-1
69,18,179.07,10.05,85.58,434.11,0.6036,-1,-1,-1
69,11,293.90,176.04,28.67,86.46,0.5637,-1,-1,-1
69,2,0.24,2.96,225.26,475.41,0.7380,-1,-1,-1
69,1,317.89,0.66,292.40,479.34,0.8915,-1,-1,-1
70,24,0.13,77.70,22.62,128.20,0.3834,-1,-1,-1
70,23,0.27,74.76,34.81,356.33,0.4031,-1,-1,-1
70,22,506.31,193.06,22.89,76.00,0.6172,-1,-1,-1
70,20,577.30,194.19,23.98,53.03,0.3070,-1,-1,-1
70,18,183.25,9.35,83.68,423.99,0.8348,-1,-1,-1
70,11,295.49,176.95,26.64,85.10,0.5253,-1,-1,-1
70,2,0.07,1.32,223.15,478.57,0.8235,-1,-1,-1
70,1,317.57,0.53,292.54,479.47,0.8924,-1,-1,-1
71,24,0.12,78.20,22.56,125.89,0.4387,-1,-1,-1
71,23,0.27,74.05,33.70,368.52,0.3847,-1,-1,-1
71,22,506.53,193.29,22.52,74.71,0.5617,-1,-1,-1
71,18,183.93,8.30,84.58,425.09,0.8365,-1,-1,-1
71,11,292.87,176.68,28.64,84.63,0.5884,-1,-1,-1
71,2,0.15,1.37,222.44,478.63,0.8286,-1,-1,-1
71,1,317.50,0.00,291.06,480.00,0.8761,-1,-1,-1
72,24,0.11,78.25,22.84,126.65,0.4064,-1,-1,-1
72,23,0.26,75.45,33.08,369.04,0.4914,-1,-1,-1
72,22,506.68,192.77,22.69,76.36,0.5834,-1,-1,-1
72,20,586.43,196.49,22.63,50.65,0.5855,-1,-1,-1
72,18,184.57,7.91,85.04,425.82,0.8375,-1,-1,-1
72,11,290.35,176.73,31.83,85.17,0.6204,-1,-1,-1
72,2,0.08,1.26,223.06,478.74,0.8600,-1,-1,-1
72,1,315.72,0.48,294.33,479.52,0.8827,-1,-1,-1
73,24,0.12,78.09,22.49,128.37,0.4076,-1,-1,-1
73,23,0.26,73.88,34.45,360.48,0.3447,-1,-1,-1
73,22,505.55,192.11,23.13,78.17,0.5062,-1,-1,-1
73,20,586.24,196.18,23.22,52.08,0.5500,-1,-1,-1
73,18,184.88,10.70,87.62,422.75,0.8394,-1,-1,-1
73,11,289.86,177.25,30.83,82.44,0.6042,-1,-1,-1
73,2,0.09,1.35,223.15,478.64,0.8543,-1,-1,-1
73,1,313.19,0.42,297.56,479.58,0.8920,-1,-1,-1
74,24,0.12,78.30,22.63,125.95,0.4138,-1,-1,-1
74,23,0.29,73.28,34.13,352.40,0.3463,-1,-1,-1
74,22,505.17,193.32,22.63,75.67,0.5653,-1,-1,-1
74,18,185.20,9.21,88.91,423.47,0.8486,-1,-1,-1
74,11,290.20,177.05,30.30,82.26,0.5464,-1,-1,-1
74,2,0.19,1.35,223.37,477.58,0.8477,-1,-1,-1
74,1,312.69,0.03,294.96,479.97,0.8500,-1,-1,-1
75,24,0.10,77.63,22.95,125.39,0.3664,-1,-1,-1
75,18,186.87,9.85,88.77,422.33,0.8458,-1,-1,-1
75,11,290.13,177.35,31.25,82.02,0.6049,-1,-1,-1
75,2,0.99,0.90,222.12,478.29,0.8279,-1,-1,-1
75,1,306.73,0.56,295.05,479.44,0.8711,-1,-1,-1
76,24,0.12,78.26,22.58,128.69,0.3271,-1,-1,-1
76,18,186.97,10.18,89.28,422.55,0.8553,-1,-1,-1
76,11,290.36,176.91,30.24,81.45,0.6551,-1,-1,-1
76,2,1.14,0.83,221.89,478.12,0.8184,-1,-1,-1
76,1,305.40,0.00,297.45,478.59,0.8883,-1,-1,-1
77,24,0.12,78.72,22.77,117.46,0.3556,-1,-1,-1
77,18,187.47,9.81,89.04,421.51,0.8452,-1,-1,-1
77,11,289.87,176.71,32.24,81.37,0.6553,-1,-1,-1
77,2,1.41,0.85,222.32,476.72,0.8269,-1,-1,-1
77,1,303.70,0.00,295.24,477.40,0.8744,-1,-1,-1
78,24,0.16,78.89,22.72,111.66,0.4589,-1,-1,-1
78,18,189.05,9.13,86.46,421.99,0.8443,-1,-1,-1
78,11,289.38,177.29,30.93,80.97,0.4946,-1,-1,-1
78,2,1.07,1.19,223.18,478.81,0.8335,-1,-1,-1
78,1,301.74,0.00,297.51,476.72,0.8931,-1,-1,-1
79,24,0.13,79.14,23.00,125.20,0.3723,-1,-1,-1
79,18,188.62,10.26,84.90,422.19,0.8373,-1,-1,-1
79,11,288.66,177.83,33.37,80.52,0.4671,-1,-1,-1
79,2,1.48,0.71,222.87,478.15,0.8325,-1,-1,-1
79,1,305.54,0.00,287.88,480.00,0.8717,-1,-1,-1
80,24,0.12,79.66,23.12,118.23,0.3803,-1,-1,-1
80,23,0.22,76.00,32.01,351.37,0.3045,-1,-1,-1
80,18,188.64,11.24,85.01,423.11,0.8294,-1,-1,-1
80,2,0.88,1.32,224.23,478.68,0.8516,-1,-1,-1
80,1,314.94,0.00,272.25,480.00,0.8759,-1,-1,-1
81,24,0.13,79.39,23.82,118.95,0.3807,-1,-1,-1
81,23,0.19,75.82,32.54,371.59,0.4099,-1,-1,-1
81,18,188.91,11.23,84.08,417.90,0.7937,-1,-1,-1
81,2,0.86,1.28,226.92,478.33,0.8432,-1,-1,-1
81,1,312.84,0.00,276.06,480.00,0.8798,-1,-1,-1
82,24,0.13,79.62,22.96,114.71,0.4136,-1,-1,-1
82,23,0.23,75.30,33.35,357.31,0.3528,-1,-1,-1
82,18,188.94,12.29,83.97,418.72,0.7392,-1,-1,-1
82,2,0.72,1.35,230.93,476.39,0.8403,-1,-1,-1
82,1,318.54,0.00,268.01,480.00,0.8624,-1,-1,-1
83,24,0.12,79.06,22.70,119.86,0.4516,-1,-1,-1
83,23,0.23,73.78,32.84,379.55,0.3457,-1,-1,-1
83,18,187.62,13.53,84.00,423.46,0.8172,-1,-1,-1
83,2,0.52,1.48,225.20,477.76,0.8173,-1,-1,-1
83,1,308.94,0.00,278.07,475.58,0.8782,-1,-1,-1
84,24,0.10,79.09,21.19,123.27,0.4579,-1,-1,-1
84,18,183.31,11.91,86.57,426.75,0.7983,-1,-1,-1
84,2,0.27,1.55,224.66,476.23,0.7691,-1,-1,-1
84,1,307.27,0.00,274.99,479.49,0.9028,-1,-1,-1
85,24,0.12,79.09,22.06,124.77,0.3620,-1,-1,-1
85,20,614.15,192.99,25.64,56.48,0.5777,-1,-1,-1
85,18,181.75,15.10,84.09,422.71,0.7471,-1,-1,-1
85,2,0.36,1.65,231.36,474.77,0.7584,-1,-1,-1
85,1,308.50,0.07,279.58,478.29,0.8923,-1,-1,-1
86,24,0.11,79.85,22.38,126.04,0.3754,-1,-1,-1
86,23,0.25,73.48,33.60,370.38,0.3084,-1,-1,-1
86,20,615.92,193.50,23.87,56.61,0.4649,-1,-1,-1
86,18,177.69,17.37,84.85,422.38,0.7507,-1,-1,-1
86,2,0.61,1.75,228.98,476.39,0.7405,-1,-1,-1
86,1,307.74,0.08,279.91,476.16,0.8679,-1,-1,-1
87,24,0.12,80.02,21.08,122.35,0.3263,-1,-1,-1
87,23,0.23,74.93,32.63,366.43,0.4767,-1,-1,-1
87,22,503.71,193.11,23.71,75.82,0.6588,-1,-1,-1
87,20,615.19,193.33,24.60,56.03,0.4894,-1,-1,-1
87,18,173.71,17.14,85.05,409.42,0.6689,-1,-1,-1
87,2,0.15,1.80,232.75,475.07,0.7021,-1,-1,-1
87,1,310.78,0.09,276.53,479.91,0.8880,-1,-1,-1
88,24,0.13,80.71,22.01,123.43,0.4351,-1,-1,-1
88,23,0.25,73.29,32.94,382.98,0.3262,-1,-1,-1
88,22,505.37,193.08,23.25,77.38,0.5258,-1,-1,-1
88,18,174.27,22.16,82.08,410.52,0.7451,-1,-1,-1
88,2,0.19,1.77,226.37,475.92,0.8129,-1,-1,-1
88,1,306.66,0.91,280.98,479.09,0.8988,-1,-1,-1
89,24,0.12,81.06,21.94,123.51,0.3758,-1,-1,-1
89,23,0.28,75.41,32.31,343.69,0.3430,-1,-1,-1
89,22,506.13,192.70,21.85,77.08,0.5054,-1,-1,-1
89,18,171.79,23.26,84.13,404.29,0.7138,-1,-1,-1
89,2,0.12,1.73,226.27,476.78,0.8042,-1,-1,-1
89,1,312.24,0.47,275.46,479.53,0.8955,-1,-1,-1
90,23,0.22,77.97,31.71,369.45,0.4337,-1,-1,-1
90,22,506.06,192.96,20.97,77.06,0.4277,-1,-1,-1
90,18,168.81,23.52,87.74,402.60,0.7513,-1,-1,-1
90,2,0.00,1.48,223.34,477.52,0.7954,-1,-1,-1
90,1,308.46,0.67,279.41,479.33,0.8977,-1,-1,-1
91,26,544.55,205.63,13.54,32.64,0.3147,-1,-1,-1
91,24,0.04,83.65,21.91,130.33,0.4233,-1,-1,-1
91,23,0.23,78.90,31.82,378.87,0.4672,-1,-1,-1
91,22,505.42,192.20,21.10,76.39,0.3014,-1,-1,-1
91,18,167.65,23.69,90.30,402.80,0.7204,-1,-1,-1
91,2,0.08,1.38,222.70,477.41,0.7909,-1,-1,-1
91,1,308.59,0.95,280.50,479.04,0.8943,-1,-1,-1
92,23,0.27,80.23,33.12,359.48,0.4237,-1,-1,-1
92,22,506.78,192.83,20.59,76.84,0.3287,-1,-1,-1
92,20,595.97,172.27,43.85,92.34,0.4476,-1,-1,-1
92,18,167.01,24.26,93.94,399.96,0.6925,-1,-1,-1
92,11,299.84,179.60,24.38,71.25,0.4452,-1,-1,-1
92,2,0.46,1.49,233.78,475.73,0.7655,-1,-1,-1
92,1,304.79,0.53,283.51,478.87,0.9045,-1,-1,-1
93,24,0.00,84.74,21.57,125.84,0.3357,-1,-1,-1
93,23,0.20,79.20,33.10,358.99,0.3017,-1,-1,-1
93,20,552.17,171.19,70.66,92.36,0.4666,-1,-1,-1
93,18,167.54,23.46,104.66,410.21,0.7883,-1,-1,-1
93,11,299.22,180.67,25.81,77.58,0.4503,-1,-1,-1
93,2,0.15,1.43,223.03,474.81,0.8433,-1,-1,-1
93,1,306.06,0.37,279.09,478.75,0.8917,-1,-1,-1
94,27,266.74,190.82,17.59,57.62,0.4865,-1,-1,-1
94,23,0.21,79.58,33.02,367.02,0.3167,-1,-1,-1
94,18,168.27,23.66,105.61,410.06,0.7889,-1,-1,-1
94,11,299.73,179.02,25.75,79.08,0.4521,-1,-1,-1
94,2,0.08,1.56,223.66,475.08,0.8469,-1,-1,-1
94,1,306.64,0.00,278.04,479.95,0.9028,-1,-1,-1
95,27,266.47,193.34,15.83,55.25,0.5569,-1,-1,-1
95,23,0.22,78.79,34.02,372.06,0.4191,-1,-1,-1
95,18,171.11,21.50,103.58,413.18,0.7886,-1,-1,-1
95,11,301.37,178.77,23.73,81.17,0.5122,-1,-1,-1
95,2,0.39,1.50,222.95,475.14,0.8603,-1,-1,-1
95,1,307.62,0.00,276.28,477.36,0.9010,-1,-1,-1
96,28,282.18,179.86,28.37,77.86,0.3064,-1,-1,-1
96,27,265.48,191.84,16.79,56.97,0.5346,-1,-1,-1
96,23,0.08,83.49,34.66,363.17,0.4157,-1,-1,-1
96,18,173.06,21.65,100.87,411.05,0.7914,-1,-1,-1
96,11,301.87,177.79,22.41,80.75,0.5020,-1,-1,-1
96,2,0.41,1.66,222.64,474.33,0.8357,-1,-1,-1
96,1,307.09,0.00,275.79,480.00,0.8999,-1,-1,-1
97,28,282.85,179.79,25.03,78.43,0.3714,-1,-1,-1
97,27,262.25,191.95,16.88,58.78,0.5794,-1,-1,-1
97,23,0.04,84.42,33.74,310.41,0.3742,-1,-1,-1
97,22,504.86,192.35,23.61,81.18,0.3291,-1,-1,-1
97,18,176.19,20.39,97.10,412.48,0.8179,-1,-1,-1
97,11,301.79,179.01,23.19,80.86,0.5721,-1,-1,-1
97,2,0.54,1.44,222.43,472.10,0.8640,-1,-1,-1
97,1,307.54,0.05,276.16,476.87,0.9031,-1,-1,-1
98,23,0.00,82.48,32.70,348.78,0.5054,-1,-1,-1
98,22,506.64,192.54,21.46,76.58,0.5041,-1,-1,-1
98,18,182.89,20.03,90.99,412.56,0.8351,-1,-1,-1
98,11,302.10,177.95,22.84,82.90,0.5933,-1,-1,-1
98,2,0.58,1.26,222.62,473.01,0.8745,-1,-1,-1
98,1,308.90,0.00,275.16,478.12,0.9064,-1,-1,-1
99,28,279.59,179.62,26.29,79.41,0.3549,-1,-1,-1
99,23,0.24,77.97,35.48,372.84,0.4600,-1,-1,-1
99,22,506.85,192.34,21.97,76.77,0.3765,-1,-1,-1
99,18,185.61,20.88,90.30,411.22,0.8484,-1,-1,-1
99,11,300.91,177.75,24.22,80.35,0.5364,-1,-1,-1
99,2,0.61,1.05,222.49,474.65,0.8855,-1,-1,-1
99,1,309.24,0.00,274.89,478.11,0.9089,-1,-1,-1
100,28,279.34,178.25,26.39,80.50,0.5712,-1,-1,-1
100,23,0.03,81.93,34.74,336.27,0.4245,-1,-1,-1
100,22,505.79,192.54,22.07,75.74,0.5333,-1,-1,-1
100,18,187.73,18.03,89.82,413.78,0.8407,-1,-1,-1
100,11,300.78,178.47,25.62,79.68,0.5874,-1,-1,-1
100,2,0.59,1.01,221.47,475.52,0.8820,-1,-1,-1
100,1,309.86,0.00,273.61,477.46,0.9027,-1,-1,-1
101,28,279.45,179.06,26.37,79.59,0.4007,-1,-1,-1
101,25,557.14,201.73,17.20,42.76,0.3069,-1,-1,-1
101,23,0.05,81.36,33.53,358.44,0.4260,-1,-1,-1
101,22,507.24,192.68,21.71,76.29,0.3761,-1,-1,-1
101,18,189.95,16.92,92.10,413.65,0.8511,-1,-1,-1
101,11,300.67,177.99,24.02,81.76,0.4528,-1,-1,-1
101,2,0.58,0.90,221.69,475.18,0.8767,-1,-1,-1
101,1,310.25,0.00,274.24,480.00,0.9086,-1,-1,-1
102,23,0.03,81.82,34.07,346.16,0.4412,-1,-1,-1
102,18,189.57,15.82,94.36,412.98,0.8479,-1,-1,-1
102,2,0.47,0.86,221.78,475.65,0.8734,-1,-1,-1
102,1,312.39,0.06,271.47,477.96,0.9022,-1,-1,-1
103,26,540.91,202.65,11.95,37.07,0.4241,-1,-1,-1
103,23,0.02,82.26,33.98,320.08,0.3833,-1,-1,-1
103,22,508.63,192.99,18.25,75.29,0.3142,-1,-1,-1
103,18,191.07,17.33,93.34,414.77,0.8402,-1,-1,-1
103,2,0.36,1.05,221.84,476.55,0.8702,-1,-1,-1
103,1,313.57,0.00,271.70,480.00,0.9122,-1,-1,-1
104,26,541.03,202.51,11.09,36.45,0.3313,-1,-1,-1
104,24,0.14,81.37,28.85,117.87,0.3109,-1,-1,-1
104,23,0.14,79.83,33.67,342.50,0.3355,-1,-1,-1
104,22,507.63,193.16,19.79,74.97,0.3212,-1,-1,-1
104,18,192.08,17.79,89.77,414.81,0.8419,-1,-1,-1
104,2,0.20,0.84,222.69,476.85,0.8893,-1,-1,-1
104,1,314.42,0.00,274.29,480.00,0.9108,-1,-1,-1
105,26,540.95,203.78,12.14,35.68,0.4041,-1,-1,-1
105,24,0.10,84.09,24.34,119.72,0.3026,-1,-1,-1
105,23,0.05,83.84,31.08,354.06,0.3764,-1,-1,-1
105,18,191.71,17.06,88.98,410.09,0.8375,-1,-1,-1
105,2,0.16,0.58,223.01,476.62,0.8627,-1,-1,-1
105,1,314.07,0.00,274.92,480.00,0.9087,-1,-1,-1
106,28,279.26,178.81,25.49,81.42,0.5835,-1,-1,-1
106,26,540.68,203.84,12.36,36.07,0.4060,-1,-1,-1
106,23,0.03,82.30,32.72,362.59,0.4081,-1,-1,-1
106,18,192.32,16.55,85.95,415.21,0.8269,-1,-1,-1
106,11,300.87,178.73,23.93,82.18,0.6317,-1,-1,-1
106,2,0.22,0.42,223.40,477.83,0.8800,-1,-1,-1
106,1,314.04,0.00,276.75,479.10,0.9044,-1,-1,-1
107,28,279.79,179.51,25.54,79.20,0.5654,-1,-1,-1
107,26,541.47,204.27,11.77,35.55,0.3816,-1,-1,-1
107,23,0.03,82.43,31.39,362.56,0.3576,-1,-1,-1
107,18,192.24,16.82,86.22,414.78,0.8186,-1,-1,-1
107,11,301.02,178.50,24.41,82.09,0.5889,-1,-1,-1
107,2,0.19,0.27,224.81,478.17,0.8803,-1,-1,-1
107,1,313.50,0.35,279.87,478.53,0.8953,-1,-1,-1
108,28,279.51,181.16,24.84,77.26,0.5106,-1,-1,-1
108,26,541.09,201.95,12.18,38.11,0.4677,-1,-1,-1
108,22,511.13,196.47,16.24,71.94,0.3205,-1,-1,-1
108,18,191.62,16.15,86.23,415.45,0.8234,-1,-1,-1
108,11,301.19,178.82,24.21,81.12,0.6020,-1,-1,-1
108,2,0.00,0.11,225.64,477.51,0.8742,-1,-1,-1
108,1,312.02,0.00,284.57,477.07,0.8996,-1,-1,-1
109,28,279.19,180.43,26.01,78.27,0.5028,-1,-1,-1
109,18,189.28,16.96,88.54,413.55,0.8310,-1,-1,-1
109,11,301.21,178.29,23.88,82.42,0.5538,-1,-1,-1
109,2,0.03,0.00,224.39,478.87,0.8857,-1,-1,-1
109,1,312.63,0.00,285.04,475.16,0.8313,-1,-1,-1
110,18,187.95,16.95,91.46,413.70,0.8395,-1,-1,-1
110,11,300.64,178.19,24.66,82.20,0.4505,-1,-1,-1
110,2,0.00,0.15,223.30,478.30,0.9072,-1,-1,-1
110,1,312.65,0.00,288.47,478.15,0.7599,-1,-1,-1
111,18,187.87,17.32,93.01,414.28,0.8444,-1,-1,-1
111,2,0.00,0.11,222.62,479.17,0.8961,-1,-1,-1
111,1,310.85,0.00,291.21,476.87,0.7984,-1,-1,-1
112,18,187.71,16.94,96.04,416.04,0.8493,-1,-1,-1
112,11,298.21,177.40,27.21,83.34,0.3507,-1,-1,-1
112,2,0.00,0.13,222.80,479.27,0.9072,-1,-1,-1
112,1,330.62,0.00,273.61,479.66,0.7949,-1,-1,-1
113,18,187.79,18.12,94.16,416.83,0.8531,-1,-1,-1
113,2,0.00,0.11,222.69,478.80,0.9028,-1,-1,-1
113,1,311.06,0.19,285.11,479.42,0.8647,-1,-1,-1
114,18,187.40,19.62,94.82,413.06,0.8538,-1,-1,-1
114,2,0.00,0.00,222.09,478.48,0.8955,-1,-1,-1
114,1,308.73,0.00,288.91,479.32,0.8970,-1,-1,-1
115,18,188.39,20.25,94.81,415.38,0.8666,-1,-1,-1
115,2,0.00,0.08,222.32,479.04,0.8898,-1,-1,-1
115,1,308.85,0.00,284.14,477.29,0.8815,-1,-1,-1
116,18,191.60,20.58,92.89,415.75,0.8595,-1,-1,-1
116,2,0.00,0.00,221.54,478.49,0.8794,-1,-1,-1
116,1,305.45,0.00,286.43,479.68,0.8949,-1,-1,-1
117,18,192.46,20.23,95.18,416.95,0.8547,-1,-1,-1
117,2,0.00,0.22,223.02,478.00,0.8703,-1,-1,-1
117,1,305.57,0.00,282.76,478.99,0.8835,-1,-1,-1
118,18,193.60,19.98,93.30,417.95,0.8588,-1,-1,-1
118,2,0.00,0.40,224.64,478.73,0.8679,-1,-1,-1
118,1,303.81,0.00,278.22,478.06,0.8898,-1,-1,-1
119,24,0.13,80.20,22.98,105.47,0.3717,-1,-1,-1
119,23,0.00,79.91,30.46,341.93,0.4008,-1,-1,-1
119,22,498.82,193.28,29.87,78.27,0.6998,-1,-1,-1
119,18,197.39,19.75,91.57,413.16,0.8164,-1,-1,-1
119,2,0.00,0.49,228.79,479.51,0.8854,-1,-1,-1
119,1,302.70,0.00,279.53,480.00,0.9113,-1,-1,-1
120,24,0.06,79.11,23.44,112.66,0.3264,-1,-1,-1
120,22,498.77,193.13,29.55,78.99,0.7203,-1,-1,-1
120,18,200.84,21.25,87.47,410.85,0.8094,-1,-1,-1
120,2,0.12,0.60,231.77,479.36,0.8727,-1,-1,-1
120,1,301.86,0.00,280.49,480.00,0.9103,-1,-1,-1
121,22,498.71,192.77,30.07,79.63,0.6617,-1,-1,-1
121,18,199.83,21.16,88.56,415.74,0.8196,-1,-1,-1
121,2,0.20,0.45,236.48,479.55,0.8772,-1,-1,-1
121,1,303.04,0.56,280.77,479.44,0.8873,-1,-1,-1
122,23,0.21,75.10,35.30,400.94,0.3786,-1,-1,-1
122,22,499.06,194.12,29.38,77.82,0.6640,-1,-1,-1
122,18,202.39,22.01,82.90,417.74,0.8232,-1,-1,-1
122,2,0.99,0.20,240.01,479.80,0.8574,-1,-1,-1
122,1,306.91,0.24,281.79,477.56,0.8887,-1,-1,-1
123,23,0.25,75.88,38.82,402.87,0.5531,-1,-1,-1
123,22,499.25,194.17,30.44,77.78,0.6804,-1,-1,-1
123,18,201.82,21.14,84.45,414.41,0.8338,-1,-1,-1
123,2,0.88,1.26,243.59,478.74,0.8722,-1,-1,-1
123,1,301.95,0.92,282.43,479.08,0.8961,-1,-1,-1
124,29,560.32,200.97,16.58,39.38,0.4120,-1,-1,-1
124,28,295.37,177.85,30.85,80.96,0.3166,-1,-1,-1
124,23,0.20,75.84,38.88,401.54,0.5479,-1,-1,-1
124,22,499.76,194.24,29.70,77.74,0.6531,-1,-1,-1
124,18,202.90,22.53,82.32,407.74,0.8398,-1,-1,-1
124,2,0.90,0.88,246.23,478.13,0.8645,-1,-1,-1
124,1,304.64,0.17,279.09,479.31,0.9043,-1,-1,-1
125,29,561.35,202.23,16.08,37.64,0.4810,-1,-1,-1
125,28,297.46,178.55,27.30,79.12,0.3564,-1,-1,-1
125,25,547.14,198.98,15.14,47.67,0.3745,-1,-1,-1
125,23,0.17,76.70,42.31,403.30,0.5959,-1,-1,-1
125,22,500.75,193.64,28.51,77.64,0.6406,-1,-1,-1
125,18,203.00,22.72,81.44,405.57,0.8189,-1,-1,-1
125,2,0.64,0.79,248.57,478.02,0.8533,-1,-1,-1
125,1,305.20,0.65,277.08,478.86,0.9025,-1,-1,-1
126,29,561.30,202.48,16.27,37.33,0.4963,-1,-1,-1
126,28,286.75,180.09,26.06,78.33,0.3457,-1,-1,-1
126,23,0.21,76.62,43.07,400.69,0.4500,-1,-1,-1
126,22,501.11,194.06,27.77,77.84,0.6269,-1,-1,-1
126,18,203.78,22.50,80.30,406.25,0.7895,-1,-1,-1
126,2,0.00,0.70,251.59,464.69,0.7892,-1,-1,-1
126,1,305.64,0.54,275.70,479.14,0.8998,-1,-1,-1
127,30,533.57,202.29,14.50,39.35,0.3146,-1,-1,-1
127,29,562.64,203.16,15.07,37.00,0.5211,-1,-1,-1
127,25,549.55,198.70,13.00,40.91,0.4048,-1,-1,-1
127,23,0.16,77.90,45.76,402.10,0.4094,-1,-1,-1
127,22,502.74,193.04,26.77,77.70,0.5878,-1,-1,-1
127,18,205.51,22.69,78.56,406.32,0.8087,-1,-1,-1
127,2,0.97,0.98,249.37,475.50,0.8428,-1,-1,-1
127,1,306.91,0.37,276.16,479.37,0.8968,-1,-1,-1
128,30,534.13,202.94,14.07,40.25,0.3203,-1,-1,-1
128,29,562.05,203.40,16.01,37.62,0.4789,-1,-1,-1
128,28,294.50,178.22,30.99,79.85,0.3225,-1,-1,-1
128,23,0.20,77.37,47.31,402.63,0.5861,-1,-1,-1
128,22,502.96,194.10,26.28,76.56,0.6020,-1,-1,-1
128,18,204.95,22.62,79.64,407.00,0.7369,-1,-1,-1
128,2,0.38,0.69,253.89,473.37,0.8329,-1,-1,-1
128,1,306.16,0.58,276.93,478.87,0.9036,-1,-1,-1
129,29,561.20,203.98,16.42,37.04,0.4410,-1,-1,-1
129,28,287.42,187.75,21.64,70.48,0.3244,-1,-1,-1
129,23,0.17,80.01,47.70,399.99,0.6338,-1,-1,-1
129,22,502.97,194.01,26.35,77.09,0.5890,-1,-1,-1
129,18,204.82,22.93,79.53,407.63,0.7420,-1,-1,-1
129,2,0.56,0.85,253.23,473.96,0.8553,-1,-1,-1
129,1,307.26,0.23,274.93,478.64,0.8964,-1,-1,-1
130,29,561.25,202.93,16.33,38.11,0.4589,-1,-1,-1
130,28,288.98,189.91,20.40,68.13,0.3439,-1,-1,-1
130,25,542.58,195.68,17.18,51.97,0.3480,-1,-1,-1
130,23,0.22,80.35,48.86,399.65,0.6942,-1,-1,-1
130,22,504.11,193.57,26.37,76.95,0.6022,-1,-1,-1
130,18,204.88,23.92,79.29,407.06,0.7662,-1,-1,-1
130,2,2.19,0.81,248.10,472.70,0.8327,-1,-1,-1
130,1,306.31,0.29,276.48,478.91,0.9090,-1,-1,-1
131,30,530.18,198.82,17.47,46.30,0.3021,-1,-1,-1
131,29,559.86,203.49,17.45,36.80,0.4561,-1,-1,-1
131,28,288.49,191.31,20.59,66.81,0.3437,-1,-1,-1
131,23,0.18,80.14,48.95,231.83,0.3753,-1,-1,-1
131,22,501.89,193.59,27.94,77.74,0.6511,-1,-1,-1
131,18,203.95,23.12,80.52,404.55,0.7974,-1,-1,-1
131,2,12.53,0.91,236.38,470.32,0.8096,-1,-1,-1
131,1,306.16,0.50,275.59,478.75,0.8997,-1,-1,-1
132,28,282.15,189.40,21.13,67.73,0.3154,-1,-1,-1
132,22,502.20,192.64,27.44,77.81,0.6410,-1,-1,-1
132,18,201.64,22.80,82.15,405.94,0.8254,-1,-1,-1
132,11,295.84,177.69,26.98,81.22,0.5026,-1,-1,-1
132,2,11.10,0.59,235.85,471.65,0.7880,-1,-1,-1
132,1,306.77,0.08,273.20,479.26,0.8961,-1,-1,-1
133,28,280.00,187.36,22.16,68.39,0.3829,-1,-1,-1
133,23,0.06,82.06,38.92,223.97,0.3324,-1,-1,-1
133,22,501.96,192.90,28.09,78.54,0.5934,-1,-1,-1
133,18,200.91,22.60,82.98,406.95,0.8321,-1,-1,-1
133,11,294.61,177.90,29.79,80.86,0.5434,-1,-1,-1
133,2,8.76,0.54,236.74,475.35,0.8360,-1,-1,-1
133,1,306.18,0.00,273.22,476.32,0.8985,-1,-1,-1
134,29,557.80,200.23,19.46,40.36,0.4410,-1,-1,-1
134,28,280.09,188.05,20.53,66.24,0.3152,-1,-1,-1
134,25,537.34,190.86,19.61,56.91,0.4863,-1,-1,-1
134,23,0.13,80.82,46.77,397.37,0.4216,-1,-1,-1
134,22,500.97,192.64,29.06,79.39,0.6285,-1,-1,-1
134,18,201.28,22.75,81.23,411.61,0.8371,-1,-1,-1
134,11,295.10,178.42,29.86,80.23,0.5868,-1,-1,-1
134,2,9.83,0.76,234.08,477.60,0.8550,-1,-1,-1
134,1,305.30,0.29,270.75,476.34,0.9034,-1,-1,-1
135,25,537.03,192.84,19.11,55.07,0.5086,-1,-1,-1
135,23,0.17,80.07,43.44,396.14,0.4010,-1,-1,-1
135,22,500.69,192.94,27.96,78.75,0.6259,-1,-1,-1
135,18,202.17,22.78,80.90,412.42,0.8360,-1,-1,-1
135,11,295.05,177.44,29.92,81.79,0.5319,-1,-1,-1
135,2,7.35,0.84,234.46,477.93,0.8785,-1,-1,-1
135,1,306.48,0.00,269.66,480.00,0.8891,-1,-1,-1
136,25,534.89,190.76,21.04,58.30,0.3690,-1,-1,-1
136,23,0.10,77.86,43.62,393.20,0.4053,-1,-1,-1
136,22,500.34,192.54,28.71,79.48,0.6364,-1,-1,-1
136,18,199.81,23.83,83.24,410.12,0.8288,-1,-1,-1
136,11,297.28,178.46,26.98,80.62,0.4172,-1,-1,-1
136,2,5.66,0.94,231.05,477.34,0.8581,-1,-1,-1
136,1,305.72,0.09,269.55,479.91,0.8891,-1,-1,-1
137,31,0.01,79.79,41.05,389.38,0.4105,-1,-1,-1
137,25,534.20,191.07,22.06,58.01,0.4986,-1,-1,-1
137,22,500.71,193.29,28.51,78.61,0.6001,-1,-1,-1
137,18,194.66,22.90,89.06,409.18,0.8276,-1,-1,-1
137,11,297.72,178.03,26.80,80.76,0.5052,-1,-1,-1
137,2,6.45,0.78,225.04,478.22,0.8566,-1,-1,-1
137,1,305.76,0.00,269.58,480.00,0.8920,-1,-1,-1
138,25,533.20,190.03,24.23,58.18,0.4706,-1,-1,-1
138,22,501.95,192.89,27.82,78.85,0.5734,-1,-1,-1
138,18,191.63,23.38,92.10,412.21,0.8408,-1,-1,-1
138,11,292.71,178.47,33.92,80.96,0.6002,-1,-1,-1
138,2,5.39,0.40,222.01,479.60,0.8711,-1,-1,-1
138,1,304.16,0.00,272.05,479.92,0.9059,-1,-1,-1
139,29,556.39,201.64,17.38,40.28,0.3997,-1,-1,-1
139,22,502.02,193.64,27.61,77.87,0.5509,-1,-1,-1
139,18,190.34,22.40,93.54,410.13,0.8469,-1,-1,-1
139,11,291.54,178.14,35.09,81.22,0.6246,-1,-1,-1
139,2,3.73,0.40,222.78,479.60,0.8713,-1,-1,-1
139,1,304.97,0.00,272.70,480.00,0.9105,-1,-1,-1
140,29,556.39,203.49,16.49,38.33,0.3277,-1,-1,-1
140,22,502.72,192.71,27.93,78.53,0.5436,-1,-1,-1
140,18,189.27,22.31,95.13,410.37,0.8525,-1,-1,-1
140,11,292.91,177.03,32.02,82.24,0.6005,-1,-1,-1
140,2,2.28,0.67,220.32,478.97,0.8797,-1,-1,-1
140,1,305.42,0.64,274.25,478.93,0.9103,-1,-1,-1
141,29,554.76,204.03,15.69,37.99,0.3268,-1,-1,-1
141,22,502.18,192.90,27.35,78.23,0.5853,-1,-1,-1
141,18,187.55,20.93,97.08,412.36,0.8562,-1,-1,-1
141,11,293.12,178.48,32.07,80.13,0.4768,-1,-1,-1
141,2,1.86,0.78,217.71,478.48,0.8872,-1,-1,-1
141,1,304.15,0.00,276.67,474.56,0.8997,-1,-1,-1
142,29,555.87,203.30,18.00,39.17,0.3902,-1,-1,-1
142,22,502.66,192.24,27.05,79.00,0.5656,-1,-1,-1
142,18,187.49,20.64,97.00,413.63,0.8585,-1,-1,-1
142,11,294.55,178.22,27.80,80.16,0.4528,-1,-1,-1
142,2,1.47,0.97,215.82,479.03,0.8836,-1,-1,-1
142,1,304.13,0.32,277.42,479.31,0.9093,-1,-1,-1
143,29,555.44,207.01,14.00,35.53,0.3286,-1,-1,-1
143,22,504.31,191.98,24.40,78.33,0.5970,-1,-1,-1
143,18,185.38,20.27,99.55,414.13,0.8618,-1,-1,-1
143,11,291.70,178.19,32.93,81.44,0.5429,-1,-1,-1
143,2,0.59,0.99,216.32,479.01,0.8861,-1,-1,-1
143,1,305.58,0.00,278.24,479.85,0.9058,-1,-1,-1
144,29,554.07,202.81,16.94,39.51,0.4357,-1,-1,-1
144,22,504.52,191.31,23.62,78.78,0.5340,-1,-1,-1
144,18,185.03,20.59,99.75,413.24,0.8556,-1,-1,-1
144,11,293.29,178.20,29.80,80.15,0.5565,-1,-1,-1
144,2,0.24,1.04,216.84,478.40,0.8927,-1,-1,-1
144,1,305.08,0.00,282.08,480.00,0.9140,-1,-1,-1
145,29,555.39,201.69,20.92,59.34,0.4485,-1,-1,-1
145,22,505.81,192.23,22.88,77.78,0.5526,-1,-1,-1
145,18,182.45,20.21,102.55,412.90,0.8542,-1,-1,-1
145,11,294.01,178.45,28.91,79.87,0.5813,-1,-1,-1
145,2,0.23,1.06,215.38,478.09,0.9011,-1,-1,-1
145,1,307.02,0.00,286.76,480.00,0.9005,-1,-1,-1
146,18,182.68,20.34,102.28,412.28,0.8512,-1,-1,-1
146,11,295.98,178.10,26.45,80.35,0.6026,-1,-1,-1
146,2,0.14,1.28,215.57,477.42,0.8963,-1,-1,-1
146,1,308.50,0.00,285.76,479.71,0.8601,-1,-1,-1
147,18,183.63,20.50,100.68,412.51,0.8538,-1,-1,-1
147,11,296.68,177.26,24.05,83.12,0.3723,-1,-1,-1
147,2,0.35,1.39,216.10,476.69,0.8911,-1,-1,-1
147,1,324.03,0.00,281.82,477.16,0.8399,-1,-1,-1
148,18,186.36,20.40,97.80,412.38,0.8583,-1,-1,-1
148,11,298.49,177.94,23.47,83.47,0.3982,-1,-1,-1
148,2,1.14,0.99,217.19,478.18,0.8647,-1,-1,-1
148,1,315.54,0.00,293.54,476.60,0.8729,-1,-1,-1
149,32,289.36,200.75,19.19,59.03,0.4409,-1,-1,-1
149,18,189.35,20.86,94.73,411.12,0.8564,-1,-1,-1
149,11,300.68,178.65,21.95,84.56,0.4503,-1,-1,-1
149,2,2.02,0.49,221.89,479.51,0.8584,-1,-1,-1
149,1,315.69,0.00,296.11,477.46,0.8849,-1,-1,-1
150,18,190.46,21.70,93.81,413.04,0.8526,-1,-1,-1
150,2,2.26,0.93,223.46,478.74,0.8666,-1,-1,-1
150,1,315.32,0.00,298.63,479.33,0.8775,-1,-1,-1
