1,1,371.74,408.30,79.69,239.71,0.7909,-1,-1,-1
1,2,104.37,546.39,73.25,245.35,0.7260,-1,-1,-1
1,3,1095.29,980.85,73.73,99.15,0.6920,-1,-1,-1
1,4,1732.44,452.89,73.78,221.06,0.6220,-1,-1,-1
1,5,1355.87,569.75,82.08,221.03,0.5500,-1,-1,-1
1,6,0.22,880.53,41.50,199.47,0.5315,-1,-1,-1
1,7,1103.64,210.05,56.21,179.71,0.5269,-1,-1,-1
1,8,546.15,146.37,57.89,183.43,0.5198,-1,-1,-1
1,9,225.79,399.57,64.29,198.91,0.5118,-1,-1,-1
2,1,372.17,408.13,80.16,239.81,0.7973,-1,-1,-1
2,2,104.29,546.51,72.99,245.60,0.7255,-1,-1,-1
2,3,1100.27,981.14,71.70,98.84,0.6895,-1,-1,-1
2,4,1730.73,454.78,75.06,216.11,0.6073,-1,-1,-1
2,5,1355.89,570.07,81.74,217.82,0.5680,-1,-1,-1
2,8,545.67,146.77,57.58,183.99,0.5070,-1,-1,-1
3,1,373.23,407.86,79.10,241.07,0.7819,-1,-1,-1
3,2,104.55,546.19,73.34,246.61,0.7315,-1,-1,-1
3,3,1104.58,980.94,71.74,99.06,0.6963,-1,-1,-1
3,4,1730.89,453.32,74.19,219.11,0.6000,-1,-1,-1
3,5,1356.34,570.05,81.26,216.83,0.5666,-1,-1,-1
3,7,1092.97,213.47,61.54,177.39,0.5645,-1,-1,-1
4,1,372.84,407.38,79.78,241.15,0.7959,-1,-1,-1
4,2,104.25,545.84,73.24,247.16,0.7230,-1,-1,-1
4,3,1108.04,979.25,72.11,100.75,0.6950,-1,-1,-1
4,4,1729.70,452.69,74.00,217.33,0.6199,-1,-1,-1
4,5,1356.22,570.19,82.46,217.03,0.5754,-1,-1,-1
4,7,1087.91,211.65,63.73,179.62,0.5528,-1,-1,-1
4,6,0.29,876.34,43.59,203.19,0.5373,-1,-1,-1
5,1,374.27,406.87,79.04,241.28,0.7978,-1,-1,-1
5,2,104.13,545.85,72.66,247.13,0.7243,-1,-1,-1
5,3,1112.22,976.62,72.21,103.39,0.6964,-1,-1,-1
5,4,1728.73,452.23,74.07,218.24,0.6542,-1,-1,-1
5,5,1355.90,570.14,82.43,214.46,0.6076,-1,-1,-1
5,7,1075.69,210.74,75.19,178.89,0.5394,-1,-1,-1
5,6,0.29,874.47,44.94,204.70,0.5592,-1,-1,-1
5,8,545.78,145.19,56.45,186.64,0.5050,-1,-1,-1
6,1,374.94,406.10,79.21,240.36,0.7852,-1,-1,-1
6,2,104.30,546.00,72.60,246.86,0.7309,-1,-1,-1
6,3,1114.65,975.72,72.71,104.28,0.6912,-1,-1,-1
6,4,1727.15,454.14,74.81,216.39,0.6514,-1,-1,-1
6,5,1356.62,570.15,81.68,213.41,0.6186,-1,-1,-1
6,7,1065.30,209.40,85.66,179.52,0.5797,-1,-1,-1
6,6,0.35,872.22,45.96,207.07,0.6048,-1,-1,-1
6,8,545.36,147.24,55.62,186.44,0.5159,-1,-1,-1
7,1,375.70,404.93,80.09,240.10,0.7800,-1,-1,-1
7,2,104.21,545.93,72.60,246.19,0.7311,-1,-1,-1
7,3,1116.90,974.10,71.48,105.85,0.7056,-1,-1,-1
7,4,1726.42,454.31,74.65,213.41,0.6315,-1,-1,-1
7,5,1356.43,570.27,82.02,212.73,0.6334,-1,-1,-1
7,7,1055.89,208.26,96.01,180.84,0.5515,-1,-1,-1
7,6,0.39,870.86,46.95,208.46,0.5963,-1,-1,-1
7,8,544.54,148.32,54.47,186.94,0.5409,-1,-1,-1
7,11,788.31,145.38,65.50,177.98,0.5154,-1,-1,-1
8,1,376.57,402.88,80.08,239.20,0.7696,-1,-1,-1
8,2,104.66,546.21,72.82,246.53,0.7358,-1,-1,-1
8,3,1119.29,973.31,70.58,106.71,0.7071,-1,-1,-1
8,4,1724.50,454.68,75.51,209.75,0.6454,-1,-1,-1
8,5,1356.53,570.06,81.67,213.91,0.6125,-1,-1,-1
8,7,1051.59,210.60,101.23,178.33,0.5409,-1,-1,-1
8,6,0.32,871.17,46.84,207.74,0.5826,-1,-1,-1
8,8,544.52,147.34,53.29,188.43,0.5501,-1,-1,-1
8,11,788.01,145.95,65.58,176.99,0.5034,-1,-1,-1
9,1,376.99,401.83,81.02,237.70,0.7678,-1,-1,-1
9,2,104.68,546.09,73.41,246.78,0.7443,-1,-1,-1
9,3,1123.81,973.26,68.38,106.76,0.6692,-1,-1,-1
9,4,1723.66,454.52,75.48,209.86,0.6349,-1,-1,-1
9,5,1356.68,570.37,81.31,213.96,0.6143,-1,-1,-1
9,7,1047.81,210.67,106.07,176.08,0.5086,-1,-1,-1
9,6,0.28,869.75,46.80,209.24,0.5596,-1,-1,-1
10,1,377.44,400.48,81.28,236.45,0.7579,-1,-1,-1
10,2,104.81,545.91,73.82,246.72,0.7400,-1,-1,-1
10,3,1127.58,973.03,67.28,107.00,0.6880,-1,-1,-1
10,4,1723.79,454.73,74.75,209.63,0.6104,-1,-1,-1
10,5,1356.35,569.74,82.05,215.44,0.6147,-1,-1,-1
10,6,0.26,865.71,47.07,212.91,0.5661,-1,-1,-1
11,1,378.42,398.38,80.94,234.49,0.7550,-1,-1,-1
11,2,104.60,546.02,74.01,246.78,0.7417,-1,-1,-1
11,3,1130.42,973.39,67.39,106.61,0.6688,-1,-1,-1
11,4,1723.50,458.13,74.92,206.49,0.6067,-1,-1,-1
11,5,1356.31,569.72,82.27,215.75,0.6406,-1,-1,-1
11,6,0.20,862.62,46.56,215.70,0.5584,-1,-1,-1
12,1,378.45,396.73,81.46,233.89,0.7530,-1,-1,-1
12,2,104.35,545.93,74.76,247.05,0.7371,-1,-1,-1
12,3,1133.72,973.19,67.15,106.80,0.6720,-1,-1,-1
12,4,1723.33,459.39,75.05,205.37,0.6362,-1,-1,-1
12,5,1356.80,569.63,81.00,215.40,0.6329,-1,-1,-1
12,6,0.35,856.97,46.93,220.55,0.5764,-1,-1,-1
12,8,541.92,149.22,53.10,191.22,0.5006,-1,-1,-1
13,1,378.66,395.34,81.81,232.41,0.7610,-1,-1,-1
13,2,104.36,545.86,75.47,247.65,0.7420,-1,-1,-1
13,3,1136.20,972.79,66.42,107.14,0.6339,-1,-1,-1
13,4,1723.82,458.50,74.19,206.49,0.6621,-1,-1,-1
13,5,1356.70,569.94,81.07,213.94,0.6359,-1,-1,-1
13,6,0.37,852.02,46.46,225.16,0.5896,-1,-1,-1
13,8,540.19,149.64,54.92,191.73,0.5203,-1,-1,-1
13,11,788.28,146.39,65.20,177.39,0.5103,-1,-1,-1
14,1,379.21,394.56,81.44,231.36,0.7606,-1,-1,-1
14,2,104.16,545.86,75.87,248.27,0.7475,-1,-1,-1
14,3,1139.19,972.55,64.76,107.42,0.6305,-1,-1,-1
14,4,1723.07,459.44,75.64,206.34,0.6575,-1,-1,-1
14,5,1357.13,569.92,80.63,214.23,0.6135,-1,-1,-1
14,6,0.28,849.25,46.81,228.21,0.6077,-1,-1,-1
14,8,538.74,150.73,55.60,191.54,0.5044,-1,-1,-1
14,11,788.57,146.19,64.41,177.52,0.5246,-1,-1,-1
15,1,379.81,393.45,81.34,231.34,0.7611,-1,-1,-1
15,2,104.28,545.86,75.81,248.17,0.7549,-1,-1,-1
15,3,1141.05,972.89,64.27,106.71,0.5995,-1,-1,-1
15,4,1723.72,456.49,74.75,209.66,0.6507,-1,-1,-1
15,5,1356.90,570.40,80.48,213.17,0.6056,-1,-1,-1
15,6,0.19,848.29,47.26,229.89,0.5862,-1,-1,-1
15,8,537.43,151.75,55.76,191.54,0.5038,-1,-1,-1
15,11,788.13,146.73,65.09,176.17,0.5364,-1,-1,-1
16,1,380.25,392.82,80.96,231.89,0.7659,-1,-1,-1
16,2,104.43,546.18,75.52,247.35,0.7503,-1,-1,-1
16,3,1144.71,972.78,63.10,106.37,0.5672,-1,-1,-1
16,4,1724.53,455.58,73.55,210.13,0.6556,-1,-1,-1
16,5,1356.81,570.27,80.28,213.48,0.6194,-1,-1,-1
16,6,0.20,848.28,48.31,230.17,0.5054,-1,-1,-1
16,8,534.93,153.42,56.91,189.29,0.5244,-1,-1,-1
16,11,788.68,146.95,64.47,175.68,0.5039,-1,-1,-1
17,1,380.67,391.71,81.29,233.65,0.7511,-1,-1,-1
17,2,104.16,546.72,76.44,246.35,0.7453,-1,-1,-1
17,3,1148.47,972.90,60.58,106.80,0.5345,-1,-1,-1
17,4,1723.39,457.62,75.41,209.13,0.6399,-1,-1,-1
17,5,1356.68,570.07,81.27,214.49,0.6041,-1,-1,-1
17,6,0.23,847.74,50.13,231.75,0.5548,-1,-1,-1
17,8,533.36,155.67,58.07,187.94,0.6085,-1,-1,-1
18,1,380.79,390.11,81.72,236.13,0.7520,-1,-1,-1
18,2,104.19,546.64,76.48,246.00,0.7479,-1,-1,-1
18,3,1151.85,973.06,58.16,106.84,0.5305,-1,-1,-1
18,4,1723.27,457.95,75.92,208.59,0.6457,-1,-1,-1
18,5,1356.69,569.96,80.95,214.46,0.6182,-1,-1,-1
18,6,0.24,847.17,51.66,232.64,0.5066,-1,-1,-1
18,8,531.81,156.23,57.97,186.99,0.6042,-1,-1,-1
18,11,789.09,147.24,64.04,174.63,0.5330,-1,-1,-1
19,1,380.97,388.58,82.43,237.88,0.7551,-1,-1,-1
19,2,104.36,546.50,76.26,246.10,0.7459,-1,-1,-1
19,3,1154.30,972.72,57.47,107.21,0.5198,-1,-1,-1
19,4,1723.47,456.01,75.31,210.37,0.6467,-1,-1,-1
19,5,1356.92,569.95,80.40,214.77,0.6405,-1,-1,-1
19,6,0.26,845.51,52.40,234.26,0.5326,-1,-1,-1
19,8,530.31,158.63,58.16,184.16,0.5466,-1,-1,-1
20,1,380.89,387.20,82.75,239.52,0.7480,-1,-1,-1
20,2,104.32,546.58,76.07,245.97,0.7456,-1,-1,-1
20,3,1157.21,972.77,55.91,107.21,0.5105,-1,-1,-1
20,4,1723.49,457.91,75.67,208.11,0.6295,-1,-1,-1
20,5,1357.02,570.43,80.15,214.24,0.6494,-1,-1,-1
20,8,530.02,158.98,56.38,183.88,0.5439,-1,-1,-1
21,1,380.72,386.25,83.22,240.16,0.7588,-1,-1,-1
21,2,104.29,546.52,76.01,246.26,0.7433,-1,-1,-1
21,3,1158.38,973.19,56.46,106.79,0.5021,-1,-1,-1
21,4,1723.41,458.08,75.79,208.20,0.6341,-1,-1,-1
21,5,1357.50,570.40,79.49,215.54,0.6137,-1,-1,-1
21,8,530.11,159.19,55.00,183.62,0.5888,-1,-1,-1
21,6,0.40,839.89,53.49,238.12,0.5228,-1,-1,-1
22,1,380.88,386.07,83.18,239.77,0.7578,-1,-1,-1
22,2,104.17,546.92,76.19,245.70,0.7385,-1,-1,-1
22,3,1157.95,974.22,57.81,105.79,0.5591,-1,-1,-1
22,4,1723.79,458.39,74.99,207.56,0.6682,-1,-1,-1
22,5,1357.46,570.22,79.49,215.14,0.6385,-1,-1,-1
22,8,528.94,157.13,54.62,186.12,0.5037,-1,-1,-1
22,6,0.45,841.26,53.44,237.91,0.5434,-1,-1,-1
23,1,381.57,385.36,82.25,238.93,0.7569,-1,-1,-1
23,2,104.24,546.68,76.06,245.61,0.7394,-1,-1,-1
23,3,1159.04,973.94,59.89,106.06,0.5504,-1,-1,-1
23,4,1724.21,457.77,74.38,207.62,0.6392,-1,-1,-1
23,5,1357.04,570.02,80.26,215.17,0.6141,-1,-1,-1
23,6,0.46,842.11,53.37,236.56,0.5669,-1,-1,-1
24,1,381.68,384.89,81.83,238.07,0.7574,-1,-1,-1
24,2,104.28,546.60,76.24,245.65,0.7382,-1,-1,-1
24,3,1159.92,974.60,60.82,105.40,0.5497,-1,-1,-1
24,4,1724.01,456.08,74.33,209.97,0.6434,-1,-1,-1
24,5,1356.76,569.80,80.70,216.91,0.5891,-1,-1,-1
24,6,0.44,840.28,54.12,236.16,0.5361,-1,-1,-1
25,1,381.75,384.11,81.04,237.28,0.7571,-1,-1,-1
25,2,104.02,546.83,76.59,245.88,0.7384,-1,-1,-1
25,3,1160.56,974.76,61.60,105.26,0.5631,-1,-1,-1
25,4,1722.87,457.47,75.52,209.21,0.6544,-1,-1,-1
25,5,1357.00,570.18,79.64,214.12,0.6125,-1,-1,-1
25,6,0.44,836.74,54.71,237.88,0.5031,-1,-1,-1
26,1,382.23,383.15,80.14,237.21,0.7684,-1,-1,-1
26,2,103.59,546.55,77.21,246.90,0.7375,-1,-1,-1
26,3,1161.70,975.06,61.81,104.98,0.5967,-1,-1,-1
26,4,1722.99,454.70,74.51,212.63,0.6365,-1,-1,-1
26,5,1356.83,570.51,80.24,213.42,0.6084,-1,-1,-1
26,6,0.45,834.50,55.50,233.64,0.5684,-1,-1,-1
27,1,381.89,381.51,80.69,237.36,0.7790,-1,-1,-1
27,2,103.42,546.22,77.03,247.14,0.7377,-1,-1,-1
27,3,1163.12,975.05,62.32,104.94,0.6073,-1,-1,-1
27,4,1722.74,457.69,74.66,208.90,0.6521,-1,-1,-1
27,5,1356.63,570.16,80.33,214.30,0.5868,-1,-1,-1
27,6,0.43,831.01,56.40,234.45,0.6075,-1,-1,-1
28,1,381.89,379.67,81.77,237.86,0.7725,-1,-1,-1
28,2,103.10,546.61,77.19,246.38,0.7386,-1,-1,-1
28,3,1164.61,975.62,62.93,104.39,0.6165,-1,-1,-1
28,4,1723.01,456.22,74.03,210.67,0.6400,-1,-1,-1
28,5,1356.71,569.64,80.66,215.68,0.5881,-1,-1,-1
28,6,0.21,828.25,58.11,233.10,0.6340,-1,-1,-1
29,1,382.55,378.06,81.87,238.02,0.7810,-1,-1,-1
29,2,102.84,546.48,77.52,246.48,0.7455,-1,-1,-1
29,3,1165.58,975.85,64.54,104.18,0.6355,-1,-1,-1
29,4,1723.05,457.07,74.17,209.25,0.6502,-1,-1,-1
29,5,1356.65,569.78,81.13,215.40,0.6246,-1,-1,-1
29,6,0.25,826.43,59.25,229.66,0.6978,-1,-1,-1
30,1,382.94,376.54,83.14,237.20,0.7847,-1,-1,-1
30,2,102.98,547.03,77.51,245.69,0.7384,-1,-1,-1
30,3,1167.18,976.71,65.03,103.29,0.6211,-1,-1,-1
30,4,1723.04,457.39,74.80,208.71,0.6633,-1,-1,-1
30,5,1356.78,569.86,80.28,215.65,0.6171,-1,-1,-1
30,6,0.15,823.57,59.97,228.50,0.6767,-1,-1,-1
31,1,383.60,374.91,85.85,234.36,0.7516,-1,-1,-1
31,2,103.04,546.88,77.08,246.15,0.7404,-1,-1,-1
31,3,1168.45,977.18,65.77,102.78,0.6157,-1,-1,-1
31,4,1723.15,455.83,73.86,211.12,0.6545,-1,-1,-1
31,5,1356.70,569.75,80.32,214.43,0.5914,-1,-1,-1
31,6,0.32,818.68,59.92,235.16,0.6491,-1,-1,-1
32,1,383.76,373.33,89.55,232.85,0.7457,-1,-1,-1
32,2,103.03,546.76,76.65,246.38,0.7472,-1,-1,-1
32,3,1169.44,977.95,66.49,102.03,0.6746,-1,-1,-1
32,4,1722.81,456.85,74.80,209.80,0.6534,-1,-1,-1
32,5,1356.54,569.75,80.14,214.34,0.6039,-1,-1,-1
32,6,0.40,815.66,60.03,240.86,0.6162,-1,-1,-1
33,1,384.16,371.11,92.07,232.69,0.7501,-1,-1,-1
33,2,102.81,546.63,77.59,246.53,0.7486,-1,-1,-1
33,3,1170.89,978.87,66.90,101.13,0.6781,-1,-1,-1
33,4,1722.52,457.23,74.99,210.16,0.6571,-1,-1,-1
33,5,1356.27,569.48,80.91,216.61,0.6021,-1,-1,-1
33,6,0.38,813.35,60.70,246.35,0.6217,-1,-1,-1
34,1,384.80,370.24,92.57,231.80,0.7515,-1,-1,-1
34,2,102.74,546.78,77.72,246.55,0.7391,-1,-1,-1
34,3,1173.40,980.59,66.73,99.42,0.6763,-1,-1,-1
34,4,1722.65,457.97,74.42,208.64,0.6499,-1,-1,-1
34,5,1356.68,569.35,80.93,216.67,0.5996,-1,-1,-1
34,6,0.46,811.44,61.18,248.63,0.6135,-1,-1,-1
35,1,384.91,369.32,93.27,232.44,0.7410,-1,-1,-1
35,2,102.53,546.87,78.32,246.92,0.7346,-1,-1,-1
35,3,1176.83,982.08,65.12,97.94,0.6624,-1,-1,-1
35,4,1722.52,457.69,74.09,208.60,0.6606,-1,-1,-1
35,5,1356.13,569.39,81.52,216.00,0.6011,-1,-1,-1
35,6,0.48,810.44,62.75,252.15,0.5751,-1,-1,-1
36,1,385.22,368.68,92.74,232.82,0.7009,-1,-1,-1
36,2,102.70,547.02,77.72,246.56,0.7385,-1,-1,-1
36,3,1179.44,983.81,64.63,96.21,0.6412,-1,-1,-1
36,4,1722.77,458.48,74.11,207.96,0.6161,-1,-1,-1
36,5,1355.98,569.41,82.04,216.55,0.5767,-1,-1,-1
36,6,0.51,809.63,63.21,250.24,0.5426,-1,-1,-1
37,1,385.95,367.65,90.49,233.55,0.6902,-1,-1,-1
37,2,102.90,547.12,77.00,245.91,0.7344,-1,-1,-1
37,3,1182.11,984.49,64.76,95.49,0.6850,-1,-1,-1
37,4,1722.96,457.79,73.98,208.95,0.6401,-1,-1,-1
37,5,1356.14,569.15,82.11,218.37,0.5677,-1,-1,-1
37,6,0.56,808.54,64.89,249.35,0.6285,-1,-1,-1
37,12,1021.84,157.85,61.69,183.31,0.5344,-1,-1,-1
38,1,387.09,366.57,87.13,234.73,0.6937,-1,-1,-1
38,2,102.81,546.97,76.62,245.56,0.7328,-1,-1,-1
38,3,1184.17,984.58,66.24,95.43,0.6922,-1,-1,-1
38,4,1722.76,458.26,74.36,207.84,0.6428,-1,-1,-1
38,5,1355.98,569.33,81.91,215.37,0.6049,-1,-1,-1
38,6,0.59,808.11,65.90,246.99,0.6404,-1,-1,-1
38,12,1023.29,158.45,60.62,184.08,0.5451,-1,-1,-1
38,13,384.41,993.01,93.20,86.97,0.5469,-1,-1,-1
39,1,387.51,365.36,85.35,236.33,0.6891,-1,-1,-1
39,2,102.47,547.16,77.25,245.06,0.7308,-1,-1,-1
39,3,1186.65,984.11,67.94,95.92,0.6789,-1,-1,-1
39,4,1722.62,457.28,73.77,209.23,0.6227,-1,-1,-1
39,5,1356.70,568.35,81.37,216.97,0.5814,-1,-1,-1
39,6,0.54,807.16,66.14,245.43,0.6523,-1,-1,-1
39,12,1022.47,158.82,61.68,183.18,0.5211,-1,-1,-1
39,13,384.49,991.87,92.92,88.11,0.5276,-1,-1,-1
39,7,923.79,201.01,86.85,172.69,0.5013,-1,-1,-1
40,1,387.94,365.97,86.11,235.51,0.6972,-1,-1,-1
40,2,102.26,546.93,77.41,244.91,0.7335,-1,-1,-1
40,3,1190.04,983.97,68.95,96.03,0.6545,-1,-1,-1
40,4,1722.69,456.60,73.56,210.48,0.6273,-1,-1,-1
40,5,1357.31,569.22,80.45,213.77,0.6151,-1,-1,-1
40,6,0.62,806.06,66.02,243.19,0.6072,-1,-1,-1
40,12,1021.96,159.07,62.34,182.56,0.5093,-1,-1,-1
40,13,384.99,990.12,92.81,89.81,0.5279,-1,-1,-1
40,7,916.00,198.12,93.96,175.39,0.5105,-1,-1,-1
41,1,389.17,365.74,85.52,235.44,0.6909,-1,-1,-1
41,2,102.28,546.73,77.61,245.44,0.7313,-1,-1,-1
41,3,1192.86,984.80,68.16,95.20,0.6802,-1,-1,-1
41,4,1722.55,456.08,73.72,210.93,0.6395,-1,-1,-1
41,5,1357.00,568.82,80.82,215.13,0.6073,-1,-1,-1
41,6,0.56,805.07,66.54,243.08,0.6001,-1,-1,-1
41,7,911.61,201.44,97.97,171.70,0.5440,-1,-1,-1
42,1,390.20,364.66,85.08,235.50,0.7104,-1,-1,-1
42,2,102.26,546.72,78.16,245.63,0.7402,-1,-1,-1
42,3,1195.48,984.94,68.89,95.04,0.6923,-1,-1,-1
42,4,1722.12,455.26,73.93,211.37,0.6461,-1,-1,-1
42,5,1356.97,569.19,80.46,214.52,0.6145,-1,-1,-1
42,6,0.42,802.94,66.85,243.02,0.6312,-1,-1,-1
42,7,907.91,200.46,101.48,172.90,0.5451,-1,-1,-1
42,13,384.38,987.85,94.36,92.06,0.5331,-1,-1,-1
43,1,391.11,364.69,85.04,233.94,0.7374,-1,-1,-1
43,2,101.95,546.83,78.38,245.80,0.7338,-1,-1,-1
43,3,1198.23,985.17,70.25,94.81,0.6623,-1,-1,-1
43,4,1722.24,454.78,73.69,212.01,0.6162,-1,-1,-1
43,5,1356.84,569.14,80.50,214.47,0.6090,-1,-1,-1
43,6,0.30,799.14,67.09,235.58,0.6608,-1,-1,-1
43,13,383.54,987.64,95.15,92.26,0.5402,-1,-1,-1
44,1,391.60,364.58,85.62,232.22,0.7343,-1,-1,-1
44,2,101.94,547.25,78.09,245.49,0.7334,-1,-1,-1
44,3,1199.59,985.50,71.38,94.54,0.6688,-1,-1,-1
44,4,1721.42,456.66,74.73,210.07,0.6474,-1,-1,-1
44,5,1356.85,568.98,80.95,216.07,0.6236,-1,-1,-1
44,6,0.26,795.72,67.45,231.02,0.6726,-1,-1,-1
44,13,382.82,985.94,95.97,94.06,0.5968,-1,-1,-1
45,1,392.81,362.50,85.24,232.20,0.7371,-1,-1,-1
45,2,101.76,546.98,77.73,245.70,0.7425,-1,-1,-1
45,3,1200.77,985.82,72.35,94.22,0.6709,-1,-1,-1
45,4,1721.54,458.12,74.48,208.39,0.6321,-1,-1,-1
45,5,1356.53,568.89,81.00,216.24,0.6345,-1,-1,-1
45,6,0.27,793.03,67.62,229.31,0.6685,-1,-1,-1
45,13,381.61,985.00,95.92,94.97,0.5952,-1,-1,-1
46,1,394.66,360.95,83.46,231.89,0.7422,-1,-1,-1
46,2,101.72,546.55,77.83,246.08,0.7447,-1,-1,-1
46,3,1201.41,986.20,72.17,93.79,0.6854,-1,-1,-1
46,4,1721.01,458.90,74.86,207.05,0.6155,-1,-1,-1
46,5,1356.30,569.21,81.97,216.75,0.6039,-1,-1,-1
46,6,0.43,790.61,68.18,229.19,0.6718,-1,-1,-1
46,13,380.23,980.02,96.89,99.88,0.6033,-1,-1,-1
47,1,395.47,358.98,83.39,231.99,0.7461,-1,-1,-1
47,2,101.49,546.51,78.00,246.19,0.7292,-1,-1,-1
47,3,1202.13,986.35,72.98,93.66,0.6670,-1,-1,-1
47,4,1721.18,458.92,74.86,207.73,0.6306,-1,-1,-1
47,5,1356.52,569.44,81.64,216.05,0.5933,-1,-1,-1
47,6,0.61,789.16,68.89,231.00,0.6183,-1,-1,-1
47,13,379.72,974.34,97.67,105.66,0.5909,-1,-1,-1
48,1,396.34,357.29,83.46,230.35,0.7647,-1,-1,-1
48,2,101.59,546.24,77.91,246.74,0.7353,-1,-1,-1
48,3,1203.46,985.20,75.64,94.77,0.6326,-1,-1,-1
48,4,1721.37,459.47,74.49,206.46,0.6357,-1,-1,-1
48,5,1356.50,569.16,82.56,216.73,0.6132,-1,-1,-1
48,6,0.87,788.31,70.08,233.26,0.5857,-1,-1,-1
48,13,378.79,967.47,99.09,112.50,0.6089,-1,-1,-1
49,1,396.59,356.34,84.08,227.62,0.7608,-1,-1,-1
49,2,101.56,546.10,77.88,246.91,0.7393,-1,-1,-1
49,3,1204.04,984.07,77.24,95.93,0.6518,-1,-1,-1
49,4,1721.01,459.04,74.69,207.07,0.6575,-1,-1,-1
49,5,1356.49,569.42,82.59,217.70,0.6018,-1,-1,-1
49,6,0.84,785.46,71.95,242.63,0.6188,-1,-1,-1
49,13,378.35,964.18,99.72,115.74,0.5888,-1,-1,-1
50,1,396.34,355.03,85.18,226.31,0.7546,-1,-1,-1
50,2,101.56,546.05,77.88,246.67,0.7482,-1,-1,-1
50,3,1204.29,983.19,78.33,96.82,0.6281,-1,-1,-1
50,4,1721.04,459.16,74.43,206.74,0.6391,-1,-1,-1
50,5,1356.93,569.74,81.82,216.15,0.6122,-1,-1,-1
50,6,0.97,784.54,73.57,247.16,0.6055,-1,-1,-1
50,13,379.82,961.47,98.52,117.61,0.5867,-1,-1,-1
51,1,396.27,354.35,86.16,223.91,0.7538,-1,-1,-1
51,2,101.74,545.82,77.72,247.16,0.7505,-1,-1,-1
51,3,1204.90,982.08,79.03,97.93,0.6111,-1,-1,-1
51,4,1720.68,459.89,74.59,205.53,0.6227,-1,-1,-1
51,5,1357.06,569.42,81.51,215.16,0.6198,-1,-1,-1
51,6,1.21,783.29,74.01,247.44,0.6422,-1,-1,-1
51,13,380.51,957.54,98.37,122.12,0.5503,-1,-1,-1
52,1,396.91,353.16,86.51,223.80,0.7677,-1,-1,-1
52,2,102.05,545.53,77.14,247.08,0.7519,-1,-1,-1
52,3,1204.70,981.78,79.43,98.22,0.6304,-1,-1,-1
52,4,1721.58,457.20,73.70,209.02,0.6266,-1,-1,-1
52,5,1356.93,569.23,81.39,215.36,0.6233,-1,-1,-1
52,6,1.94,782.08,74.68,245.79,0.6113,-1,-1,-1
52,13,381.40,953.29,98.71,126.52,0.5450,-1,-1,-1
53,1,398.18,351.56,85.65,225.12,0.7697,-1,-1,-1
53,2,102.39,545.20,76.11,247.40,0.7453,-1,-1,-1
53,3,1204.56,980.46,79.55,99.50,0.6525,-1,-1,-1
53,4,1721.98,456.35,73.46,209.23,0.6261,-1,-1,-1
53,5,1357.09,569.44,81.55,214.07,0.6401,-1,-1,-1
53,6,3.04,780.82,73.50,243.21,0.6510,-1,-1,-1
53,13,381.76,950.11,100.54,129.45,0.6933,-1,-1,-1
54,1,398.58,350.65,85.62,225.99,0.7711,-1,-1,-1
54,2,102.45,544.82,75.77,247.97,0.7479,-1,-1,-1
54,3,1203.81,979.88,80.42,100.07,0.6571,-1,-1,-1
54,4,1722.01,456.07,73.44,209.77,0.6240,-1,-1,-1
54,5,1356.99,569.19,81.95,214.04,0.6411,-1,-1,-1
54,6,5.42,778.53,71.49,239.04,0.6455,-1,-1,-1
54,13,382.51,948.24,102.61,130.30,0.7180,-1,-1,-1
55,1,399.47,349.56,85.03,227.64,0.7785,-1,-1,-1
55,2,102.55,544.91,75.70,248.43,0.7363,-1,-1,-1
55,3,1203.69,979.14,80.84,100.81,0.6651,-1,-1,-1
55,4,1722.12,456.59,73.89,210.50,0.6376,-1,-1,-1
55,5,1357.39,569.03,81.29,215.04,0.6082,-1,-1,-1
55,6,7.52,774.97,70.24,237.94,0.6805,-1,-1,-1
55,13,382.91,946.50,105.37,132.07,0.6929,-1,-1,-1
56,1,400.06,349.05,84.50,229.04,0.7878,-1,-1,-1
56,2,102.53,544.53,75.83,249.09,0.7376,-1,-1,-1
56,3,1203.41,977.79,81.16,102.20,0.6744,-1,-1,-1
56,4,1721.98,456.04,73.61,210.64,0.6445,-1,-1,-1
56,5,1357.16,569.13,80.92,215.95,0.6102,-1,-1,-1
56,6,8.12,772.36,70.27,235.90,0.6943,-1,-1,-1
56,13,383.63,945.73,106.11,133.48,0.6985,-1,-1,-1
57,1,400.22,348.04,83.98,230.26,0.7938,-1,-1,-1
57,2,102.40,544.70,75.94,249.44,0.7329,-1,-1,-1
57,3,1202.75,976.53,81.78,103.45,0.6850,-1,-1,-1
57,4,1721.87,457.84,73.40,208.19,0.6509,-1,-1,-1
57,5,1357.00,569.17,81.28,214.10,0.6174,-1,-1,-1
57,6,6.65,770.82,71.41,232.12,0.7197,-1,-1,-1
57,13,385.03,944.99,106.00,134.22,0.7176,-1,-1,-1
58,1,400.13,347.09,84.31,231.15,0.7873,-1,-1,-1
58,2,102.66,545.00,75.53,249.27,0.7288,-1,-1,-1
58,3,1201.92,976.18,82.90,103.82,0.6688,-1,-1,-1
58,4,1722.05,456.31,73.03,209.37,0.6400,-1,-1,-1
58,5,1357.07,569.35,81.19,214.68,0.6247,-1,-1,-1
58,6,7.12,767.76,73.27,229.79,0.7118,-1,-1,-1
58,13,386.69,944.02,104.95,135.56,0.6723,-1,-1,-1
59,1,401.12,345.76,83.76,232.64,0.7851,-1,-1,-1
59,2,102.75,545.06,75.32,249.46,0.7327,-1,-1,-1
59,3,1200.38,975.69,84.65,104.30,0.6719,-1,-1,-1
59,4,1722.66,456.04,72.96,210.46,0.6377,-1,-1,-1
59,5,1357.04,568.93,81.31,213.53,0.6413,-1,-1,-1
59,6,6.86,765.44,75.08,226.13,0.7217,-1,-1,-1
59,13,387.89,942.96,103.92,136.61,0.7142,-1,-1,-1
60,1,401.88,345.66,82.66,231.99,0.7925,-1,-1,-1
60,2,102.33,545.21,75.65,250.27,0.7259,-1,-1,-1
60,3,1199.54,974.90,85.30,105.13,0.6700,-1,-1,-1
60,4,1722.25,457.92,73.30,208.30,0.6275,-1,-1,-1
60,5,1356.85,568.95,81.34,214.80,0.6262,-1,-1,-1
60,6,8.53,761.36,72.15,225.19,0.7345,-1,-1,-1
60,13,387.90,940.61,105.10,138.67,0.7101,-1,-1,-1
61,1,401.92,344.45,82.45,231.37,0.7977,-1,-1,-1
61,2,102.76,545.99,74.57,248.54,0.7279,-1,-1,-1
61,3,1197.51,972.79,86.20,107.22,0.6306,-1,-1,-1
61,4,1722.58,457.75,72.46,207.81,0.6112,-1,-1,-1
61,5,1357.16,569.18,81.00,214.26,0.6299,-1,-1,-1
61,6,9.57,758.36,70.08,225.25,0.7307,-1,-1,-1
61,13,387.38,938.79,107.03,140.61,0.6141,-1,-1,-1
62,1,402.20,343.16,81.88,231.12,0.7907,-1,-1,-1
62,2,102.91,546.56,74.27,247.84,0.7287,-1,-1,-1
62,3,1196.37,972.35,86.64,107.70,0.6220,-1,-1,-1
62,4,1722.56,456.88,73.00,208.86,0.6000,-1,-1,-1
62,5,1357.53,569.23,80.62,214.59,0.6174,-1,-1,-1
62,6,10.69,756.22,69.26,225.37,0.7302,-1,-1,-1
62,13,386.27,936.69,108.21,142.18,0.5694,-1,-1,-1
63,1,402.23,341.39,82.04,231.87,0.7965,-1,-1,-1
63,2,103.11,546.69,73.93,247.53,0.7298,-1,-1,-1
63,3,1194.85,971.83,87.47,108.18,0.6573,-1,-1,-1
63,4,1721.88,458.08,73.82,207.83,0.5906,-1,-1,-1
63,5,1357.14,569.02,80.94,213.82,0.6020,-1,-1,-1
63,6,10.66,754.85,70.66,228.07,0.7189,-1,-1,-1
63,13,386.04,934.62,107.62,144.26,0.6604,-1,-1,-1
63,8,491.09,187.99,74.86,196.62,0.5326,-1,-1,-1
64,1,402.41,339.05,82.22,232.12,0.7907,-1,-1,-1
64,2,102.66,546.53,74.44,248.32,0.7195,-1,-1,-1
64,3,1193.45,972.63,87.32,107.33,0.6856,-1,-1,-1
64,4,1721.88,456.85,73.84,209.10,0.6059,-1,-1,-1
64,5,1356.40,569.24,81.44,215.32,0.5977,-1,-1,-1
64,6,11.07,753.33,70.83,229.05,0.7204,-1,-1,-1
64,13,385.38,931.19,108.77,147.99,0.6716,-1,-1,-1
65,1,402.24,337.22,82.54,232.22,0.7933,-1,-1,-1
65,2,102.71,547.06,74.49,247.31,0.7280,-1,-1,-1
65,3,1192.52,973.01,86.08,107.00,0.6846,-1,-1,-1
65,4,1720.97,458.80,74.83,207.31,0.6133,-1,-1,-1
65,5,1356.15,569.22,82.46,214.54,0.6283,-1,-1,-1
65,6,10.92,752.28,71.02,231.70,0.7136,-1,-1,-1
65,13,385.30,925.25,108.43,154.38,0.5634,-1,-1,-1
65,8,492.89,191.34,72.92,195.33,0.5081,-1,-1,-1
66,1,402.37,335.19,82.94,232.09,0.7929,-1,-1,-1
66,2,102.77,546.53,75.23,247.75,0.7208,-1,-1,-1
66,3,1190.68,971.93,85.44,108.03,0.7063,-1,-1,-1
66,4,1720.12,459.15,75.57,207.64,0.6260,-1,-1,-1
66,5,1355.88,568.69,83.15,215.83,0.6046,-1,-1,-1
66,6,10.83,750.88,71.27,233.47,0.7134,-1,-1,-1
66,13,386.47,918.99,106.00,160.82,0.5605,-1,-1,-1
66,8,495.09,191.12,70.10,195.85,0.5281,-1,-1,-1
67,1,402.30,333.89,84.06,230.02,0.7944,-1,-1,-1
67,2,102.78,546.68,75.59,247.57,0.7250,-1,-1,-1
67,3,1189.06,971.67,86.23,108.31,0.6942,-1,-1,-1
67,4,1720.41,459.10,75.15,207.00,0.5965,-1,-1,-1
67,5,1356.56,569.00,82.09,214.67,0.5982,-1,-1,-1
67,6,10.38,748.99,71.61,236.14,0.7028,-1,-1,-1
67,13,385.91,914.36,105.84,164.47,0.6553,-1,-1,-1
67,8,495.20,191.19,69.88,198.63,0.5657,-1,-1,-1
68,1,402.86,333.21,84.16,227.78,0.7902,-1,-1,-1
68,2,102.68,546.62,75.83,247.75,0.7294,-1,-1,-1
68,3,1186.21,970.23,86.32,109.75,0.6957,-1,-1,-1
68,4,1721.12,459.38,74.50,206.95,0.6081,-1,-1,-1
68,5,1356.52,568.33,82.26,215.77,0.5953,-1,-1,-1
68,6,10.28,746.72,71.93,239.72,0.7077,-1,-1,-1
68,13,385.25,911.71,106.33,166.48,0.7051,-1,-1,-1
68,8,495.24,192.36,69.18,197.60,0.5750,-1,-1,-1
69,1,402.76,332.18,85.10,226.28,0.7834,-1,-1,-1
69,2,102.73,546.65,75.43,248.09,0.7309,-1,-1,-1
69,3,1184.25,969.66,86.27,110.30,0.6797,-1,-1,-1
69,4,1722.06,457.71,74.64,210.86,0.5947,-1,-1,-1
69,5,1356.67,568.53,82.00,216.85,0.5962,-1,-1,-1
69,6,10.40,744.81,72.01,241.43,0.7102,-1,-1,-1
69,13,384.78,909.91,106.83,168.61,0.6853,-1,-1,-1
69,8,493.26,193.40,72.87,196.10,0.5869,-1,-1,-1
69,12,1000.75,187.66,62.12,177.32,0.5338,-1,-1,-1
70,1,402.81,331.28,85.79,224.56,0.7903,-1,-1,-1
70,2,103.04,546.40,74.94,248.33,0.7319,-1,-1,-1
70,3,1182.64,969.15,86.02,110.82,0.6649,-1,-1,-1
70,4,1722.68,456.10,74.42,212.04,0.6157,-1,-1,-1
70,5,1356.39,568.40,82.81,217.49,0.6087,-1,-1,-1
70,6,10.83,743.14,71.88,239.06,0.7152,-1,-1,-1
70,13,384.30,907.20,107.21,171.98,0.6793,-1,-1,-1
70,8,491.33,195.11,76.28,194.20,0.5919,-1,-1,-1
70,12,1000.26,187.91,61.60,177.85,0.5581,-1,-1,-1
71,1,403.08,329.96,85.64,223.81,0.7909,-1,-1,-1
71,2,102.51,545.49,75.68,249.82,0.7292,-1,-1,-1
71,3,1181.35,968.33,86.10,111.65,0.6676,-1,-1,-1
71,4,1722.50,456.42,74.69,211.42,0.6225,-1,-1,-1
71,5,1356.81,568.67,82.36,218.40,0.5627,-1,-1,-1
71,6,11.39,741.45,72.14,233.60,0.7212,-1,-1,-1
71,13,381.75,904.85,109.89,174.83,0.7093,-1,-1,-1
71,8,491.81,194.06,77.33,195.37,0.6135,-1,-1,-1
71,12,998.87,188.31,60.59,178.06,0.5614,-1,-1,-1
72,1,403.37,328.51,85.68,224.90,0.7885,-1,-1,-1
72,2,102.27,544.84,75.93,250.50,0.7259,-1,-1,-1
72,3,1180.15,966.46,85.61,113.56,0.5933,-1,-1,-1
72,4,1722.46,456.87,74.53,210.72,0.6192,-1,-1,-1
72,5,1357.09,569.03,82.26,218.29,0.6062,-1,-1,-1
72,6,11.04,738.33,73.16,230.02,0.7274,-1,-1,-1
72,13,380.41,903.18,110.93,176.74,0.7213,-1,-1,-1
72,8,488.76,193.84,81.96,195.98,0.5970,-1,-1,-1
72,12,998.19,188.70,58.97,178.66,0.5725,-1,-1,-1
73,1,404.20,327.64,85.18,226.34,0.7872,-1,-1,-1
73,2,102.00,545.05,76.20,250.23,0.7321,-1,-1,-1
73,3,1179.17,965.31,86.06,114.68,0.6094,-1,-1,-1
73,4,1722.72,456.28,74.57,212.53,0.6133,-1,-1,-1
73,5,1356.95,569.35,82.82,216.72,0.6160,-1,-1,-1
73,6,10.86,734.96,73.96,229.32,0.7478,-1,-1,-1
73,13,379.04,902.05,112.11,177.94,0.7151,-1,-1,-1
73,8,486.16,193.53,86.09,196.52,0.5927,-1,-1,-1
73,12,997.03,189.55,57.71,178.83,0.5500,-1,-1,-1
74,1,405.03,327.35,84.46,226.26,0.7842,-1,-1,-1
74,2,102.21,545.41,75.64,249.21,0.7220,-1,-1,-1
74,3,1178.09,964.90,86.99,115.11,0.6237,-1,-1,-1
74,4,1722.20,458.94,74.34,208.64,0.5958,-1,-1,-1
74,5,1356.63,569.56,82.89,215.52,0.6195,-1,-1,-1
74,6,10.89,732.39,74.61,226.50,0.7514,-1,-1,-1
74,13,378.73,900.32,112.16,179.70,0.6885,-1,-1,-1
74,8,484.97,194.76,88.22,195.31,0.5599,-1,-1,-1
74,12,997.48,190.16,55.45,180.50,0.5586,-1,-1,-1
75,1,405.21,326.72,84.39,226.67,0.7785,-1,-1,-1
75,2,101.92,545.19,75.51,249.47,0.7284,-1,-1,-1
75,3,1176.95,964.45,88.11,115.57,0.6363,-1,-1,-1
75,4,1722.19,457.67,74.40,211.06,0.6187,-1,-1,-1
75,5,1356.76,569.93,82.58,212.94,0.6548,-1,-1,-1
75,6,10.72,730.88,74.76,226.99,0.7486,-1,-1,-1
75,13,379.03,898.16,111.48,181.88,0.6778,-1,-1,-1
75,8,483.33,196.25,89.45,194.05,0.5708,-1,-1,-1
75,12,995.22,189.61,56.84,183.05,0.6141,-1,-1,-1
76,1,406.36,326.29,83.46,227.27,0.7724,-1,-1,-1
76,2,102.01,544.42,75.04,250.21,0.7220,-1,-1,-1
76,3,1176.45,963.86,88.58,116.12,0.6886,-1,-1,-1
76,4,1721.47,459.07,74.55,207.89,0.6303,-1,-1,-1
76,5,1356.34,570.40,83.01,212.54,0.6477,-1,-1,-1
76,6,10.86,729.12,74.45,229.54,0.7470,-1,-1,-1
76,13,380.21,895.30,109.48,184.68,0.6904,-1,-1,-1
76,8,485.07,199.26,87.98,191.87,0.5540,-1,-1,-1
76,12,994.17,189.44,57.21,182.46,0.5748,-1,-1,-1
77,1,406.97,325.20,83.39,228.78,0.7668,-1,-1,-1
77,2,102.12,544.22,74.22,250.34,0.7224,-1,-1,-1
77,3,1176.25,963.65,88.46,116.31,0.6972,-1,-1,-1
77,4,1721.23,458.92,74.64,206.70,0.6226,-1,-1,-1
77,5,1355.95,570.00,84.28,214.17,0.6321,-1,-1,-1
77,6,11.01,727.63,74.29,230.59,0.7515,-1,-1,-1
77,13,381.80,893.02,107.28,186.93,0.7466,-1,-1,-1
77,8,490.95,201.28,81.46,189.37,0.5687,-1,-1,-1
77,12,993.33,190.09,57.83,181.18,0.5922,-1,-1,-1
78,1,407.01,324.62,83.44,229.27,0.7694,-1,-1,-1
78,2,101.90,544.22,73.86,250.08,0.7233,-1,-1,-1
78,3,1175.99,963.07,88.49,116.92,0.7207,-1,-1,-1
78,4,1720.96,459.61,75.13,205.89,0.6372,-1,-1,-1
78,5,1355.56,571.08,85.02,214.34,0.6380,-1,-1,-1
78,6,10.89,726.52,75.46,232.87,0.7458,-1,-1,-1
78,13,382.53,890.74,105.69,189.27,0.7540,-1,-1,-1
78,8,490.74,204.38,79.43,187.00,0.6007,-1,-1,-1
78,12,993.71,189.39,56.80,181.27,0.5644,-1,-1,-1
79,1,407.89,324.28,82.61,230.11,0.7798,-1,-1,-1
79,2,102.04,544.92,73.49,248.89,0.7258,-1,-1,-1
79,3,1175.87,962.92,88.28,117.05,0.7240,-1,-1,-1
79,4,1720.87,458.92,74.91,206.44,0.6468,-1,-1,-1
79,5,1355.29,572.09,85.25,213.69,0.6071,-1,-1,-1
79,6,11.60,725.98,75.79,232.96,0.7472,-1,-1,-1
79,13,384.81,887.50,102.95,192.49,0.7680,-1,-1,-1
79,8,489.93,203.41,80.57,190.66,0.5841,-1,-1,-1
79,12,992.43,190.32,57.68,179.33,0.5754,-1,-1,-1
80,1,409.26,324.02,81.33,229.68,0.7780,-1,-1,-1
80,2,102.19,545.32,73.07,248.42,0.7273,-1,-1,-1
80,3,1175.24,962.35,88.38,117.60,0.7371,-1,-1,-1
80,4,1720.98,459.67,75.05,206.08,0.6344,-1,-1,-1
80,5,1355.99,572.20,85.70,215.93,0.5754,-1,-1,-1
80,6,12.36,724.95,76.59,233.73,0.7277,-1,-1,-1
80,13,386.43,882.94,101.01,197.00,0.7885,-1,-1,-1
80,8,491.01,203.72,79.90,193.20,0.5726,-1,-1,-1
80,12,991.10,190.49,58.19,182.77,0.6078,-1,-1,-1
81,1,410.01,323.65,80.59,228.15,0.7615,-1,-1,-1
81,2,102.54,545.03,72.35,248.48,0.7278,-1,-1,-1
81,3,1175.98,961.90,87.11,118.12,0.7442,-1,-1,-1
81,4,1721.36,459.43,74.90,206.29,0.6201,-1,-1,-1
81,5,1355.71,571.97,85.99,217.19,0.5507,-1,-1,-1
81,6,12.96,724.41,75.86,233.74,0.7207,-1,-1,-1
81,13,387.59,879.42,99.92,200.62,0.7855,-1,-1,-1
81,8,491.77,204.39,79.05,195.60,0.5468,-1,-1,-1
81,12,989.98,191.20,58.27,182.86,0.6100,-1,-1,-1
82,1,411.89,323.37,79.86,226.94,0.7528,-1,-1,-1
82,2,102.45,545.64,72.19,247.26,0.7279,-1,-1,-1
82,3,1175.92,961.39,86.01,118.62,0.7317,-1,-1,-1
82,4,1721.42,459.42,74.63,206.52,0.6201,-1,-1,-1
82,5,1355.79,572.02,85.92,217.53,0.5451,-1,-1,-1
82,6,13.51,722.14,76.89,235.72,0.7266,-1,-1,-1
82,13,387.24,875.82,100.97,204.19,0.7833,-1,-1,-1
82,8,493.82,206.67,77.31,195.06,0.5545,-1,-1,-1
82,12,988.81,191.18,57.79,183.22,0.6095,-1,-1,-1
83,1,412.22,322.06,80.83,226.36,0.7641,-1,-1,-1
83,2,102.09,545.71,72.26,247.34,0.7278,-1,-1,-1
83,3,1175.47,961.50,85.06,118.46,0.7057,-1,-1,-1
83,4,1721.90,459.65,73.94,205.30,0.6159,-1,-1,-1
83,5,1356.05,571.52,85.85,218.64,0.5500,-1,-1,-1
83,6,14.71,720.39,76.15,237.26,0.7177,-1,-1,-1
83,13,387.99,873.17,101.20,206.76,0.7796,-1,-1,-1
83,8,494.29,207.30,78.16,194.99,0.5793,-1,-1,-1
83,12,987.36,191.56,57.67,182.74,0.5994,-1,-1,-1
84,1,413.43,320.41,80.13,226.02,0.7627,-1,-1,-1
84,2,102.19,545.86,72.33,247.36,0.7183,-1,-1,-1
84,3,1174.86,961.33,84.62,118.62,0.7224,-1,-1,-1
84,4,1721.70,459.56,74.32,205.68,0.5940,-1,-1,-1
84,5,1356.24,571.93,85.53,217.24,0.5437,-1,-1,-1
84,6,14.68,718.64,75.72,239.13,0.7199,-1,-1,-1
84,13,388.35,870.82,101.94,209.12,0.7700,-1,-1,-1
84,8,495.60,208.34,77.45,196.17,0.5983,-1,-1,-1
84,12,986.11,191.87,57.48,182.44,0.6085,-1,-1,-1
85,1,413.74,318.82,81.23,224.87,0.7575,-1,-1,-1
85,2,101.96,545.25,72.80,248.64,0.7187,-1,-1,-1
85,3,1174.54,961.31,84.06,118.65,0.7154,-1,-1,-1
85,4,1721.27,460.27,74.88,205.66,0.5994,-1,-1,-1
85,6,15.93,717.56,76.35,240.12,0.7212,-1,-1,-1
85,13,388.82,868.83,102.38,211.14,0.7789,-1,-1,-1
85,8,496.09,209.32,77.39,195.37,0.5914,-1,-1,-1
85,12,983.73,191.02,58.89,184.36,0.5486,-1,-1,-1
86,1,414.49,317.57,81.41,222.37,0.7630,-1,-1,-1
86,2,102.01,545.86,73.15,247.70,0.7209,-1,-1,-1
86,3,1173.04,961.07,84.92,118.91,0.7081,-1,-1,-1
86,4,1721.74,458.29,75.03,208.56,0.6081,-1,-1,-1
86,6,17.17,716.05,75.99,236.83,0.7461,-1,-1,-1
86,13,389.42,866.41,102.60,213.60,0.7884,-1,-1,-1
86,8,496.28,209.39,78.06,197.18,0.6102,-1,-1,-1
86,5,1357.22,573.64,85.02,214.07,0.5336,-1,-1,-1
87,1,414.41,316.65,83.20,220.80,0.7753,-1,-1,-1
87,2,102.03,545.72,73.43,247.32,0.7339,-1,-1,-1
87,3,1173.06,960.66,83.81,119.31,0.7056,-1,-1,-1
87,4,1721.37,459.68,74.66,207.17,0.6337,-1,-1,-1
87,6,18.69,713.96,74.73,228.92,0.7605,-1,-1,-1
87,13,389.82,864.37,103.41,215.60,0.7884,-1,-1,-1
87,8,496.09,210.05,79.63,196.24,0.6204,-1,-1,-1
87,5,1357.16,573.77,84.33,214.69,0.5166,-1,-1,-1
88,1,414.20,315.48,84.47,220.10,0.7855,-1,-1,-1
88,2,102.03,546.10,73.52,246.57,0.7177,-1,-1,-1
88,3,1171.41,960.24,84.02,119.71,0.7422,-1,-1,-1
88,4,1720.90,460.05,74.82,206.56,0.6468,-1,-1,-1
88,6,18.69,710.80,74.95,226.76,0.7287,-1,-1,-1
88,13,390.24,862.06,104.87,217.89,0.8054,-1,-1,-1
88,8,496.96,209.83,80.85,197.47,0.6166,-1,-1,-1
88,5,1357.29,573.16,84.15,215.58,0.5495,-1,-1,-1
89,1,414.24,314.00,84.70,219.91,0.7766,-1,-1,-1
89,2,101.97,546.27,73.54,245.81,0.7233,-1,-1,-1
89,3,1171.08,959.81,82.18,120.11,0.7522,-1,-1,-1
89,4,1720.33,459.34,74.92,207.19,0.6361,-1,-1,-1
89,6,18.32,706.54,76.27,227.22,0.7358,-1,-1,-1
89,13,391.30,860.93,104.17,219.03,0.8131,-1,-1,-1
89,8,497.44,208.88,82.47,198.99,0.6147,-1,-1,-1
89,5,1357.22,573.66,84.36,217.25,0.5392,-1,-1,-1
90,1,414.85,312.61,84.47,220.13,0.7463,-1,-1,-1
90,2,101.75,546.59,73.72,245.31,0.7134,-1,-1,-1
90,3,1170.55,958.84,81.21,121.15,0.7640,-1,-1,-1
90,4,1720.37,459.42,74.59,206.85,0.6227,-1,-1,-1
90,6,19.85,704.11,74.98,227.52,0.7339,-1,-1,-1
90,13,392.30,859.65,103.25,220.37,0.8173,-1,-1,-1
90,8,498.63,208.00,83.72,199.06,0.5991,-1,-1,-1
90,5,1357.00,573.36,83.36,216.68,0.5371,-1,-1,-1
91,1,416.00,311.19,82.98,222.00,0.7442,-1,-1,-1
91,2,102.01,546.88,73.65,244.80,0.7042,-1,-1,-1
91,3,1169.52,957.65,80.81,122.35,0.7737,-1,-1,-1
91,4,1720.20,460.02,74.62,206.66,0.6289,-1,-1,-1
91,6,21.02,701.20,74.21,226.93,0.7229,-1,-1,-1
91,13,392.25,857.65,103.94,222.36,0.8023,-1,-1,-1
91,8,500.97,208.52,80.60,199.25,0.5637,-1,-1,-1
91,5,1356.87,572.45,83.63,219.02,0.5257,-1,-1,-1
92,1,416.66,310.66,82.68,223.24,0.7394,-1,-1,-1
92,2,102.14,546.81,73.47,244.90,0.7011,-1,-1,-1
92,3,1169.01,956.99,79.46,123.01,0.7608,-1,-1,-1
92,4,1720.56,460.02,74.53,206.78,0.6310,-1,-1,-1
92,6,22.15,697.45,72.79,228.61,0.7176,-1,-1,-1
92,13,392.75,854.62,103.02,225.41,0.7953,-1,-1,-1
92,8,500.63,211.29,79.95,196.60,0.5911,-1,-1,-1
92,5,1357.16,572.40,83.09,216.94,0.5328,-1,-1,-1
93,1,417.16,309.72,82.51,224.41,0.7306,-1,-1,-1
93,2,102.18,547.01,73.08,244.73,0.6920,-1,-1,-1
93,3,1168.20,956.63,78.54,123.38,0.7792,-1,-1,-1
93,4,1720.65,460.03,74.66,206.50,0.6208,-1,-1,-1
93,6,23.33,697.25,71.62,226.32,0.7093,-1,-1,-1
93,13,393.62,851.37,102.82,228.64,0.8024,-1,-1,-1
93,8,501.46,210.00,79.25,198.04,0.5532,-1,-1,-1
93,5,1357.02,572.09,82.80,216.62,0.5182,-1,-1,-1
94,1,417.24,309.10,82.48,224.83,0.7310,-1,-1,-1
94,2,102.10,547.24,73.47,244.57,0.6883,-1,-1,-1
94,3,1167.39,955.73,77.18,124.30,0.7913,-1,-1,-1
94,4,1721.29,460.12,74.49,206.88,0.6233,-1,-1,-1
94,6,23.69,696.74,70.99,225.06,0.7143,-1,-1,-1
94,13,394.21,849.08,102.73,231.03,0.7916,-1,-1,-1
94,8,501.50,210.92,78.16,198.85,0.5256,-1,-1,-1
95,1,416.85,308.01,82.75,226.25,0.7427,-1,-1,-1
95,2,101.97,547.21,73.67,244.33,0.6853,-1,-1,-1
95,3,1165.90,954.15,77.31,125.84,0.7874,-1,-1,-1
95,4,1721.59,460.05,73.69,206.92,0.6117,-1,-1,-1
95,6,25.12,695.85,69.51,225.73,0.7151,-1,-1,-1
95,13,395.07,844.67,101.55,235.37,0.7974,-1,-1,-1
96,1,417.57,307.23,83.60,226.87,0.7600,-1,-1,-1
96,2,101.83,547.06,73.64,243.97,0.6778,-1,-1,-1
96,3,1164.94,953.28,76.18,126.72,0.7955,-1,-1,-1
96,4,1721.57,459.35,73.67,207.03,0.6219,-1,-1,-1
96,6,26.04,694.06,68.57,228.13,0.7193,-1,-1,-1
96,13,395.36,841.63,100.83,238.41,0.8076,-1,-1,-1
96,8,506.65,211.81,78.50,203.27,0.5504,-1,-1,-1
97,1,417.62,306.64,83.41,227.32,0.7582,-1,-1,-1
97,2,101.86,547.09,73.52,244.58,0.6833,-1,-1,-1
97,3,1163.57,951.87,75.15,128.14,0.7830,-1,-1,-1
97,4,1721.74,459.38,73.94,207.56,0.6386,-1,-1,-1
97,6,25.82,692.96,68.80,228.54,0.7185,-1,-1,-1
97,13,395.59,840.54,99.01,239.52,0.8020,-1,-1,-1
97,8,509.15,213.18,76.02,204.21,0.5288,-1,-1,-1
97,5,1356.56,572.34,83.65,220.92,0.5215,-1,-1,-1
98,1,418.19,305.30,82.93,228.70,0.7627,-1,-1,-1
98,2,101.73,546.89,73.51,244.66,0.6731,-1,-1,-1
98,3,1161.53,949.87,75.68,130.13,0.7766,-1,-1,-1
98,4,1721.92,456.82,73.92,210.41,0.6372,-1,-1,-1
98,6,26.01,692.29,68.81,229.04,0.7197,-1,-1,-1
98,13,395.39,838.73,97.61,241.31,0.8025,-1,-1,-1
98,8,510.80,214.18,74.03,204.59,0.5613,-1,-1,-1
98,5,1356.97,572.93,82.33,218.98,0.5183,-1,-1,-1
99,1,418.60,304.86,83.21,228.86,0.7623,-1,-1,-1
99,2,101.67,546.60,73.54,245.01,0.6740,-1,-1,-1
99,3,1159.88,947.25,76.26,132.76,0.7661,-1,-1,-1
99,4,1722.11,458.48,73.66,208.98,0.6248,-1,-1,-1
99,6,26.58,691.64,68.90,228.99,0.7220,-1,-1,-1
99,13,395.07,834.76,97.08,245.27,0.8040,-1,-1,-1
99,8,512.48,214.66,71.69,204.62,0.5247,-1,-1,-1
99,5,1357.03,573.42,82.02,214.94,0.5439,-1,-1,-1
100,1,419.53,303.48,83.07,229.32,0.7518,-1,-1,-1
100,2,101.85,545.62,73.17,247.43,0.6635,-1,-1,-1
100,3,1158.85,946.17,75.13,133.85,0.7549,-1,-1,-1
100,4,1721.96,459.16,73.70,208.29,0.6092,-1,-1,-1
100,6,26.82,690.11,69.77,229.66,0.7321,-1,-1,-1
100,13,394.18,831.99,96.97,248.05,0.7951,-1,-1,-1
100,5,1356.91,574.01,82.18,214.44,0.5219,-1,-1,-1
101,1,419.92,302.34,83.38,229.57,0.7660,-1,-1,-1
101,2,102.02,545.20,73.16,248.28,0.6691,-1,-1,-1
101,3,1157.34,945.38,74.68,134.16,0.7602,-1,-1,-1
101,4,1721.80,459.53,74.03,208.03,0.6193,-1,-1,-1
101,6,28.00,688.03,69.65,227.32,0.7360,-1,-1,-1
101,13,392.57,830.05,97.50,249.97,0.7904,-1,-1,-1
101,5,1356.85,574.38,82.36,214.49,0.5131,-1,-1,-1
101,8,512.37,216.89,71.68,206.91,0.5113,-1,-1,-1
102,1,420.62,300.36,82.80,229.81,0.7644,-1,-1,-1
102,2,102.27,544.75,73.23,248.66,0.6745,-1,-1,-1
102,3,1156.16,944.13,73.37,134.80,0.7409,-1,-1,-1
102,4,1721.94,459.94,73.57,207.37,0.6224,-1,-1,-1
102,6,28.34,685.48,69.93,224.80,0.7533,-1,-1,-1
102,13,391.00,827.23,98.60,252.75,0.7981,-1,-1,-1
102,5,1356.87,574.37,82.52,216.40,0.5021,-1,-1,-1
102,8,512.45,217.56,72.13,207.23,0.5148,-1,-1,-1
103,1,420.61,299.17,82.70,228.54,0.7478,-1,-1,-1
103,2,102.34,544.72,73.12,249.16,0.6718,-1,-1,-1
103,3,1154.69,941.74,72.36,136.98,0.7410,-1,-1,-1
103,4,1721.36,459.93,74.19,206.80,0.6110,-1,-1,-1
103,6,30.23,684.20,69.23,220.93,0.7641,-1,-1,-1
103,13,389.17,825.39,100.21,254.64,0.7944,-1,-1,-1
103,8,511.74,217.21,73.70,209.34,0.5130,-1,-1,-1
104,1,421.11,298.90,81.75,225.66,0.7410,-1,-1,-1
104,2,102.63,544.13,72.99,249.98,0.6567,-1,-1,-1
104,3,1152.48,941.28,71.21,137.41,0.7273,-1,-1,-1
104,4,1721.56,459.41,73.43,206.80,0.6162,-1,-1,-1
104,6,32.10,682.16,68.43,220.02,0.7643,-1,-1,-1
104,13,387.53,822.77,101.51,257.22,0.8052,-1,-1,-1
104,8,512.44,216.99,75.90,209.72,0.5278,-1,-1,-1
105,1,420.91,298.14,82.22,220.98,0.7366,-1,-1,-1
105,2,102.78,544.28,73.13,249.84,0.6829,-1,-1,-1
105,3,1151.05,940.47,69.82,137.77,0.7222,-1,-1,-1
105,4,1721.29,458.96,74.27,206.94,0.6148,-1,-1,-1
105,6,34.65,680.91,67.98,221.26,0.7763,-1,-1,-1
105,13,386.83,821.02,101.99,258.97,0.8103,-1,-1,-1
105,8,514.00,220.37,74.45,206.14,0.5061,-1,-1,-1
106,1,421.40,297.03,81.76,217.04,0.7385,-1,-1,-1
106,2,102.99,545.37,73.16,248.92,0.6617,-1,-1,-1
106,3,1149.86,939.70,68.87,138.82,0.7098,-1,-1,-1
106,4,1721.33,459.55,74.00,206.77,0.6220,-1,-1,-1
106,6,35.84,679.69,69.96,222.16,0.7827,-1,-1,-1
106,13,385.78,819.05,102.41,260.95,0.8043,-1,-1,-1
106,12,949.15,201.37,59.67,186.20,0.5160,-1,-1,-1
107,1,421.15,295.75,81.70,215.78,0.7489,-1,-1,-1
107,2,103.18,545.93,73.23,249.01,0.6631,-1,-1,-1
107,3,1147.83,938.35,69.86,140.29,0.7247,-1,-1,-1
107,4,1721.04,459.57,74.29,206.77,0.6308,-1,-1,-1
107,6,36.34,678.79,74.46,222.23,0.7871,-1,-1,-1
107,13,385.49,817.57,101.55,262.39,0.8076,-1,-1,-1
107,12,948.84,203.87,58.79,186.48,0.5247,-1,-1,-1
107,8,514.38,223.70,72.81,202.36,0.5120,-1,-1,-1
108,1,421.05,294.38,81.87,216.03,0.7383,-1,-1,-1
108,2,103.15,545.87,73.68,250.18,0.6416,-1,-1,-1
108,3,1145.88,937.73,70.49,140.58,0.7298,-1,-1,-1
108,4,1720.88,459.18,74.33,207.02,0.6401,-1,-1,-1
108,6,37.18,676.96,78.98,224.09,0.8082,-1,-1,-1
108,13,385.57,815.95,100.81,263.96,0.8065,-1,-1,-1
108,12,946.50,205.21,59.95,188.64,0.5481,-1,-1,-1
109,1,420.06,293.78,83.22,216.04,0.7413,-1,-1,-1
109,2,103.11,545.60,73.50,251.33,0.6548,-1,-1,-1
109,3,1143.88,936.95,70.91,141.93,0.7533,-1,-1,-1
109,4,1721.54,458.82,73.31,206.51,0.6151,-1,-1,-1
109,6,38.21,675.99,79.06,225.07,0.8145,-1,-1,-1
109,13,385.55,811.91,100.05,268.03,0.8131,-1,-1,-1
109,12,945.36,205.06,59.44,188.41,0.6071,-1,-1,-1
109,5,1356.55,575.63,82.74,215.96,0.5245,-1,-1,-1
110,1,419.63,291.79,84.26,217.83,0.7467,-1,-1,-1
110,2,103.08,545.07,73.58,253.84,0.6552,-1,-1,-1
110,3,1141.16,936.56,72.00,142.87,0.7566,-1,-1,-1
110,4,1721.47,459.25,73.56,207.47,0.6224,-1,-1,-1
110,6,39.09,673.78,85.81,225.97,0.7994,-1,-1,-1
110,13,385.98,806.82,98.75,273.12,0.8169,-1,-1,-1
110,12,944.52,205.92,58.09,187.25,0.6181,-1,-1,-1
110,5,1356.65,576.12,83.89,217.43,0.5024,-1,-1,-1
111,1,419.87,289.40,84.76,220.83,0.7341,-1,-1,-1
111,2,102.84,544.79,73.47,255.06,0.6583,-1,-1,-1
111,3,1138.70,935.86,72.77,143.92,0.7606,-1,-1,-1
111,4,1721.79,457.10,73.49,209.67,0.5936,-1,-1,-1
111,6,40.91,671.68,89.42,226.16,0.7702,-1,-1,-1
111,13,387.15,802.29,97.67,277.66,0.8207,-1,-1,-1
111,12,942.78,206.87,58.85,187.12,0.6484,-1,-1,-1
111,5,1356.77,575.97,82.39,214.29,0.5081,-1,-1,-1
111,8,516.42,227.55,73.62,199.68,0.5173,-1,-1,-1
112,1,419.48,288.01,84.97,222.31,0.7348,-1,-1,-1
112,2,103.10,544.80,72.91,255.14,0.6414,-1,-1,-1
112,3,1137.79,934.81,72.48,145.15,0.7561,-1,-1,-1
112,4,1721.96,456.61,73.67,210.45,0.6127,-1,-1,-1
112,6,43.23,670.36,90.27,226.04,0.7174,-1,-1,-1
112,13,388.18,799.78,96.47,277.50,0.8148,-1,-1,-1
112,12,940.93,209.01,59.26,185.75,0.6367,-1,-1,-1
112,5,1357.18,575.38,81.54,212.46,0.5605,-1,-1,-1
112,8,517.39,230.47,73.84,198.43,0.5553,-1,-1,-1
113,1,420.00,287.05,85.14,223.56,0.7437,-1,-1,-1
113,2,103.56,545.37,72.25,252.98,0.6696,-1,-1,-1
113,3,1135.40,934.27,73.38,145.77,0.7561,-1,-1,-1
113,4,1721.83,459.04,73.76,207.13,0.6321,-1,-1,-1
113,6,45.51,669.87,83.99,225.36,0.6615,-1,-1,-1
113,13,388.37,797.46,95.95,274.42,0.8059,-1,-1,-1
113,12,940.07,210.07,58.40,185.37,0.6518,-1,-1,-1
113,5,1356.86,575.43,82.96,215.32,0.5355,-1,-1,-1
113,8,518.03,232.88,73.60,198.23,0.5480,-1,-1,-1
114,1,419.80,286.05,86.60,223.38,0.7351,-1,-1,-1
114,2,103.68,545.41,72.10,251.90,0.6596,-1,-1,-1
114,3,1133.31,933.41,73.32,146.60,0.7547,-1,-1,-1
114,4,1721.79,457.18,73.71,209.59,0.6197,-1,-1,-1
114,6,47.91,668.10,82.97,225.94,0.6566,-1,-1,-1
114,13,388.90,794.27,95.73,272.52,0.8079,-1,-1,-1
114,12,937.57,209.95,58.54,185.54,0.6028,-1,-1,-1
114,5,1356.92,575.34,82.32,215.27,0.5363,-1,-1,-1
114,8,519.29,234.87,74.11,200.24,0.5681,-1,-1,-1
115,1,420.09,286.20,86.93,222.77,0.7587,-1,-1,-1
115,2,103.93,545.36,71.56,252.83,0.6313,-1,-1,-1
115,3,1129.84,933.46,74.96,146.55,0.7633,-1,-1,-1
115,4,1721.63,456.87,74.24,210.47,0.6517,-1,-1,-1
115,6,52.18,666.09,82.19,226.93,0.6841,-1,-1,-1
115,13,389.20,790.93,97.18,271.09,0.8049,-1,-1,-1
115,12,936.89,210.61,57.53,184.32,0.6124,-1,-1,-1
115,5,1356.99,575.04,82.69,214.39,0.5490,-1,-1,-1
115,8,521.06,236.36,74.73,201.08,0.6077,-1,-1,-1
116,1,419.71,285.51,87.21,223.42,0.7554,-1,-1,-1
116,2,103.63,546.11,70.99,249.10,0.5932,-1,-1,-1
116,3,1127.07,933.80,75.17,146.18,0.7660,-1,-1,-1
116,4,1721.65,459.37,73.94,207.77,0.6297,-1,-1,-1
116,6,57.68,664.73,78.33,222.86,0.6925,-1,-1,-1
116,13,390.25,788.22,98.16,272.47,0.8108,-1,-1,-1
116,12,935.13,211.19,58.17,182.90,0.5616,-1,-1,-1
116,5,1356.62,574.99,83.55,216.94,0.5442,-1,-1,-1
116,8,520.65,236.10,74.65,202.50,0.5904,-1,-1,-1
117,1,419.79,285.02,87.08,223.80,0.7546,-1,-1,-1
117,2,103.42,545.98,70.80,246.16,0.5549,-1,-1,-1
117,3,1124.52,933.91,75.78,145.67,0.7593,-1,-1,-1
117,4,1721.39,459.57,74.14,207.00,0.6431,-1,-1,-1
117,6,65.24,664.33,75.05,218.34,0.7182,-1,-1,-1
117,13,390.29,786.56,99.40,272.65,0.8087,-1,-1,-1
117,12,934.16,211.19,56.85,181.17,0.5329,-1,-1,-1
117,5,1356.20,575.67,84.49,220.14,0.5567,-1,-1,-1
117,8,520.63,236.48,74.33,203.32,0.5523,-1,-1,-1
118,1,420.49,284.65,86.10,223.83,0.7446,-1,-1,-1
118,2,100.35,545.37,73.76,246.43,0.5335,-1,-1,-1
118,3,1121.50,933.87,77.22,145.82,0.7776,-1,-1,-1
118,4,1721.45,459.80,73.96,206.61,0.6523,-1,-1,-1
118,6,70.86,665.49,71.99,213.28,0.6107,-1,-1,-1
118,13,390.28,784.82,100.87,275.30,0.7998,-1,-1,-1
118,12,930.87,211.46,58.46,182.76,0.5609,-1,-1,-1
118,5,1356.44,575.96,83.94,216.08,0.5140,-1,-1,-1
118,8,520.33,235.94,74.48,206.21,0.5837,-1,-1,-1
119,1,420.63,284.38,85.63,223.79,0.7466,-1,-1,-1
119,2,99.36,546.07,74.91,252.79,0.5138,-1,-1,-1
119,3,1118.30,933.97,78.06,145.97,0.7949,-1,-1,-1
119,4,1720.93,459.67,74.77,206.77,0.6540,-1,-1,-1
119,6,76.06,667.88,71.95,209.59,0.5400,-1,-1,-1
119,13,391.76,783.54,100.62,275.23,0.8012,-1,-1,-1
119,12,930.30,210.99,56.82,184.98,0.5357,-1,-1,-1
119,8,520.31,237.13,73.21,207.10,0.6031,-1,-1,-1
120,1,420.90,283.81,85.16,224.35,0.7468,-1,-1,-1
120,2,99.11,545.61,75.12,255.87,0.5082,-1,-1,-1
120,3,1114.76,933.51,78.71,146.47,0.7978,-1,-1,-1
120,4,1720.87,459.84,75.03,206.87,0.6276,-1,-1,-1
120,6,81.03,666.52,69.75,207.77,0.5924,-1,-1,-1
120,13,392.45,782.26,100.65,275.35,0.8033,-1,-1,-1
120,12,929.09,211.21,56.75,186.11,0.5363,-1,-1,-1
120,8,520.94,239.83,71.79,203.99,0.5786,-1,-1,-1
121,1,421.10,282.23,84.36,225.02,0.7512,-1,-1,-1
121,3,1110.97,932.85,79.73,147.16,0.7761,-1,-1,-1
121,4,1721.48,457.07,74.30,209.92,0.6353,-1,-1,-1
121,6,82.04,664.45,71.67,210.11,0.6927,-1,-1,-1
121,13,392.81,780.19,100.99,276.63,0.8022,-1,-1,-1
121,8,521.78,242.30,68.80,200.86,0.5770,-1,-1,-1
121,5,1356.50,575.95,82.89,213.40,0.5522,-1,-1,-1
122,1,421.32,281.19,84.14,223.94,0.7521,-1,-1,-1
122,3,1107.04,932.37,80.45,147.64,0.7837,-1,-1,-1
122,4,1720.68,458.82,75.22,208.00,0.6479,-1,-1,-1
122,6,84.30,661.75,74.82,212.53,0.6641,-1,-1,-1
122,13,392.66,779.20,101.74,277.10,0.7995,-1,-1,-1
122,8,521.39,242.69,67.02,199.94,0.5996,-1,-1,-1
123,1,422.04,280.21,83.21,221.71,0.7330,-1,-1,-1
123,3,1104.51,931.60,79.96,148.08,0.7825,-1,-1,-1
123,4,1720.81,458.90,75.47,207.91,0.6469,-1,-1,-1
123,6,85.39,659.38,76.25,213.98,0.6610,-1,-1,-1
123,13,392.45,777.91,102.07,277.25,0.7933,-1,-1,-1
123,8,521.66,244.35,66.34,197.50,0.5734,-1,-1,-1
123,5,1356.51,576.39,83.74,212.54,0.5540,-1,-1,-1
124,1,422.30,279.08,82.66,218.72,0.7284,-1,-1,-1
124,3,1101.30,930.25,79.84,149.22,0.7832,-1,-1,-1
124,4,1720.73,459.38,75.42,207.12,0.6137,-1,-1,-1
124,6,90.84,657.12,72.70,216.14,0.5096,-1,-1,-1
124,13,393.15,777.34,102.62,275.11,0.7934,-1,-1,-1
124,8,522.46,244.96,68.12,197.54,0.5242,-1,-1,-1
124,5,1356.71,576.32,83.61,214.00,0.5143,-1,-1,-1
125,1,422.76,278.29,81.91,214.95,0.7079,-1,-1,-1
125,3,1097.69,929.70,80.20,150.00,0.7885,-1,-1,-1
125,4,1720.82,458.46,74.97,208.28,0.6329,-1,-1,-1
125,13,393.36,775.15,102.18,276.09,0.7895,-1,-1,-1
125,8,522.84,247.09,67.43,192.68,0.5251,-1,-1,-1
126,1,422.09,277.38,82.19,213.81,0.7058,-1,-1,-1
126,3,1094.13,929.13,80.83,150.50,0.8040,-1,-1,-1
126,4,1720.55,458.51,74.99,208.71,0.6346,-1,-1,-1
126,13,393.44,771.11,100.07,278.34,0.8007,-1,-1,-1
126,8,523.14,248.54,67.56,192.01,0.5492,-1,-1,-1
126,5,1357.40,576.05,82.39,212.74,0.5259,-1,-1,-1
127,1,422.59,276.87,81.02,213.34,0.6877,-1,-1,-1
127,3,1090.80,928.96,82.10,150.97,0.8076,-1,-1,-1
127,4,1720.85,458.91,74.87,207.89,0.6575,-1,-1,-1
127,13,394.06,766.71,97.50,277.39,0.7937,-1,-1,-1
127,8,523.80,251.35,67.12,189.37,0.5626,-1,-1,-1
127,5,1357.56,576.54,82.54,213.32,0.5202,-1,-1,-1
128,1,422.57,276.33,80.26,212.95,0.6688,-1,-1,-1
128,3,1087.78,928.21,81.74,151.52,0.7922,-1,-1,-1
128,4,1720.87,459.13,75.22,207.29,0.6282,-1,-1,-1
128,13,393.76,762.07,97.66,276.75,0.7918,-1,-1,-1
128,8,524.60,253.96,65.93,188.45,0.5367,-1,-1,-1
128,5,1357.33,576.68,82.83,214.38,0.5055,-1,-1,-1
129,1,420.25,275.64,80.71,215.24,0.6899,-1,-1,-1
129,3,1085.49,927.66,81.32,151.87,0.7887,-1,-1,-1
129,4,1720.81,458.59,75.05,206.71,0.6354,-1,-1,-1
129,13,395.18,757.36,95.72,272.92,0.7937,-1,-1,-1
129,8,525.34,255.28,64.54,190.75,0.5923,-1,-1,-1
130,1,419.27,274.19,80.94,217.37,0.7042,-1,-1,-1
130,3,1082.21,926.96,81.90,152.30,0.7803,-1,-1,-1
130,4,1721.21,458.43,74.66,207.46,0.6125,-1,-1,-1
130,13,396.57,754.37,93.90,267.37,0.7504,-1,-1,-1
130,8,526.85,257.33,62.20,192.23,0.5550,-1,-1,-1
130,2,102.65,544.24,71.72,245.16,0.5555,-1,-1,-1
131,1,419.95,273.04,80.06,218.50,0.6626,-1,-1,-1
131,3,1080.34,926.73,81.05,151.73,0.7587,-1,-1,-1
131,4,1721.27,458.88,74.36,207.15,0.6176,-1,-1,-1
131,13,396.36,752.11,93.23,264.41,0.7422,-1,-1,-1
131,8,527.91,257.82,61.10,197.54,0.5050,-1,-1,-1
131,2,102.99,543.68,71.58,244.25,0.6451,-1,-1,-1
131,5,1360.18,576.87,81.51,214.18,0.5041,-1,-1,-1
132,1,419.45,272.75,80.63,219.09,0.6495,-1,-1,-1
132,3,1079.06,927.11,80.93,151.18,0.7711,-1,-1,-1
132,4,1721.32,459.16,74.28,207.04,0.6174,-1,-1,-1
132,13,394.59,749.83,93.78,265.14,0.7529,-1,-1,-1
132,8,529.29,254.67,61.82,203.07,0.5009,-1,-1,-1
132,2,102.79,544.23,72.81,245.15,0.5842,-1,-1,-1
132,5,1359.70,576.41,81.54,214.83,0.5141,-1,-1,-1
133,1,418.81,271.96,81.11,219.60,0.6420,-1,-1,-1
133,3,1077.57,927.30,80.90,151.09,0.7793,-1,-1,-1
133,4,1720.99,458.86,74.53,206.75,0.6036,-1,-1,-1
133,13,391.57,748.38,96.57,265.16,0.7542,-1,-1,-1
133,8,530.63,253.76,60.64,206.12,0.5161,-1,-1,-1
133,2,102.53,544.61,73.94,245.22,0.5375,-1,-1,-1
134,1,418.29,272.35,81.26,218.92,0.6426,-1,-1,-1
134,3,1075.85,927.06,79.55,150.92,0.7850,-1,-1,-1
134,4,1721.07,459.38,74.23,206.87,0.5937,-1,-1,-1
134,13,389.67,747.32,98.08,265.52,0.7698,-1,-1,-1
134,8,531.52,255.14,58.11,204.49,0.5157,-1,-1,-1
134,2,102.39,545.09,75.41,237.52,0.5149,-1,-1,-1
135,1,416.51,271.35,82.81,219.22,0.6417,-1,-1,-1
135,3,1074.41,926.50,79.26,151.55,0.7817,-1,-1,-1
135,4,1720.49,458.72,74.87,207.48,0.5994,-1,-1,-1
135,13,389.09,745.47,98.30,267.44,0.7788,-1,-1,-1
135,8,530.97,258.07,57.70,203.61,0.5556,-1,-1,-1
135,2,101.74,543.51,77.10,240.01,0.6190,-1,-1,-1
135,5,1358.41,576.00,83.93,216.94,0.5092,-1,-1,-1
136,1,416.89,270.76,81.93,218.76,0.6724,-1,-1,-1
136,3,1072.95,926.62,77.68,150.97,0.7888,-1,-1,-1
136,4,1720.94,458.76,74.56,207.97,0.6121,-1,-1,-1
136,13,386.43,744.59,100.87,268.00,0.7918,-1,-1,-1
136,8,530.56,258.86,57.15,203.13,0.5589,-1,-1,-1
136,2,101.72,543.87,75.95,238.77,0.6223,-1,-1,-1
137,1,416.13,269.24,82.27,219.08,0.6636,-1,-1,-1
137,3,1071.26,926.99,77.26,150.26,0.7951,-1,-1,-1
137,4,1721.09,457.78,74.76,208.71,0.6079,-1,-1,-1
137,13,384.64,744.11,102.17,268.19,0.7897,-1,-1,-1
137,8,531.60,256.98,56.11,204.73,0.5878,-1,-1,-1
137,2,101.44,544.73,72.84,236.90,0.5724,-1,-1,-1
137,14,1043.66,139.18,92.01,171.39,0.5818,-1,-1,-1
138,1,416.00,267.87,82.03,219.38,0.6922,-1,-1,-1
138,3,1069.81,927.33,76.63,149.88,0.7898,-1,-1,-1
138,4,1721.09,457.69,74.88,209.04,0.6051,-1,-1,-1
138,13,383.37,743.90,102.99,267.88,0.7893,-1,-1,-1
138,8,532.49,256.43,54.74,203.62,0.5918,-1,-1,-1
138,2,101.65,545.18,69.02,236.29,0.5974,-1,-1,-1
138,14,1040.68,140.28,93.90,170.21,0.6013,-1,-1,-1
139,1,415.68,266.29,81.52,220.47,0.6406,-1,-1,-1
139,3,1068.43,927.27,76.00,149.43,0.7876,-1,-1,-1
139,4,1720.81,457.69,75.20,209.17,0.6233,-1,-1,-1
139,13,382.69,743.69,102.88,267.24,0.7959,-1,-1,-1
139,8,532.60,258.39,54.52,201.45,0.5747,-1,-1,-1
139,2,101.69,545.35,67.53,237.28,0.6166,-1,-1,-1
139,14,1040.49,140.68,92.79,170.71,0.5912,-1,-1,-1
139,12,893.19,210.03,60.01,191.10,0.5239,-1,-1,-1
140,1,416.82,266.87,80.04,218.11,0.6140,-1,-1,-1
140,3,1066.75,926.58,76.11,149.61,0.7917,-1,-1,-1
140,4,1720.80,458.11,75.19,208.87,0.6352,-1,-1,-1
140,13,383.28,741.74,102.30,267.24,0.7963,-1,-1,-1
140,8,532.31,258.40,55.40,202.50,0.6024,-1,-1,-1
140,2,102.01,545.35,65.99,238.41,0.6185,-1,-1,-1
140,14,1039.83,140.90,91.80,171.05,0.5768,-1,-1,-1
140,5,1358.61,576.97,84.18,213.25,0.5493,-1,-1,-1
141,1,416.65,265.39,79.81,217.25,0.6318,-1,-1,-1
141,3,1064.86,925.40,75.88,150.97,0.7871,-1,-1,-1
141,4,1720.98,458.20,75.07,208.27,0.6219,-1,-1,-1
141,13,384.09,739.63,100.86,267.30,0.7963,-1,-1,-1
141,8,532.08,258.29,55.56,202.19,0.6032,-1,-1,-1
141,2,102.40,545.75,65.88,239.63,0.6445,-1,-1,-1
141,14,1041.32,140.58,87.47,170.42,0.5570,-1,-1,-1
141,6,145.05,629.09,88.49,208.12,0.5908,-1,-1,-1
141,12,886.87,209.64,56.15,188.52,0.5441,-1,-1,-1
142,1,416.84,264.35,78.87,216.75,0.6327,-1,-1,-1
142,3,1064.26,924.81,73.84,152.27,0.7774,-1,-1,-1
142,4,1721.28,458.85,74.98,207.36,0.6235,-1,-1,-1
142,13,385.96,737.45,98.06,267.93,0.7917,-1,-1,-1
142,8,531.95,257.66,55.63,202.93,0.5994,-1,-1,-1
142,2,103.19,545.96,66.08,240.92,0.6580,-1,-1,-1
142,14,1040.21,140.67,86.47,169.34,0.5949,-1,-1,-1
142,6,148.65,628.54,85.69,205.60,0.5432,-1,-1,-1
142,12,883.57,208.78,54.99,187.65,0.5159,-1,-1,-1
143,1,415.57,260.40,78.74,220.17,0.6328,-1,-1,-1
143,3,1063.12,923.77,72.60,152.93,0.7622,-1,-1,-1
143,4,1721.30,459.04,74.91,207.08,0.6333,-1,-1,-1
143,13,387.65,734.77,95.77,266.33,0.8025,-1,-1,-1
143,8,531.29,257.64,55.92,203.02,0.5946,-1,-1,-1
143,2,103.64,545.62,66.56,240.94,0.6746,-1,-1,-1
143,14,1041.33,138.63,82.93,171.03,0.5702,-1,-1,-1
143,6,150.10,628.71,86.24,207.26,0.6519,-1,-1,-1
144,1,414.89,259.31,79.56,218.34,0.6323,-1,-1,-1
144,3,1061.98,923.12,70.97,153.47,0.7572,-1,-1,-1
144,4,1721.52,459.56,74.68,207.01,0.6214,-1,-1,-1
144,13,388.91,731.56,94.07,263.21,0.7948,-1,-1,-1
144,8,530.80,259.15,56.96,202.90,0.6042,-1,-1,-1
144,2,103.59,545.70,67.44,240.88,0.6866,-1,-1,-1
144,6,153.34,629.60,83.40,207.08,0.6813,-1,-1,-1
145,1,415.90,259.27,78.26,213.16,0.6204,-1,-1,-1
145,3,1060.72,922.79,68.73,153.81,0.7582,-1,-1,-1
145,4,1721.58,459.41,74.34,206.71,0.6099,-1,-1,-1
145,13,391.58,729.55,91.69,258.21,0.7985,-1,-1,-1
145,8,530.03,259.41,56.75,202.74,0.5953,-1,-1,-1
145,2,103.81,545.78,68.45,242.06,0.7088,-1,-1,-1
145,6,157.27,627.76,78.93,210.45,0.7007,-1,-1,-1
145,5,1358.18,576.13,84.55,213.75,0.5396,-1,-1,-1
145,12,872.89,207.50,60.83,185.93,0.5442,-1,-1,-1
146,1,415.00,254.56,77.21,216.99,0.6393,-1,-1,-1
146,3,1058.74,921.87,66.89,156.00,0.7412,-1,-1,-1
146,4,1721.80,459.52,74.22,207.29,0.6137,-1,-1,-1
146,13,393.04,726.68,91.00,253.39,0.7770,-1,-1,-1
146,8,530.24,259.38,57.25,204.29,0.5935,-1,-1,-1
146,2,103.78,545.92,69.17,242.29,0.7156,-1,-1,-1
146,6,159.40,625.06,77.12,213.17,0.7110,-1,-1,-1
146,16,584.61,253.87,53.53,186.53,0.5108,-1,-1,-1
146,5,1357.88,575.53,85.05,217.03,0.5126,-1,-1,-1
147,1,414.47,253.12,77.39,218.55,0.6465,-1,-1,-1
147,3,1057.07,921.21,64.00,157.25,0.7264,-1,-1,-1
147,4,1721.62,459.07,74.68,207.32,0.6268,-1,-1,-1
147,13,394.02,720.65,91.00,254.87,0.7796,-1,-1,-1
147,8,530.25,260.04,56.86,205.87,0.6095,-1,-1,-1
147,2,103.92,546.17,69.47,241.40,0.7131,-1,-1,-1
147,6,161.20,621.23,75.84,215.40,0.6894,-1,-1,-1
147,16,584.73,254.66,54.19,188.11,0.5380,-1,-1,-1
147,5,1358.25,574.73,84.72,217.51,0.5407,-1,-1,-1
148,1,414.01,252.42,77.90,219.05,0.6339,-1,-1,-1
148,3,1055.24,919.86,62.75,157.48,0.7273,-1,-1,-1
148,4,1721.53,458.59,74.82,208.33,0.6466,-1,-1,-1
148,13,394.55,717.37,91.71,254.95,0.7777,-1,-1,-1
148,8,530.29,261.20,58.44,206.77,0.5946,-1,-1,-1
148,2,103.81,545.74,70.17,241.65,0.7135,-1,-1,-1
148,6,163.93,617.59,75.47,215.50,0.7078,-1,-1,-1
148,5,1357.98,575.13,84.04,216.67,0.5588,-1,-1,-1
149,1,415.43,255.26,77.22,215.08,0.6248,-1,-1,-1
149,3,1054.04,918.49,62.15,158.70,0.7264,-1,-1,-1
149,4,1721.25,458.84,74.52,207.73,0.6218,-1,-1,-1
149,13,395.82,713.22,92.65,258.33,0.7879,-1,-1,-1
149,8,530.87,262.81,59.01,206.38,0.6301,-1,-1,-1
149,2,103.90,545.75,70.28,241.40,0.7151,-1,-1,-1
149,6,167.90,615.03,73.27,215.02,0.6958,-1,-1,-1
149,5,1357.95,575.26,84.49,215.83,0.5452,-1,-1,-1
150,1,416.09,256.03,76.94,213.75,0.6198,-1,-1,-1
150,3,1052.26,916.78,61.26,160.97,0.7368,-1,-1,-1
150,4,1721.23,458.62,74.59,208.09,0.6385,-1,-1,-1
150,13,395.21,710.65,95.46,261.48,0.7855,-1,-1,-1
150,8,531.23,264.75,58.09,207.40,0.6155,-1,-1,-1
150,2,103.66,545.67,70.62,242.44,0.7131,-1,-1,-1
150,6,174.31,613.61,67.62,214.05,0.6570,-1,-1,-1
150,5,1357.25,574.96,85.28,216.98,0.5402,-1,-1,-1
