1,1,118.00,157.54,79.99,171.14,0.8484,-1,-1,-1
1,2,16.01,148.76,74.71,190.85,0.8159,-1,-1,-1
2,1,118.05,154.91,82.14,174.66,0.8474,-1,-1,-1
2,2,17.59,145.32,74.08,194.76,0.8564,-1,-1,-1
3,1,124.61,153.60,68.50,177.40,0.7125,-1,-1,-1
3,2,22.15,137.97,73.92,203.07,0.8289,-1,-1,-1
4,1,129.90,154.12,78.49,179.17,0.8467,-1,-1,-1
4,2,27.46,141.90,72.90,201.17,0.8197,-1,-1,-1
5,1,136.47,156.85,83.68,180.23,0.8143,-1,-1,-1
5,2,35.33,140.63,73.38,206.92,0.8697,-1,-1,-1
6,1,141.46,155.47,86.54,183.80,0.8338,-1,-1,-1
6,2,35.64,140.63,78.03,209.30,0.8531,-1,-1,-1
6,4,222.71,197.99,23.85,67.02,0.6154,-1,-1,-1
6,5,269.34,198.21,24.94,66.37,0.5848,-1,-1,-1
7,1,144.60,152.17,87.77,187.05,0.8595,-1,-1,-1
7,2,38.97,139.17,76.79,210.29,0.8357,-1,-1,-1
7,4,226.25,197.76,24.82,66.17,0.6563,-1,-1,-1
7,5,274.21,198.53,25.89,63.73,0.6744,-1,-1,-1
8,1,152.13,152.82,88.96,190.20,0.8705,-1,-1,-1
8,2,43.25,140.06,78.10,213.22,0.8246,-1,-1,-1
8,4,234.53,200.20,24.63,65.57,0.6827,-1,-1,-1
8,5,281.14,200.80,26.61,64.82,0.5862,-1,-1,-1
8,6,265.01,198.03,20.55,64.15,0.5556,-1,-1,-1
9,1,156.59,151.65,88.24,193.06,0.8672,-1,-1,-1
9,2,47.22,139.60,77.80,214.06,0.8304,-1,-1,-1
9,4,240.32,203.04,24.92,63.21,0.5636,-1,-1,-1
9,5,287.57,200.03,25.71,65.75,0.7195,-1,-1,-1
9,6,269.77,198.64,22.15,66.09,0.6477,-1,-1,-1
10,1,164.82,148.03,88.02,197.40,0.8699,-1,-1,-1
10,2,50.41,135.28,83.19,219.51,0.8570,-1,-1,-1
10,4,250.18,198.31,25.26,67.11,0.6476,-1,-1,-1
10,5,296.15,200.83,25.52,65.02,0.6351,-1,-1,-1
11,1,171.09,147.14,88.85,200.44,0.8611,-1,-1,-1
11,2,55.11,135.09,84.92,221.57,0.8677,-1,-1,-1
11,5,305.31,201.08,22.71,64.61,0.6469,-1,-1,-1
11,7,143.72,195.55,28.50,69.84,0.5637,-1,-1,-1
11,6,285.04,197.92,23.19,67.37,0.6966,-1,-1,-1
12,1,181.90,147.53,91.59,204.67,0.8704,-1,-1,-1
12,2,64.58,131.78,84.47,230.56,0.8809,-1,-1,-1
12,5,316.51,204.79,22.48,63.19,0.5016,-1,-1,-1
12,7,153.88,197.76,29.55,69.10,0.5749,-1,-1,-1
12,4,269.34,199.49,24.90,68.40,0.6251,-1,-1,-1
13,1,184.44,147.19,95.81,208.29,0.8587,-1,-1,-1
13,2,67.92,138.80,85.81,225.84,0.8563,-1,-1,-1
13,7,159.07,196.84,30.33,70.55,0.5691,-1,-1,-1
13,4,275.60,200.02,24.08,68.29,0.5106,-1,-1,-1
14,1,197.40,144.95,94.52,211.42,0.8290,-1,-1,-1
14,2,81.53,130.67,82.70,235.26,0.8715,-1,-1,-1
14,7,170.58,195.62,29.85,71.17,0.5988,-1,-1,-1
14,4,287.10,202.43,23.51,64.45,0.5899,-1,-1,-1
14,6,316.43,201.15,22.14,65.45,0.5775,-1,-1,-1
15,1,208.75,144.87,95.28,215.04,0.8599,-1,-1,-1
15,2,87.02,135.67,85.24,233.67,0.8602,-1,-1,-1
15,7,181.80,197.21,28.95,70.86,0.6604,-1,-1,-1
15,4,297.19,202.46,22.68,65.95,0.5773,-1,-1,-1
15,6,326.05,200.63,22.90,66.87,0.5191,-1,-1,-1
15,5,345.89,205.23,26.19,64.06,0.6195,-1,-1,-1
16,1,211.96,143.18,98.66,216.49,0.8458,-1,-1,-1
16,2,82.15,126.32,92.95,242.84,0.8776,-1,-1,-1
16,7,185.66,193.52,29.83,71.57,0.6426,-1,-1,-1
16,4,301.08,198.71,23.51,66.45,0.6868,-1,-1,-1
16,6,330.73,195.91,23.80,69.72,0.5508,-1,-1,-1
16,5,351.75,200.38,27.13,66.65,0.5434,-1,-1,-1
17,1,213.84,140.19,105.23,221.91,0.7738,-1,-1,-1
17,2,84.26,123.86,93.19,247.08,0.8982,-1,-1,-1
17,7,188.95,192.67,29.00,71.81,0.6422,-1,-1,-1
17,4,305.74,196.46,23.79,68.71,0.5980,-1,-1,-1
18,1,216.20,138.24,109.77,228.62,0.8572,-1,-1,-1
18,2,84.06,123.81,96.13,252.05,0.9013,-1,-1,-1
18,7,193.30,194.34,27.93,70.66,0.5464,-1,-1,-1
18,4,311.38,195.69,22.48,70.56,0.7058,-1,-1,-1
19,1,216.68,133.12,112.36,233.83,0.8666,-1,-1,-1
19,2,81.34,118.80,97.78,256.68,0.9064,-1,-1,-1
19,7,193.67,192.25,28.63,70.29,0.5145,-1,-1,-1
19,4,311.25,192.38,24.45,71.00,0.6221,-1,-1,-1
20,1,214.34,129.05,114.05,240.07,0.8877,-1,-1,-1
20,2,76.63,113.82,99.01,263.83,0.9029,-1,-1,-1
20,7,192.10,188.50,28.75,72.19,0.5803,-1,-1,-1
21,1,213.60,127.11,116.45,246.65,0.8791,-1,-1,-1
21,2,72.85,109.10,101.52,272.74,0.8988,-1,-1,-1
21,7,191.90,187.25,28.20,73.95,0.6602,-1,-1,-1
21,9,42.27,186.18,25.33,69.64,0.5713,-1,-1,-1
22,1,214.42,123.28,118.40,253.33,0.8829,-1,-1,-1
22,2,68.93,104.25,105.03,280.34,0.8850,-1,-1,-1
23,1,215.58,124.19,120.38,260.65,0.8812,-1,-1,-1
23,2,67.57,105.50,108.12,289.04,0.8965,-1,-1,-1
23,7,197.90,190.64,26.54,73.77,0.5789,-1,-1,-1
24,1,219.92,121.91,117.52,265.59,0.7988,-1,-1,-1
24,2,65.57,104.06,111.30,294.70,0.8602,-1,-1,-1
25,1,228.54,121.26,112.26,274.23,0.8810,-1,-1,-1
25,2,62.52,103.27,114.85,302.83,0.8911,-1,-1,-1
26,1,230.43,117.47,110.36,280.88,0.8712,-1,-1,-1
26,2,58.70,100.38,117.35,308.99,0.8826,-1,-1,-1
27,1,235.45,113.13,110.54,289.27,0.8809,-1,-1,-1
27,2,55.13,95.38,120.75,317.05,0.8972,-1,-1,-1
28,1,240.12,111.55,110.27,294.45,0.8851,-1,-1,-1
28,2,54.43,94.30,123.01,322.67,0.9022,-1,-1,-1
29,1,236.54,105.69,120.11,302.35,0.8659,-1,-1,-1
29,2,52.00,87.17,127.34,335.60,0.8817,-1,-1,-1
30,1,235.32,103.63,123.21,309.43,0.8839,-1,-1,-1
30,2,48.18,84.36,131.17,344.35,0.8888,-1,-1,-1
31,1,243.20,99.27,121.19,319.88,0.8790,-1,-1,-1
31,2,43.58,80.52,137.63,353.27,0.8946,-1,-1,-1
32,1,252.57,97.06,121.39,330.44,0.8769,-1,-1,-1
32,2,44.54,78.36,140.58,363.29,0.8790,-1,-1,-1
33,1,260.12,90.19,126.59,339.42,0.8614,-1,-1,-1
33,2,51.27,71.06,140.25,374.24,0.8887,-1,-1,-1
33,11,418.38,188.65,26.54,75.39,0.6739,-1,-1,-1
33,4,360.90,187.03,26.93,75.25,0.6280,-1,-1,-1
34,1,269.45,89.06,130.50,350.52,0.8579,-1,-1,-1
34,2,57.89,70.63,142.14,381.98,0.8851,-1,-1,-1
34,11,426.12,187.99,27.04,78.42,0.6605,-1,-1,-1
34,4,369.00,187.45,29.01,76.56,0.6828,-1,-1,-1
34,5,425.92,187.76,27.07,79.08,0.6605,-1,-1,-1
35,1,272.84,88.69,142.70,360.22,0.8551,-1,-1,-1
35,2,64.36,70.85,142.15,388.40,0.9042,-1,-1,-1
35,11,434.97,190.33,28.15,78.71,0.6581,-1,-1,-1
35,4,377.98,189.81,28.67,76.99,0.7054,-1,-1,-1
35,13,1.37,118.95,35.46,103.83,0.6117,-1,-1,-1
35,5,435.54,190.40,28.06,78.81,0.6581,-1,-1,-1
36,1,275.55,82.08,156.78,369.80,0.8937,-1,-1,-1
36,2,71.76,63.44,145.37,399.43,0.8947,-1,-1,-1
36,11,447.33,189.38,28.34,78.45,0.6636,-1,-1,-1
36,4,388.63,189.01,28.04,76.46,0.5824,-1,-1,-1
36,5,448.06,189.45,28.24,78.51,0.6636,-1,-1,-1
37,1,274.21,78.66,165.40,378.31,0.8908,-1,-1,-1
37,2,72.07,61.19,148.38,406.19,0.9014,-1,-1,-1
37,11,452.00,189.98,27.37,78.63,0.6192,-1,-1,-1
37,4,392.22,189.37,28.38,76.33,0.6547,-1,-1,-1
37,5,452.71,190.02,27.38,78.65,0.6192,-1,-1,-1
38,1,278.63,76.50,174.14,387.86,0.8878,-1,-1,-1
38,2,71.67,58.94,152.49,415.47,0.8759,-1,-1,-1
38,11,457.00,189.88,28.56,80.35,0.7279,-1,-1,-1
38,5,457.67,189.97,28.50,80.26,0.7279,-1,-1,-1
39,1,283.40,70.52,178.72,397.84,0.8902,-1,-1,-1
39,2,70.01,53.33,157.13,424.72,0.8789,-1,-1,-1
39,11,460.56,187.34,31.86,81.78,0.6727,-1,-1,-1
39,5,461.22,187.43,31.69,81.66,0.6727,-1,-1,-1
39,16,434.62,186.99,26.32,78.25,0.5778,-1,-1,-1
39,4,403.52,194.10,27.15,71.51,0.5582,-1,-1,-1
40,1,285.48,67.28,186.57,410.11,0.8876,-1,-1,-1
40,2,68.18,53.15,162.34,428.85,0.8847,-1,-1,-1
40,11,464.71,188.41,31.97,83.06,0.7032,-1,-1,-1
40,5,465.34,188.48,31.82,82.93,0.7032,-1,-1,-1
40,16,438.74,186.48,27.74,81.62,0.5362,-1,-1,-1
40,17,185.24,63.47,56.37,199.60,0.6957,-1,-1,-1
41,1,287.99,63.72,192.42,417.46,0.8832,-1,-1,-1
41,2,64.05,49.86,166.86,433.24,0.8903,-1,-1,-1
41,11,467.67,188.76,31.81,58.84,0.6164,-1,-1,-1
41,5,468.20,188.81,31.72,59.30,0.6164,-1,-1,-1
41,16,440.13,187.87,27.33,80.42,0.5486,-1,-1,-1
41,17,183.47,63.21,57.57,199.16,0.7385,-1,-1,-1
41,6,440.01,188.71,26.89,79.47,0.5486,-1,-1,-1
42,1,283.52,56.43,197.93,425.91,0.8999,-1,-1,-1
42,2,51.92,41.72,171.60,440.29,0.8915,-1,-1,-1
42,11,465.08,187.39,33.40,42.67,0.5377,-1,-1,-1
42,5,465.53,187.42,33.31,43.33,0.5377,-1,-1,-1
42,17,177.75,55.95,59.48,207.36,0.6336,-1,-1,-1
43,1,281.90,53.10,204.41,430.42,0.9045,-1,-1,-1
43,2,46.73,36.28,173.85,446.11,0.8963,-1,-1,-1
43,11,464.37,189.98,31.70,32.78,0.5272,-1,-1,-1
43,5,464.79,189.97,31.63,33.27,0.5272,-1,-1,-1
43,17,175.24,51.48,58.93,208.01,0.6478,-1,-1,-1
44,1,281.68,50.22,209.67,433.17,0.9040,-1,-1,-1
44,2,43.72,31.07,177.10,450.68,0.8976,-1,-1,-1
44,17,175.11,48.49,59.53,211.80,0.6433,-1,-1,-1
45,1,283.67,46.43,213.93,435.45,0.8964,-1,-1,-1
45,2,41.74,27.15,179.14,452.95,0.8951,-1,-1,-1
45,17,175.92,46.72,61.19,215.05,0.6476,-1,-1,-1
46,1,279.64,42.71,222.91,440.00,0.9094,-1,-1,-1
46,2,36.06,20.63,184.16,460.47,0.8836,-1,-1,-1
46,17,174.44,44.74,62.61,218.48,0.6942,-1,-1,-1
47,1,282.90,38.12,223.87,443.79,0.9064,-1,-1,-1
47,2,33.08,14.88,186.31,465.03,0.8725,-1,-1,-1
47,17,174.28,41.23,62.05,218.20,0.6582,-1,-1,-1
48,1,288.53,31.05,224.95,450.49,0.8999,-1,-1,-1
48,2,30.27,11.08,192.03,469.75,0.8636,-1,-1,-1
48,17,176.54,38.29,63.60,222.53,0.6428,-1,-1,-1
49,1,287.50,28.49,230.40,453.24,0.8895,-1,-1,-1
49,2,26.71,8.95,199.17,470.14,0.8603,-1,-1,-1
49,17,176.12,36.48,65.59,226.28,0.6405,-1,-1,-1
50,1,286.20,23.27,234.14,458.12,0.8995,-1,-1,-1
50,2,20.69,3.30,204.32,476.37,0.8585,-1,-1,-1
50,17,174.20,34.23,66.92,234.73,0.6500,-1,-1,-1
50,13,0.11,90.34,29.68,117.47,0.5213,-1,-1,-1
51,1,285.75,19.62,238.92,460.45,0.9086,-1,-1,-1
51,2,20.94,0.97,203.64,476.49,0.8588,-1,-1,-1
51,17,174.22,33.08,70.03,237.82,0.7362,-1,-1,-1
52,1,289.00,15.61,240.97,462.47,0.9019,-1,-1,-1
52,2,17.26,-0.27,206.64,477.42,0.8464,-1,-1,-1
52,17,173.56,30.23,71.78,239.91,0.5960,-1,-1,-1
53,1,288.56,13.05,248.96,467.27,0.9044,-1,-1,-1
53,2,12.55,-1.36,212.14,481.74,0.8605,-1,-1,-1
53,17,173.08,27.97,71.82,241.73,0.6318,-1,-1,-1
54,1,290.10,11.80,250.54,469.82,0.9116,-1,-1,-1
54,2,12.29,-1.03,211.88,480.04,0.8424,-1,-1,-1
54,17,173.19,27.80,71.59,242.52,0.5766,-1,-1,-1
55,1,292.20,8.12,258.75,468.44,0.8858,-1,-1,-1
55,2,10.65,1.03,217.11,477.50,0.8571,-1,-1,-1
55,17,174.20,26.68,73.45,243.24,0.5491,-1,-1,-1
56,1,290.67,5.61,263.58,472.34,0.8457,-1,-1,-1
56,2,10.20,0.23,218.09,478.94,0.8620,-1,-1,-1
56,17,174.95,25.12,72.90,246.55,0.5890,-1,-1,-1
57,1,297.41,2.94,264.40,476.32,0.9115,-1,-1,-1
57,2,7.77,0.51,220.48,477.41,0.8578,-1,-1,-1
57,17,175.77,23.46,73.76,275.59,0.6122,-1,-1,-1
57,13,-0.15,83.86,35.82,163.36,0.5690,-1,-1,-1
58,1,301.10,1.66,266.89,478.85,0.8997,-1,-1,-1
58,2,6.82,0.67,221.78,477.67,0.8594,-1,-1,-1
59,1,302.95,0.16,273.60,480.92,0.9035,-1,-1,-1
59,2,4.81,0.12,224.06,478.58,0.8447,-1,-1,-1
59,17,176.90,21.05,76.04,321.61,0.7051,-1,-1,-1
60,1,303.43,-1.44,280.36,480.52,0.9006,-1,-1,-1
60,2,3.58,-0.62,225.83,478.79,0.8185,-1,-1,-1
60,17,175.05,19.38,78.81,378.86,0.5711,-1,-1,-1
61,1,306.34,-1.42,284.94,480.91,0.8971,-1,-1,-1
61,2,1.27,0.33,227.05,477.26,0.8556,-1,-1,-1
61,17,174.97,18.91,79.21,397.45,0.6077,-1,-1,-1
62,1,310.93,-1.39,286.65,478.05,0.8307,-1,-1,-1
62,2,0.82,-0.04,226.08,477.20,0.8611,-1,-1,-1
62,17,177.19,17.06,78.48,412.54,0.7277,-1,-1,-1
63,1,312.83,-0.70,286.67,479.47,0.8857,-1,-1,-1
63,2,0.56,0.66,225.39,475.94,0.7896,-1,-1,-1
63,17,177.20,16.06,79.38,419.76,0.7196,-1,-1,-1
64,1,316.51,-0.69,288.14,480.27,0.8757,-1,-1,-1
64,2,0.42,1.76,227.92,476.10,0.8099,-1,-1,-1
64,17,176.45,15.84,82.34,418.37,0.5741,-1,-1,-1
65,1,317.18,-0.67,289.48,480.25,0.8766,-1,-1,-1
65,2,-0.02,1.70,234.02,474.84,0.7657,-1,-1,-1
65,17,177.32,15.12,83.35,376.02,0.5247,-1,-1,-1
65,18,501.65,192.61,26.34,76.69,0.6443,-1,-1,-1
66,1,314.25,-0.51,292.90,480.21,0.8839,-1,-1,-1
66,2,-0.45,1.28,232.27,473.34,0.8418,-1,-1,-1
66,17,177.12,13.79,84.89,346.16,0.6341,-1,-1,-1
66,18,502.01,192.06,26.44,76.80,0.6824,-1,-1,-1
67,1,312.31,-0.15,298.62,479.93,0.8852,-1,-1,-1
67,2,-0.07,1.62,228.82,475.21,0.8087,-1,-1,-1
67,17,179.10,12.74,84.18,392.77,0.7479,-1,-1,-1
67,18,503.53,192.56,24.98,76.50,0.6490,-1,-1,-1
68,1,315.58,0.21,296.98,480.04,0.8942,-1,-1,-1
68,2,-0.20,2.52,226.68,474.86,0.7487,-1,-1,-1
68,17,179.24,11.92,84.59,420.25,0.6779,-1,-1,-1
68,18,505.69,192.90,23.37,76.80,0.6037,-1,-1,-1
69,1,317.29,0.30,294.49,479.83,0.8915,-1,-1,-1
69,2,-0.30,2.59,225.57,475.12,0.7380,-1,-1,-1
69,17,179.11,10.62,85.08,432.06,0.6036,-1,-1,-1
69,18,505.93,193.37,22.17,75.81,0.6365,-1,-1,-1
70,1,317.87,0.41,293.60,479.73,0.8924,-1,-1,-1
70,2,-0.23,1.72,223.79,477.26,0.8235,-1,-1,-1
70,17,181.99,9.74,84.06,429.98,0.8348,-1,-1,-1
70,18,506.45,193.28,22.43,75.86,0.6172,-1,-1,-1
70,20,295.19,176.73,27.00,85.41,0.5253,-1,-1,-1
71,1,318.03,0.16,292.37,479.92,0.8761,-1,-1,-1
71,2,-0.07,1.57,222.80,478.03,0.8286,-1,-1,-1
71,17,183.56,8.85,84.39,429.39,0.8365,-1,-1,-1
71,18,506.81,193.39,22.29,74.99,0.5617,-1,-1,-1
71,20,293.43,176.70,28.27,84.82,0.5884,-1,-1,-1
72,1,316.97,0.56,294.21,479.40,0.8827,-1,-1,-1
72,2,0.13,1.78,223.06,478.18,0.8600,-1,-1,-1
72,17,184.68,8.52,85.04,429.24,0.8375,-1,-1,-1
72,18,507.14,193.07,22.43,75.80,0.5834,-1,-1,-1
72,20,291.06,176.82,31.15,85.01,0.6204,-1,-1,-1
73,1,314.71,0.52,296.81,479.31,0.8920,-1,-1,-1
73,2,0.08,1.67,223.05,478.21,0.8543,-1,-1,-1
73,17,185.11,10.03,86.83,426.91,0.8394,-1,-1,-1
73,18,506.21,192.43,22.78,77.33,0.5062,-1,-1,-1
73,20,289.75,177.11,31.35,83.05,0.6042,-1,-1,-1
73,21,586.32,196.29,23.09,51.79,0.5500,-1,-1,-1
74,1,313.50,0.24,296.20,479.50,0.8500,-1,-1,-1
74,2,0.12,1.68,223.34,477.52,0.8477,-1,-1,-1
74,17,185.46,9.65,88.46,426.28,0.8486,-1,-1,-1
74,18,505.67,192.95,22.60,76.23,0.5653,-1,-1,-1
74,20,289.67,177.07,30.96,82.28,0.5464,-1,-1,-1
75,1,309.11,0.57,295.85,478.53,0.8711,-1,-1,-1
75,2,1.03,1.62,222.61,477.08,0.8279,-1,-1,-1
75,17,186.81,10.05,89.09,424.57,0.8458,-1,-1,-1
75,20,289.77,177.18,31.42,81.79,0.6049,-1,-1,-1
76,1,306.33,0.22,297.39,477.51,0.8883,-1,-1,-1
76,2,1.24,1.52,222.32,476.74,0.8184,-1,-1,-1
76,17,187.12,10.34,89.78,423.84,0.8553,-1,-1,-1
76,20,289.83,176.83,30.89,81.25,0.6551,-1,-1,-1
77,1,304.28,0.09,296.98,476.67,0.8744,-1,-1,-1
77,2,1.33,1.62,222.91,476.06,0.8269,-1,-1,-1
77,17,187.54,10.26,90.15,423.06,0.8452,-1,-1,-1
77,20,289.74,176.73,32.06,81.09,0.6553,-1,-1,-1
78,1,302.35,0.07,297.77,476.43,0.8931,-1,-1,-1
78,2,1.16,1.54,223.20,477.62,0.8335,-1,-1,-1
78,17,188.77,9.67,88.07,423.22,0.8443,-1,-1,-1
79,1,303.92,-0.08,291.57,478.59,0.8717,-1,-1,-1
79,2,1.15,0.96,222.97,477.84,0.8325,-1,-1,-1
79,17,188.71,10.00,86.10,423.34,0.8373,-1,-1,-1
80,1,310.82,-0.11,279.10,479.52,0.8759,-1,-1,-1
80,2,0.63,1.25,224.05,478.42,0.8516,-1,-1,-1
80,17,188.64,10.82,85.60,424.06,0.8294,-1,-1,-1
81,1,312.30,-0.09,276.78,479.32,0.8798,-1,-1,-1
81,2,1.01,1.47,226.13,477.86,0.8432,-1,-1,-1
81,17,189.16,11.18,84.83,420.33,0.7937,-1,-1,-1
82,1,316.50,-0.13,270.99,480.23,0.8624,-1,-1,-1
82,2,0.34,1.45,229.85,477.35,0.8403,-1,-1,-1
82,17,188.98,11.95,84.50,420.21,0.7392,-1,-1,-1
83,1,311.87,0.04,275.23,477.84,0.8782,-1,-1,-1
83,2,0.25,1.47,227.07,478.19,0.8173,-1,-1,-1
83,17,188.28,13.13,84.06,423.28,0.8172,-1,-1,-1
84,1,308.57,0.04,273.90,478.86,0.9028,-1,-1,-1
84,2,0.15,1.18,224.82,476.81,0.7691,-1,-1,-1
84,17,184.84,12.37,85.13,425.80,0.7983,-1,-1,-1
85,1,308.51,0.08,277.04,478.87,0.8923,-1,-1,-1
85,2,0.18,1.29,228.89,475.75,0.7584,-1,-1,-1
85,17,182.77,14.20,84.15,424.57,0.7471,-1,-1,-1
86,1,307.70,0.31,278.55,476.73,0.8679,-1,-1,-1
86,2,0.41,1.86,228.98,475.75,0.7405,-1,-1,-1
86,17,179.17,16.65,84.55,423.28,0.7507,-1,-1,-1
87,1,309.29,-0.07,276.93,478.87,0.8880,-1,-1,-1
87,2,-0.16,1.51,231.46,475.31,0.7021,-1,-1,-1
87,17,174.96,16.91,84.73,414.53,0.6689,-1,-1,-1
87,18,503.68,192.99,23.69,75.80,0.6588,-1,-1,-1
88,1,307.56,0.84,279.73,479.17,0.8988,-1,-1,-1
88,2,-0.10,2.08,228.63,475.78,0.8129,-1,-1,-1
88,17,174.12,20.91,83.17,412.02,0.7451,-1,-1,-1
88,18,504.96,193.37,23.44,76.93,0.5258,-1,-1,-1
89,1,310.47,0.57,277.00,479.51,0.8955,-1,-1,-1
89,2,-0.16,1.87,227.30,476.48,0.8042,-1,-1,-1
89,17,172.10,22.75,83.83,406.88,0.7138,-1,-1,-1
89,18,505.72,192.96,22.41,77.09,0.5054,-1,-1,-1
90,1,308.90,0.72,278.67,479.27,0.8977,-1,-1,-1
90,2,-0.35,1.86,224.95,477.01,0.7954,-1,-1,-1
90,17,169.29,23.74,86.57,403.72,0.7513,-1,-1,-1
91,1,308.62,1.00,279.85,478.85,0.8943,-1,-1,-1
91,2,-0.02,1.78,223.46,476.99,0.7909,-1,-1,-1
91,17,167.78,24.20,89.18,402.56,0.7204,-1,-1,-1
92,1,305.99,0.87,282.44,478.90,0.9045,-1,-1,-1
92,2,0.14,1.85,230.38,476.22,0.7655,-1,-1,-1
92,17,166.71,24.77,92.58,400.55,0.6925,-1,-1,-1
93,1,305.94,0.51,280.16,478.87,0.8917,-1,-1,-1
93,2,0.18,1.45,225.58,475.31,0.8433,-1,-1,-1
93,17,166.82,24.12,100.56,406.58,0.7883,-1,-1,-1
94,1,306.58,0.04,278.31,479.66,0.9028,-1,-1,-1
94,2,0.47,1.16,223.86,475.14,0.8469,-1,-1,-1
94,17,167.64,23.82,103.96,408.70,0.7889,-1,-1,-1
95,1,307.40,-0.06,276.91,477.94,0.9010,-1,-1,-1
95,2,0.74,1.38,223.21,474.86,0.8603,-1,-1,-1
95,17,169.79,22.47,104.39,411.46,0.7886,-1,-1,-1
96,1,306.97,-0.09,275.88,479.12,0.8999,-1,-1,-1
96,2,0.46,1.48,222.59,474.30,0.8357,-1,-1,-1
96,17,171.52,22.00,102.56,411.14,0.7914,-1,-1,-1
96,23,265.59,192.06,16.59,56.61,0.5346,-1,-1,-1
96,24,301.67,177.91,22.66,80.81,0.5020,-1,-1,-1
97,1,307.21,0.16,275.93,477.52,0.9031,-1,-1,-1
97,2,0.48,1.66,222.39,472.64,0.8640,-1,-1,-1
97,17,174.33,21.24,99.46,411.98,0.8179,-1,-1,-1
97,23,263.02,192.05,16.81,58.25,0.5794,-1,-1,-1
97,24,301.73,178.83,23.08,80.83,0.5721,-1,-1,-1
98,1,308.65,0.03,275.12,477.87,0.9064,-1,-1,-1
98,2,0.95,1.30,222.27,472.74,0.8745,-1,-1,-1
98,17,180.31,20.44,94.01,412.44,0.8351,-1,-1,-1
98,24,302.25,178.18,22.92,82.43,0.5933,-1,-1,-1
98,18,506.59,192.61,21.48,76.58,0.5041,-1,-1,-1
99,1,309.08,0.04,274.85,478.03,0.9089,-1,-1,-1
99,2,0.73,1.18,222.34,473.93,0.8855,-1,-1,-1
99,17,184.02,20.81,91.60,411.76,0.8484,-1,-1,-1
99,24,301.26,177.89,23.92,81.06,0.5364,-1,-1,-1
100,1,309.55,-0.06,273.95,477.75,0.9027,-1,-1,-1
100,2,0.49,0.99,221.72,475.03,0.8820,-1,-1,-1
100,17,186.66,18.95,90.40,413.25,0.8407,-1,-1,-1
100,24,300.76,178.25,25.23,80.08,0.5874,-1,-1,-1
100,20,279.29,178.24,26.42,80.49,0.5712,-1,-1,-1
100,18,505.98,192.60,21.94,75.90,0.5333,-1,-1,-1
101,1,310.24,-0.01,274.07,479.35,0.9086,-1,-1,-1
101,2,0.64,0.95,221.68,475.27,0.8767,-1,-1,-1
101,17,189.34,17.61,91.49,413.75,0.8511,-1,-1,-1
102,1,311.84,-0.05,272.08,478.70,0.9022,-1,-1,-1
102,2,0.55,0.67,221.52,475.74,0.8734,-1,-1,-1
102,17,189.97,16.24,93.23,413.48,0.8479,-1,-1,-1
103,1,313.31,-0.06,271.57,479.82,0.9122,-1,-1,-1
103,2,0.52,0.76,221.56,476.53,0.8702,-1,-1,-1
103,17,191.24,16.77,93.25,414.60,0.8402,-1,-1,-1
104,1,314.24,-0.03,273.37,480.04,0.9108,-1,-1,-1
104,2,0.26,0.87,222.41,476.85,0.8893,-1,-1,-1
104,17,192.20,17.39,91.14,414.94,0.8419,-1,-1,-1
105,1,314.08,-0.06,274.62,480.20,0.9087,-1,-1,-1
105,2,-0.20,0.75,223.08,476.90,0.8627,-1,-1,-1
105,17,191.98,17.13,89.87,412.03,0.8375,-1,-1,-1
106,1,314.12,-0.09,276.17,479.56,0.9044,-1,-1,-1
106,2,-0.12,0.54,223.46,477.62,0.8800,-1,-1,-1
106,17,192.42,16.66,87.30,414.20,0.8269,-1,-1,-1
106,24,300.90,178.71,24.04,82.09,0.6317,-1,-1,-1
106,20,279.17,178.83,25.53,81.38,0.5835,-1,-1,-1
107,1,313.73,0.18,278.70,478.95,0.8953,-1,-1,-1
107,2,-0.10,0.35,224.42,478.11,0.8803,-1,-1,-1
107,17,192.47,16.70,86.44,414.72,0.8186,-1,-1,-1
107,24,300.89,178.57,24.26,82.16,0.5889,-1,-1,-1
107,20,279.43,179.35,25.53,79.90,0.5654,-1,-1,-1
108,1,312.62,-0.10,282.74,477.90,0.8996,-1,-1,-1
108,2,-0.26,-0.03,225.32,477.99,0.8742,-1,-1,-1
108,17,192.03,16.11,86.11,415.46,0.8234,-1,-1,-1
108,24,300.98,178.63,24.18,81.56,0.6020,-1,-1,-1
108,20,279.30,180.50,25.05,78.12,0.5106,-1,-1,-1
109,1,312.39,-0.18,284.79,475.93,0.8313,-1,-1,-1
109,2,-0.41,-0.01,225.06,478.56,0.8857,-1,-1,-1
109,17,190.14,16.50,87.78,414.32,0.8310,-1,-1,-1
109,24,300.95,178.29,23.98,82.16,0.5538,-1,-1,-1
109,20,278.99,180.43,25.71,78.12,0.5028,-1,-1,-1
110,1,312.21,-0.25,288.19,477.21,0.7599,-1,-1,-1
110,2,-0.72,0.23,224.61,478.45,0.9072,-1,-1,-1
110,17,188.40,16.68,90.60,414.13,0.8395,-1,-1,-1
111,1,311.29,0.05,290.10,476.96,0.7984,-1,-1,-1
111,2,-0.21,0.05,222.89,478.97,0.8961,-1,-1,-1
111,17,188.08,17.11,91.89,414.17,0.8444,-1,-1,-1
112,1,323.83,0.11,279.71,478.84,0.7949,-1,-1,-1
112,2,-0.29,0.12,222.78,479.39,0.9072,-1,-1,-1
112,17,187.70,17.05,94.64,415.57,0.8493,-1,-1,-1
113,1,315.73,0.24,283.38,479.37,0.8647,-1,-1,-1
113,2,-0.21,0.17,222.74,479.21,0.9028,-1,-1,-1
113,17,187.73,17.82,94.51,416.61,0.8531,-1,-1,-1
114,1,311.30,0.21,287.04,479.21,0.8970,-1,-1,-1
114,2,0.14,0.15,222.18,478.62,0.8955,-1,-1,-1
114,17,187.67,19.12,94.81,414.24,0.8538,-1,-1,-1
115,1,309.79,0.14,284.67,477.90,0.8815,-1,-1,-1
115,2,0.48,-0.17,221.56,478.79,0.8898,-1,-1,-1
115,17,188.42,19.84,94.44,414.78,0.8666,-1,-1,-1
116,1,307.09,0.05,284.90,478.62,0.8949,-1,-1,-1
116,2,0.98,-0.48,220.51,478.12,0.8794,-1,-1,-1
116,17,191.04,20.18,92.84,414.90,0.8595,-1,-1,-1
117,1,306.15,0.18,282.12,477.93,0.8835,-1,-1,-1
117,2,1.48,-0.31,220.78,476.99,0.8703,-1,-1,-1
117,17,192.67,20.25,93.59,415.14,0.8547,-1,-1,-1
118,1,304.42,0.53,278.12,476.76,0.8898,-1,-1,-1
118,2,1.57,0.28,222.02,476.77,0.8679,-1,-1,-1
118,17,193.85,20.43,92.68,415.75,0.8588,-1,-1,-1
119,1,303.30,0.82,278.48,477.46,0.9113,-1,-1,-1
119,2,1.65,1.22,226.12,477.19,0.8854,-1,-1,-1
119,17,196.94,20.69,91.97,413.00,0.8164,-1,-1,-1
119,18,498.84,193.28,29.79,78.22,0.6998,-1,-1,-1
120,1,302.22,0.50,279.97,478.75,0.9103,-1,-1,-1
120,2,0.93,1.27,230.21,478.28,0.8727,-1,-1,-1
120,17,199.97,21.39,89.29,411.35,0.8094,-1,-1,-1
120,18,498.78,193.18,29.82,78.70,0.7203,-1,-1,-1
121,1,302.84,0.91,280.28,478.11,0.8873,-1,-1,-1
121,2,1.42,1.35,234.47,478.05,0.8772,-1,-1,-1
121,17,200.80,21.71,88.84,413.32,0.8196,-1,-1,-1
121,18,498.66,192.76,30.08,79.15,0.6617,-1,-1,-1
122,1,305.45,0.84,281.27,476.82,0.8887,-1,-1,-1
122,2,1.79,1.25,238.52,478.33,0.8574,-1,-1,-1
122,17,202.52,22.41,85.07,415.52,0.8232,-1,-1,-1
122,18,498.79,193.55,29.76,78.16,0.6640,-1,-1,-1
123,1,303.33,1.00,281.92,477.64,0.8961,-1,-1,-1
123,2,1.87,1.49,242.19,478.01,0.8722,-1,-1,-1
123,17,202.78,21.78,84.48,414.40,0.8338,-1,-1,-1
123,18,499.06,193.79,30.28,77.81,0.6804,-1,-1,-1
124,1,304.21,0.43,280.03,478.62,0.9043,-1,-1,-1
124,2,1.55,1.08,245.29,477.98,0.8645,-1,-1,-1
124,17,203.38,22.30,82.80,409.98,0.8398,-1,-1,-1
124,18,499.51,194.04,29.98,77.73,0.6531,-1,-1,-1
124,26,0.71,75.88,38.81,401.39,0.5479,-1,-1,-1
125,1,304.80,0.58,278.35,478.78,0.9025,-1,-1,-1
125,2,0.98,1.05,248.29,478.01,0.8533,-1,-1,-1
125,17,203.47,22.71,81.84,407.01,0.8189,-1,-1,-1
125,18,500.39,193.77,29.14,77.65,0.6406,-1,-1,-1
125,26,0.75,76.63,41.56,402.56,0.5959,-1,-1,-1
126,1,305.16,0.46,276.86,479.37,0.8998,-1,-1,-1
126,2,-0.01,0.80,251.38,469.60,0.7892,-1,-1,-1
126,17,203.76,22.60,80.70,406.62,0.7895,-1,-1,-1
126,18,500.89,193.99,28.32,77.81,0.6269,-1,-1,-1
127,1,306.19,0.38,276.68,479.49,0.8968,-1,-1,-1
127,2,0.39,1.07,251.15,473.31,0.8428,-1,-1,-1
127,17,205.09,22.79,79.26,406.36,0.8087,-1,-1,-1
127,18,502.21,193.36,27.36,77.74,0.5878,-1,-1,-1
128,1,305.97,0.36,277.16,479.60,0.9036,-1,-1,-1
128,2,-0.17,0.77,253.94,473.69,0.8329,-1,-1,-1
128,17,204.98,22.66,79.40,407.04,0.7369,-1,-1,-1
128,18,502.79,193.88,26.66,77.02,0.6020,-1,-1,-1
128,26,0.31,77.48,47.04,402.63,0.5861,-1,-1,-1
129,1,306.57,0.13,275.95,479.47,0.8964,-1,-1,-1
129,2,-0.28,0.72,254.45,474.23,0.8553,-1,-1,-1
129,17,204.79,22.79,79.36,407.70,0.7420,-1,-1,-1
129,18,502.94,194.02,26.44,77.11,0.5890,-1,-1,-1
129,26,0.03,79.45,47.79,400.71,0.6338,-1,-1,-1
130,1,306.27,0.05,276.58,479.75,0.9090,-1,-1,-1
130,2,0.75,0.64,251.28,473.76,0.8327,-1,-1,-1
130,17,204.80,23.46,79.21,407.72,0.7662,-1,-1,-1
130,18,503.89,193.81,26.38,77.07,0.6022,-1,-1,-1
130,26,-0.08,80.30,48.81,400.01,0.6942,-1,-1,-1
131,1,306.00,0.14,276.11,479.72,0.8997,-1,-1,-1
131,2,7.97,0.60,242.13,471.97,0.8096,-1,-1,-1
131,17,204.13,23.14,79.91,406.02,0.7974,-1,-1,-1
131,18,502.65,193.73,27.40,77.58,0.6511,-1,-1,-1
132,1,306.32,-0.08,274.50,480.10,0.8961,-1,-1,-1
132,2,9.73,0.44,238.36,472.26,0.7880,-1,-1,-1
132,17,202.32,22.82,81.36,406.40,0.8254,-1,-1,-1
132,18,502.48,193.10,27.47,77.83,0.6410,-1,-1,-1
132,24,295.89,177.69,26.96,81.19,0.5026,-1,-1,-1
133,1,306.01,-0.21,273.81,478.25,0.8985,-1,-1,-1
133,2,8.79,0.32,237.45,474.76,0.8360,-1,-1,-1
133,17,201.11,22.57,82.40,407.15,0.8321,-1,-1,-1
133,18,502.14,193.03,27.90,78.39,0.5934,-1,-1,-1
133,24,294.73,177.89,28.88,81.08,0.5434,-1,-1,-1
134,1,305.31,-0.05,271.97,477.54,0.9034,-1,-1,-1
134,2,9.13,0.44,235.39,477.21,0.8550,-1,-1,-1
134,17,200.89,22.59,81.69,410.52,0.8371,-1,-1,-1
134,18,501.39,192.83,28.71,79.17,0.6285,-1,-1,-1
134,24,294.61,178.32,29.66,80.63,0.5868,-1,-1,-1
135,1,305.87,-0.22,270.55,479.84,0.8891,-1,-1,-1
135,2,7.55,0.47,234.87,478.49,0.8785,-1,-1,-1
135,17,201.40,22.56,81.16,412.44,0.8360,-1,-1,-1
135,18,500.96,192.99,28.30,79.06,0.6259,-1,-1,-1
135,24,294.54,177.83,29.99,81.51,0.5319,-1,-1,-1
136,1,305.61,-0.22,269.82,480.49,0.8891,-1,-1,-1
136,2,5.96,0.52,232.29,478.41,0.8581,-1,-1,-1
136,17,200.10,23.23,82.46,411.50,0.8288,-1,-1,-1
136,18,500.51,192.74,28.61,79.47,0.6364,-1,-1,-1
137,1,305.54,-0.20,269.66,480.61,0.8920,-1,-1,-1
137,2,5.95,0.60,227.40,478.77,0.8566,-1,-1,-1
137,17,196.25,22.96,86.86,410.39,0.8276,-1,-1,-1
137,18,500.59,193.12,28.60,79.02,0.6001,-1,-1,-1
137,24,296.62,178.04,27.66,81.03,0.5052,-1,-1,-1
138,1,304.22,-0.31,271.35,480.95,0.9059,-1,-1,-1
138,2,4.82,0.19,223.63,480.15,0.8711,-1,-1,-1
138,17,192.51,23.04,90.48,412.24,0.8408,-1,-1,-1
138,18,501.31,193.03,28.15,79.05,0.5734,-1,-1,-1
138,24,293.54,178.39,31.97,81.05,0.6002,-1,-1,-1
139,1,304.63,-0.17,272.10,480.56,0.9105,-1,-1,-1
139,2,4.00,0.21,222.52,480.11,0.8713,-1,-1,-1
139,17,190.75,22.59,92.67,411.07,0.8469,-1,-1,-1
139,18,501.76,193.47,27.79,78.32,0.5509,-1,-1,-1
139,24,292.12,178.27,34.01,81.15,0.6246,-1,-1,-1
140,1,304.98,0.35,273.56,479.66,0.9103,-1,-1,-1
140,2,2.60,0.51,220.65,479.62,0.8797,-1,-1,-1
140,17,189.29,22.42,94.64,410.78,0.8525,-1,-1,-1
140,18,502.35,193.01,27.90,78.48,0.5436,-1,-1,-1
140,24,292.36,177.53,32.91,81.87,0.6005,-1,-1,-1
141,1,304.12,0.06,275.88,476.35,0.8997,-1,-1,-1
141,2,1.64,0.75,218.44,479.05,0.8872,-1,-1,-1
141,17,187.48,21.42,96.79,411.97,0.8562,-1,-1,-1
141,18,502.13,192.84,27.58,78.34,0.5853,-1,-1,-1
142,1,303.89,0.22,277.09,478.19,0.9093,-1,-1,-1
142,2,1.22,0.95,216.26,479.11,0.8836,-1,-1,-1
142,17,186.90,20.88,97.42,413.16,0.8585,-1,-1,-1
142,18,502.38,192.40,27.23,78.78,0.5656,-1,-1,-1
143,1,304.83,-0.13,278.34,479.70,0.9058,-1,-1,-1
143,2,0.27,0.85,216.04,479.57,0.8861,-1,-1,-1
143,17,185.30,20.26,99.38,414.33,0.8618,-1,-1,-1
143,18,503.81,192.05,25.36,78.57,0.5970,-1,-1,-1
143,24,291.44,178.09,33.04,81.57,0.5429,-1,-1,-1
144,1,304.97,-0.24,281.06,480.31,0.9140,-1,-1,-1
144,2,-0.09,0.74,216.12,479.25,0.8927,-1,-1,-1
144,17,184.63,20.21,100.03,414.06,0.8556,-1,-1,-1
144,18,504.46,191.51,24.08,78.77,0.5340,-1,-1,-1
144,24,292.58,178.13,30.84,80.65,0.5565,-1,-1,-1
145,1,306.45,-0.31,284.74,481.09,0.9005,-1,-1,-1
145,2,-0.22,0.33,214.79,479.38,0.9011,-1,-1,-1
145,17,182.79,19.80,101.63,414.00,0.8542,-1,-1,-1
145,18,505.58,192.20,23.05,78.25,0.5526,-1,-1,-1
145,24,293.42,178.33,29.39,80.23,0.5813,-1,-1,-1
146,1,308.09,-0.11,285.30,480.38,0.8601,-1,-1,-1
146,2,0.20,0.70,214.44,478.20,0.8963,-1,-1,-1
146,17,182.57,19.98,102.09,412.96,0.8512,-1,-1,-1
146,24,295.26,178.15,27.20,80.28,0.6026,-1,-1,-1
147,1,318.73,-0.09,283.30,477.82,0.8399,-1,-1,-1
147,2,0.50,1.22,215.14,476.76,0.8911,-1,-1,-1
147,17,183.05,20.24,101.63,412.37,0.8538,-1,-1,-1
148,1,317.34,0.17,290.22,476.22,0.8729,-1,-1,-1
148,2,1.46,1.49,216.19,476.95,0.8647,-1,-1,-1
148,17,185.31,20.58,99.58,411.83,0.8583,-1,-1,-1
149,1,316.71,0.21,294.36,475.96,0.8849,-1,-1,-1
149,2,2.37,1.21,219.66,477.70,0.8584,-1,-1,-1
149,17,188.06,20.96,96.71,410.60,0.8564,-1,-1,-1
150,1,316.15,0.31,297.84,477.69,0.8775,-1,-1,-1
150,2,2.48,1.46,222.23,478.04,0.8666,-1,-1,-1
150,17,189.67,21.75,95.06,411.91,0.8526,-1,-1,-1
