1,1,0.61,675.52,50.94,207.58,0.7037,-1,-1,-1
1,2,1370.39,514.35,33.77,100.00,0.6447,-1,-1,-1
1,3,1609.11,558.15,56.10,115.71,0.6023,-1,-1,-1
2,1,-0.80,660.82,41.43,212.98,0.6570,-1,-1,-1
2,2,1372.53,513.44,33.56,101.19,0.6425,-1,-1,-1
2,3,1615.37,550.51,60.10,123.59,0.6602,-1,-1,-1
3,1,-0.95,691.96,35.66,211.59,0.6504,-1,-1,-1
3,2,1374.10,508.48,37.35,105.51,0.5891,-1,-1,-1
3,3,1620.45,547.24,63.33,121.22,0.6539,-1,-1,-1
3,4,1537.85,552.55,49.53,117.71,0.6498,-1,-1,-1
3,5,105.43,724.46,45.88,97.08,0.5264,-1,-1,-1
4,2,1379.91,506.10,36.61,108.88,0.7124,-1,-1,-1
4,3,1629.77,547.65,63.11,125.42,0.7595,-1,-1,-1
4,4,1548.69,552.80,44.58,120.54,0.6529,-1,-1,-1
4,5,93.22,722.56,44.18,100.47,0.5896,-1,-1,-1
5,2,1384.63,514.99,34.38,110.75,0.7115,-1,-1,-1
5,3,1636.25,563.39,62.23,124.03,0.6361,-1,-1,-1
5,5,77.93,715.36,44.45,103.30,0.5019,-1,-1,-1
6,2,1391.27,526.94,31.59,108.72,0.6359,-1,-1,-1
6,3,1643.20,574.22,65.21,124.57,0.7573,-1,-1,-1
6,6,1464.37,506.19,26.84,88.05,0.5390,-1,-1,-1
7,2,1392.83,518.63,32.12,111.37,0.5820,-1,-1,-1
7,3,1650.55,570.39,65.39,128.16,0.7406,-1,-1,-1
7,4,1563.46,567.35,54.27,126.50,0.5744,-1,-1,-1
8,2,1394.94,530.85,33.33,109.10,0.6718,-1,-1,-1
8,3,1657.62,577.93,66.27,129.96,0.6627,-1,-1,-1
8,4,1569.40,580.00,53.13,124.06,0.5488,-1,-1,-1
8,6,1467.71,509.48,31.50,87.78,0.5230,-1,-1,-1
9,2,1397.36,533.70,34.52,107.67,0.6747,-1,-1,-1
9,3,1663.88,583.36,66.38,132.29,0.6920,-1,-1,-1
9,4,1576.10,587.47,52.02,124.00,0.5052,-1,-1,-1
9,5,16.45,736.43,48.03,116.19,0.6126,-1,-1,-1
10,2,1398.59,542.50,35.41,107.06,0.6591,-1,-1,-1
10,3,1669.08,601.54,64.78,129.41,0.7865,-1,-1,-1
10,4,1581.41,603.35,50.57,123.20,0.6845,-1,-1,-1
10,5,0.29,727.03,48.24,116.39,0.6397,-1,-1,-1
11,2,1400.95,530.69,37.20,106.89,0.6749,-1,-1,-1
11,3,1678.76,579.27,66.24,133.75,0.7657,-1,-1,-1
11,4,1588.78,587.17,52.71,125.68,0.6553,-1,-1,-1
12,2,1402.98,532.93,37.60,109.72,0.6856,-1,-1,-1
12,3,1686.72,588.09,65.16,133.20,0.7709,-1,-1,-1
12,4,1595.56,592.24,53.71,127.97,0.7065,-1,-1,-1
13,2,1407.80,529.73,35.65,106.58,0.7171,-1,-1,-1
13,3,1693.92,590.29,64.43,132.66,0.7226,-1,-1,-1
13,4,1600.19,594.13,55.97,127.31,0.6664,-1,-1,-1
13,8,175.42,580.78,53.82,165.56,0.5474,-1,-1,-1
14,2,1408.55,528.42,36.33,103.55,0.6684,-1,-1,-1
14,3,1701.94,583.30,63.47,133.32,0.6837,-1,-1,-1
14,4,1609.44,586.88,56.37,129.09,0.6282,-1,-1,-1
15,2,1412.02,531.00,35.98,105.62,0.5294,-1,-1,-1
15,3,1710.74,584.99,62.36,137.25,0.7500,-1,-1,-1
15,4,1618.74,591.31,53.96,129.71,0.7189,-1,-1,-1
16,2,1416.37,533.29,34.74,105.02,0.5458,-1,-1,-1
16,3,1717.18,591.27,60.94,136.64,0.7422,-1,-1,-1
16,4,1626.34,594.42,55.55,130.56,0.6976,-1,-1,-1
17,2,1417.98,532.65,36.89,107.40,0.6035,-1,-1,-1
17,3,1723.52,589.32,62.02,138.63,0.7096,-1,-1,-1
17,4,1634.08,589.71,55.15,133.59,0.6952,-1,-1,-1
18,2,1420.50,533.28,37.15,108.54,0.6993,-1,-1,-1
18,3,1732.65,593.14,61.27,138.11,0.7042,-1,-1,-1
18,4,1643.37,591.08,54.83,134.84,0.6255,-1,-1,-1
18,9,474.22,541.74,37.99,104.77,0.5551,-1,-1,-1
19,2,1422.61,534.04,37.83,108.07,0.7342,-1,-1,-1
19,3,1741.24,594.71,62.57,139.06,0.7481,-1,-1,-1
19,9,472.58,540.75,37.91,106.12,0.5131,-1,-1,-1
19,10,511.19,540.33,39.32,107.71,0.5126,-1,-1,-1
20,2,1424.16,534.55,38.52,106.73,0.7477,-1,-1,-1
20,3,1749.71,596.27,62.67,139.77,0.7429,-1,-1,-1
20,4,1658.98,593.47,52.64,135.31,0.6052,-1,-1,-1
21,2,1426.28,533.64,39.80,110.64,0.6908,-1,-1,-1
21,3,1758.39,598.13,62.75,140.61,0.7462,-1,-1,-1
21,4,1666.97,596.69,54.44,137.16,0.6871,-1,-1,-1
21,10,506.51,540.16,39.40,112.83,0.5237,-1,-1,-1
22,2,1429.47,537.15,40.11,105.12,0.6691,-1,-1,-1
22,3,1770.55,601.32,60.76,139.05,0.7483,-1,-1,-1
22,4,1674.86,597.93,54.48,140.21,0.6264,-1,-1,-1
22,10,504.36,543.91,37.52,112.00,0.5124,-1,-1,-1
22,9,465.20,550.57,36.77,104.13,0.5558,-1,-1,-1
23,2,1431.29,538.55,40.32,108.45,0.6631,-1,-1,-1
23,3,1779.12,601.21,62.46,144.03,0.7717,-1,-1,-1
23,4,1681.45,600.38,55.89,142.62,0.7254,-1,-1,-1
23,10,499.83,547.39,40.89,109.47,0.5497,-1,-1,-1
24,2,1435.14,532.28,39.15,113.80,0.6539,-1,-1,-1
24,3,1788.23,595.08,64.64,149.76,0.7111,-1,-1,-1
24,4,1687.19,600.51,58.27,143.19,0.7311,-1,-1,-1
25,2,1438.06,535.89,40.43,119.23,0.6621,-1,-1,-1
25,3,1797.65,603.74,66.60,148.81,0.7095,-1,-1,-1
25,4,1695.92,607.56,56.65,147.45,0.7278,-1,-1,-1
26,2,1440.40,538.29,43.04,119.33,0.7230,-1,-1,-1
26,3,1807.36,607.94,68.35,147.61,0.5900,-1,-1,-1
26,4,1704.24,611.69,58.52,149.56,0.7248,-1,-1,-1
26,9,456.84,550.80,41.21,112.27,0.5107,-1,-1,-1
26,10,494.64,549.34,40.93,114.59,0.5505,-1,-1,-1
27,2,1443.30,541.53,41.94,115.69,0.7473,-1,-1,-1
27,3,1814.47,611.38,73.06,150.30,0.6523,-1,-1,-1
27,4,1711.13,615.50,59.65,149.56,0.6736,-1,-1,-1
27,10,492.93,559.70,40.14,107.26,0.6101,-1,-1,-1
27,6,1530.54,520.70,32.79,86.26,0.6918,-1,-1,-1
28,2,1446.76,544.87,44.65,112.27,0.7280,-1,-1,-1
28,3,1822.98,611.47,74.63,155.47,0.7715,-1,-1,-1
28,4,1718.56,617.12,60.22,151.90,0.6737,-1,-1,-1
28,10,491.41,564.46,39.67,103.99,0.5865,-1,-1,-1
28,6,1534.08,524.84,33.63,84.01,0.5366,-1,-1,-1
29,2,1451.22,550.90,41.06,110.79,0.7081,-1,-1,-1
29,3,1830.06,620.43,75.27,159.02,0.6925,-1,-1,-1
29,4,1725.63,623.91,60.29,158.34,0.7233,-1,-1,-1
29,10,490.85,568.04,38.21,100.07,0.5287,-1,-1,-1
29,6,1536.39,527.41,33.60,89.02,0.5617,-1,-1,-1
30,2,1453.86,550.69,42.06,111.52,0.6417,-1,-1,-1
30,3,1836.79,621.02,78.51,153.62,0.6343,-1,-1,-1
30,4,1737.00,624.47,59.90,159.71,0.7528,-1,-1,-1
30,10,488.58,574.89,38.66,101.56,0.5004,-1,-1,-1
30,6,1538.85,525.94,34.12,91.00,0.5648,-1,-1,-1
30,9,444.04,565.19,43.37,112.29,0.6151,-1,-1,-1
31,2,1457.29,552.68,42.52,118.42,0.6285,-1,-1,-1
31,3,1850.78,626.40,71.98,151.11,0.6390,-1,-1,-1
31,4,1749.24,628.53,59.24,156.33,0.5785,-1,-1,-1
31,9,442.75,579.38,41.26,110.44,0.5757,-1,-1,-1
32,2,1460.35,556.44,40.05,119.25,0.6370,-1,-1,-1
32,3,1857.70,634.58,63.69,158.48,0.6872,-1,-1,-1
32,4,1756.34,632.74,59.92,155.83,0.6769,-1,-1,-1
32,9,441.69,573.59,41.03,108.26,0.5729,-1,-1,-1
32,10,486.78,576.03,39.02,106.85,0.5267,-1,-1,-1
32,6,1545.85,530.67,33.60,91.09,0.5976,-1,-1,-1
33,2,1464.43,542.66,41.88,124.00,0.7429,-1,-1,-1
33,3,1869.65,622.31,53.25,166.84,0.6662,-1,-1,-1
33,4,1767.18,620.85,60.22,153.89,0.6461,-1,-1,-1
33,9,439.47,563.37,39.89,108.80,0.5151,-1,-1,-1
33,6,1549.81,518.30,33.42,90.61,0.6533,-1,-1,-1
34,2,1468.45,544.54,41.82,124.76,0.7610,-1,-1,-1
34,3,1880.72,631.34,41.67,151.83,0.5550,-1,-1,-1
34,4,1775.08,620.84,63.82,156.44,0.7453,-1,-1,-1
34,6,1553.29,518.40,32.77,92.55,0.5972,-1,-1,-1
34,10,480.69,566.83,39.43,113.25,0.5207,-1,-1,-1
35,2,1471.33,539.50,44.38,125.98,0.7299,-1,-1,-1
35,4,1784.62,621.08,65.78,158.05,0.6379,-1,-1,-1
35,6,1559.80,515.30,31.26,92.73,0.5334,-1,-1,-1
36,2,1476.76,536.26,43.86,128.81,0.7514,-1,-1,-1
36,4,1794.22,618.03,69.20,165.36,0.7064,-1,-1,-1
37,2,1480.94,537.37,42.19,127.70,0.7195,-1,-1,-1
37,4,1801.32,621.62,73.87,168.79,0.7729,-1,-1,-1
38,2,1484.66,532.72,41.52,129.71,0.7105,-1,-1,-1
38,4,1809.75,616.45,77.43,175.63,0.7811,-1,-1,-1
38,10,467.20,541.81,43.99,123.81,0.5374,-1,-1,-1
39,2,1488.98,537.85,42.19,128.59,0.7030,-1,-1,-1
39,4,1821.96,627.89,76.30,175.49,0.7505,-1,-1,-1
39,6,1580.81,507.63,33.68,96.73,0.5142,-1,-1,-1
40,2,1492.00,535.99,41.96,127.41,0.7111,-1,-1,-1
40,4,1833.48,626.00,76.07,177.81,0.7794,-1,-1,-1
41,2,1496.10,545.07,43.25,122.06,0.6972,-1,-1,-1
41,4,1845.45,633.23,74.68,180.16,0.7577,-1,-1,-1
42,2,1500.81,547.75,43.26,120.96,0.6868,-1,-1,-1
42,4,1857.23,637.56,66.37,180.78,0.6916,-1,-1,-1
42,9,418.80,536.86,43.89,127.21,0.5487,-1,-1,-1
42,6,1594.80,508.01,34.41,100.25,0.5748,-1,-1,-1
43,2,1505.46,549.89,42.74,122.20,0.6678,-1,-1,-1
43,4,1869.65,644.19,53.78,174.13,0.6621,-1,-1,-1
43,9,415.71,536.38,45.24,130.19,0.5425,-1,-1,-1
43,6,1597.47,511.48,33.92,98.56,0.5064,-1,-1,-1
44,2,1510.83,552.06,42.77,120.93,0.6220,-1,-1,-1
44,4,1881.58,649.38,41.36,169.10,0.6409,-1,-1,-1
44,6,1600.32,510.37,37.14,100.61,0.5301,-1,-1,-1
45,2,1515.80,556.30,43.60,127.12,0.7575,-1,-1,-1
45,6,1604.66,514.30,39.35,101.75,0.5885,-1,-1,-1
46,2,1519.52,554.76,43.15,132.58,0.7570,-1,-1,-1
46,6,1608.17,514.69,39.86,101.09,0.5480,-1,-1,-1
47,2,1524.42,558.48,43.31,132.03,0.7205,-1,-1,-1
47,6,1616.72,524.24,36.02,95.19,0.5303,-1,-1,-1
48,2,1527.77,559.99,44.72,133.29,0.7090,-1,-1,-1
48,6,1620.77,527.31,33.34,92.68,0.6493,-1,-1,-1
49,2,1533.10,560.29,44.83,135.83,0.7107,-1,-1,-1
49,6,1625.77,532.50,31.92,91.29,0.7157,-1,-1,-1
49,10,446.13,550.74,43.98,125.94,0.5423,-1,-1,-1
50,2,1537.59,557.37,45.76,137.30,0.6966,-1,-1,-1
50,10,444.88,557.26,43.39,119.20,0.5618,-1,-1,-1
51,2,1542.16,561.13,46.25,137.83,0.6992,-1,-1,-1
51,10,442.50,564.72,43.05,111.88,0.5522,-1,-1,-1
51,6,1636.55,533.74,30.24,90.00,0.6433,-1,-1,-1
52,2,1546.08,558.72,49.35,145.66,0.7092,-1,-1,-1
52,10,441.45,568.23,41.55,109.69,0.5690,-1,-1,-1
52,6,1639.94,532.56,30.39,91.09,0.5623,-1,-1,-1
52,9,395.48,550.58,45.98,124.48,0.5372,-1,-1,-1
53,2,1550.37,557.31,51.09,150.79,0.6876,-1,-1,-1
53,10,439.14,566.66,43.59,112.95,0.5363,-1,-1,-1
53,6,1644.08,533.51,30.30,90.15,0.5337,-1,-1,-1
53,9,392.47,550.44,45.96,126.80,0.5311,-1,-1,-1
54,2,1553.29,556.83,52.37,153.37,0.7243,-1,-1,-1
54,10,436.48,567.26,44.28,112.84,0.5620,-1,-1,-1
54,6,1648.22,533.84,30.38,89.78,0.5927,-1,-1,-1
54,9,388.51,548.77,45.66,128.79,0.5157,-1,-1,-1
55,2,1557.61,554.50,52.66,157.53,0.7489,-1,-1,-1
55,6,1653.01,533.34,31.94,91.62,0.6041,-1,-1,-1
55,9,384.79,544.74,45.90,133.12,0.5710,-1,-1,-1
56,2,1562.23,553.97,52.23,157.49,0.7373,-1,-1,-1
56,6,1656.55,527.42,35.09,98.72,0.7227,-1,-1,-1
56,9,382.51,549.23,44.26,128.89,0.5221,-1,-1,-1
57,2,1567.11,551.55,53.27,157.80,0.7168,-1,-1,-1
57,6,1659.11,521.25,36.73,103.02,0.7179,-1,-1,-1
57,9,379.90,550.27,43.91,127.95,0.5247,-1,-1,-1
58,2,1571.23,555.24,53.20,153.76,0.6330,-1,-1,-1
58,6,1661.48,515.38,37.17,107.23,0.6824,-1,-1,-1
58,9,377.04,547.48,43.34,129.64,0.5754,-1,-1,-1
59,2,1577.42,561.03,51.15,149.04,0.6308,-1,-1,-1
59,6,1664.16,511.00,40.13,111.10,0.6578,-1,-1,-1
59,9,374.34,543.89,41.95,131.34,0.5620,-1,-1,-1
60,2,1581.32,560.09,51.48,151.17,0.6268,-1,-1,-1
60,6,1665.63,510.21,41.74,111.42,0.7210,-1,-1,-1
60,9,370.10,546.14,41.19,129.28,0.5510,-1,-1,-1
61,2,1585.15,549.94,52.73,156.64,0.6205,-1,-1,-1
61,6,1666.58,507.01,44.37,108.93,0.7169,-1,-1,-1
62,2,1589.90,556.08,53.45,156.30,0.7001,-1,-1,-1
62,6,1671.15,517.55,44.31,105.24,0.5488,-1,-1,-1
63,2,1596.11,543.02,55.06,155.39,0.6411,-1,-1,-1
63,6,1678.44,509.89,41.33,96.68,0.5719,-1,-1,-1
64,2,1600.26,562.63,55.41,153.44,0.6265,-1,-1,-1
64,6,1687.28,529.58,35.37,95.28,0.6374,-1,-1,-1
65,2,1603.17,561.70,56.62,151.08,0.7297,-1,-1,-1
65,6,1690.60,528.53,34.02,90.71,0.6811,-1,-1,-1
66,2,1609.70,559.94,56.72,149.93,0.7218,-1,-1,-1
66,6,1696.98,520.67,33.98,91.67,0.6913,-1,-1,-1
66,14,287.07,568.22,41.50,114.71,0.5079,-1,-1,-1
66,10,397.75,566.85,48.77,123.66,0.5012,-1,-1,-1
66,9,348.10,557.73,46.90,135.22,0.6009,-1,-1,-1
67,2,1613.95,570.34,55.61,153.79,0.7347,-1,-1,-1
67,6,1699.71,536.96,34.13,91.07,0.6537,-1,-1,-1
67,10,394.29,556.65,46.30,121.94,0.5553,-1,-1,-1
67,9,343.28,543.51,48.25,136.13,0.5524,-1,-1,-1
68,2,1617.13,564.28,57.16,152.56,0.7318,-1,-1,-1
68,6,1701.84,528.57,33.93,89.92,0.5779,-1,-1,-1
68,10,388.83,563.33,49.66,123.26,0.5489,-1,-1,-1
68,9,340.06,555.56,48.12,132.02,0.5780,-1,-1,-1
69,2,1621.42,572.34,57.94,156.14,0.7563,-1,-1,-1
69,6,1704.69,538.88,34.38,90.91,0.6500,-1,-1,-1
70,2,1625.21,567.30,59.30,156.80,0.7757,-1,-1,-1
70,6,1705.74,535.12,35.00,92.29,0.5962,-1,-1,-1
70,10,380.20,556.34,48.39,128.07,0.5873,-1,-1,-1
70,9,330.57,546.50,49.64,138.34,0.5193,-1,-1,-1
71,2,1629.63,571.38,58.94,158.90,0.7564,-1,-1,-1
71,6,1707.08,537.41,34.99,93.27,0.6897,-1,-1,-1
71,10,374.98,553.62,48.53,129.06,0.5607,-1,-1,-1
71,9,328.19,546.47,48.07,136.32,0.5147,-1,-1,-1
72,2,1632.97,562.32,60.31,169.29,0.7885,-1,-1,-1
72,6,1707.37,535.96,36.00,91.82,0.6906,-1,-1,-1
72,10,370.84,554.74,47.93,130.38,0.6105,-1,-1,-1
72,9,325.08,550.75,48.97,134.63,0.6164,-1,-1,-1
73,2,1637.72,564.77,60.25,171.82,0.6738,-1,-1,-1
73,6,1708.87,539.45,38.08,93.95,0.5833,-1,-1,-1
73,10,366.53,548.96,47.63,132.92,0.5836,-1,-1,-1
74,2,1641.51,568.22,63.69,169.08,0.7210,-1,-1,-1
74,6,1711.08,536.59,37.77,93.50,0.5858,-1,-1,-1
75,2,1643.61,575.82,64.68,165.50,0.7429,-1,-1,-1
75,6,1711.98,539.21,37.85,93.58,0.5706,-1,-1,-1
75,10,355.80,555.07,47.20,129.06,0.6082,-1,-1,-1
76,2,1647.53,578.04,64.48,164.42,0.7341,-1,-1,-1
76,6,1712.98,539.29,38.33,91.72,0.5478,-1,-1,-1
77,2,1649.34,580.70,67.08,163.61,0.7195,-1,-1,-1
77,6,1713.59,540.72,38.42,91.06,0.5368,-1,-1,-1
77,10,343.91,550.18,48.29,132.34,0.6133,-1,-1,-1
78,2,1652.66,581.55,68.20,164.43,0.7336,-1,-1,-1
78,6,1713.89,540.64,38.56,91.11,0.5829,-1,-1,-1
78,10,339.75,551.68,48.00,132.92,0.5297,-1,-1,-1
79,2,1653.83,584.55,71.61,162.87,0.7503,-1,-1,-1
79,6,1713.40,540.48,38.93,90.59,0.5743,-1,-1,-1
79,10,333.71,548.67,49.61,135.72,0.5562,-1,-1,-1
79,9,271.38,538.18,61.49,145.63,0.5009,-1,-1,-1
80,2,1654.30,582.15,74.70,166.38,0.7249,-1,-1,-1
80,6,1712.65,536.79,39.64,91.57,0.6115,-1,-1,-1
80,10,326.89,552.31,50.06,134.85,0.6084,-1,-1,-1
80,9,262.77,537.75,64.14,148.16,0.5575,-1,-1,-1
81,2,1657.03,582.23,73.57,166.93,0.7504,-1,-1,-1
81,6,1711.81,536.30,39.44,91.39,0.5704,-1,-1,-1
81,10,319.60,552.73,51.05,134.11,0.5708,-1,-1,-1
82,2,1659.69,583.12,72.83,170.07,0.7395,-1,-1,-1
82,6,1711.94,537.12,37.26,91.16,0.6128,-1,-1,-1
83,2,1665.11,582.53,68.92,171.90,0.7061,-1,-1,-1
83,6,1712.00,536.77,36.11,91.02,0.5894,-1,-1,-1
83,10,304.89,557.91,51.92,131.56,0.6694,-1,-1,-1
84,2,1665.21,580.08,72.71,176.77,0.7242,-1,-1,-1
84,6,1712.57,535.37,34.76,92.21,0.5715,-1,-1,-1
84,15,121.62,561.28,52.23,134.38,0.5341,-1,-1,-1
84,10,296.51,561.82,54.45,128.65,0.5318,-1,-1,-1
84,9,242.84,551.41,55.60,139.08,0.5413,-1,-1,-1
85,2,1667.66,581.33,72.72,179.66,0.7671,-1,-1,-1
85,15,112.49,564.72,53.58,133.26,0.5264,-1,-1,-1
85,10,290.73,562.51,51.52,129.20,0.5021,-1,-1,-1
86,2,1671.39,580.82,71.18,179.83,0.7646,-1,-1,-1
86,10,284.31,561.73,49.86,131.40,0.5830,-1,-1,-1
87,2,1672.56,584.17,72.24,180.32,0.7968,-1,-1,-1
87,10,279.03,563.64,51.48,132.33,0.5734,-1,-1,-1
87,15,96.46,562.21,59.22,135.35,0.5342,-1,-1,-1
88,2,1674.96,582.79,71.98,184.08,0.7977,-1,-1,-1
88,10,270.88,568.66,51.73,131.96,0.5029,-1,-1,-1
88,15,90.81,566.72,53.87,130.83,0.5030,-1,-1,-1
88,9,219.64,561.62,50.92,138.99,0.5733,-1,-1,-1
89,2,1678.51,584.27,70.42,188.56,0.8037,-1,-1,-1
90,2,1681.95,585.59,70.30,192.28,0.7568,-1,-1,-1
90,10,259.31,571.39,53.61,134.48,0.5301,-1,-1,-1
91,2,1684.61,595.26,72.46,188.67,0.7887,-1,-1,-1
92,2,1687.95,600.76,73.47,186.95,0.7964,-1,-1,-1
92,18,407.84,554.23,43.75,125.43,0.5375,-1,-1,-1
92,10,246.87,559.48,59.83,152.27,0.5456,-1,-1,-1
93,2,1689.27,605.33,73.98,187.00,0.8092,-1,-1,-1
93,18,401.10,556.63,44.06,126.75,0.5216,-1,-1,-1
93,10,241.66,567.93,54.99,145.16,0.5533,-1,-1,-1
93,9,185.30,553.10,53.18,162.86,0.5642,-1,-1,-1
94,2,1690.48,607.62,74.09,187.64,0.8040,-1,-1,-1
94,18,392.15,556.70,45.41,128.94,0.6202,-1,-1,-1
94,10,235.09,574.33,55.20,142.44,0.5421,-1,-1,-1
94,9,180.56,561.28,52.10,156.86,0.5233,-1,-1,-1
95,2,1692.19,611.33,74.90,189.33,0.7915,-1,-1,-1
95,18,387.24,558.57,45.14,128.57,0.5344,-1,-1,-1
95,10,227.14,578.24,56.91,140.38,0.5212,-1,-1,-1
95,9,173.80,562.99,53.92,155.97,0.6019,-1,-1,-1
96,2,1695.65,611.57,75.01,190.71,0.7886,-1,-1,-1
96,10,221.35,582.26,53.94,141.74,0.5758,-1,-1,-1
96,6,1693.82,541.97,43.99,95.94,0.5265,-1,-1,-1
97,2,1699.29,613.14,76.19,192.57,0.7860,-1,-1,-1
97,10,212.93,579.12,55.81,144.02,0.6522,-1,-1,-1
97,6,1692.42,544.55,43.13,94.53,0.5334,-1,-1,-1
97,18,371.92,556.57,47.51,133.77,0.5171,-1,-1,-1
97,9,159.44,576.23,52.77,143.42,0.5563,-1,-1,-1
98,2,1703.99,613.36,76.80,195.62,0.7919,-1,-1,-1
98,10,203.88,581.73,55.54,145.66,0.6216,-1,-1,-1
98,6,1690.89,545.77,41.69,95.03,0.5095,-1,-1,-1
98,18,365.77,575.82,46.24,116.55,0.6109,-1,-1,-1
98,9,151.27,581.94,53.28,143.74,0.5599,-1,-1,-1
99,2,1706.56,614.86,78.15,197.44,0.7603,-1,-1,-1
99,10,197.39,578.49,54.21,147.75,0.6654,-1,-1,-1
99,6,1688.52,546.25,42.17,100.38,0.5021,-1,-1,-1
99,18,358.78,569.73,46.41,122.61,0.5577,-1,-1,-1
100,2,1709.21,613.71,80.26,199.80,0.7946,-1,-1,-1
100,10,188.94,585.48,54.79,143.72,0.6085,-1,-1,-1
100,6,1685.69,547.67,42.56,101.21,0.6411,-1,-1,-1
100,18,348.69,575.43,50.27,119.24,0.5459,-1,-1,-1
100,9,131.76,583.89,56.22,140.89,0.5672,-1,-1,-1
101,2,1711.14,616.15,80.90,202.25,0.7865,-1,-1,-1
101,10,180.26,582.65,57.29,145.15,0.5850,-1,-1,-1
101,6,1684.52,550.25,40.08,102.76,0.7197,-1,-1,-1
101,18,340.64,572.24,49.82,121.17,0.5708,-1,-1,-1
101,9,124.05,579.52,57.75,144.02,0.6033,-1,-1,-1
102,2,1713.14,619.15,82.35,200.93,0.8136,-1,-1,-1
102,10,172.09,583.51,57.51,145.31,0.5693,-1,-1,-1
102,6,1683.86,550.24,38.01,103.23,0.7410,-1,-1,-1
102,18,332.46,575.26,49.54,120.32,0.6190,-1,-1,-1
102,9,115.12,581.20,58.01,145.94,0.6262,-1,-1,-1
103,2,1714.32,619.04,85.27,204.71,0.8262,-1,-1,-1
103,10,164.60,586.90,57.54,143.29,0.5183,-1,-1,-1
103,6,1683.13,550.22,36.76,102.67,0.7189,-1,-1,-1
103,9,106.40,578.95,57.66,149.37,0.5525,-1,-1,-1
104,2,1715.63,623.93,86.60,207.03,0.8178,-1,-1,-1
104,6,1682.30,551.93,35.57,102.68,0.7075,-1,-1,-1
104,9,95.97,576.48,58.31,150.16,0.5657,-1,-1,-1
105,2,1717.71,624.05,87.19,209.60,0.8057,-1,-1,-1
105,6,1681.17,549.97,34.85,103.42,0.6655,-1,-1,-1
105,9,87.91,579.14,57.99,149.73,0.6009,-1,-1,-1
105,18,305.70,565.60,53.19,132.35,0.5166,-1,-1,-1
105,10,146.45,585.85,59.29,144.42,0.5509,-1,-1,-1
106,2,1722.69,625.87,85.90,212.19,0.7799,-1,-1,-1
106,6,1678.94,549.72,34.21,105.37,0.6087,-1,-1,-1
106,9,77.95,574.79,56.44,153.36,0.5599,-1,-1,-1
106,18,298.70,565.55,52.30,131.58,0.5016,-1,-1,-1
106,10,138.74,577.04,59.89,152.49,0.5310,-1,-1,-1
107,2,1726.25,623.25,85.10,216.13,0.7890,-1,-1,-1
107,6,1677.45,547.46,32.76,105.67,0.5536,-1,-1,-1
107,9,68.64,573.00,58.27,155.77,0.5917,-1,-1,-1
107,22,352.00,562.65,42.39,140.89,0.5354,-1,-1,-1
108,2,1728.75,628.04,84.91,218.04,0.8030,-1,-1,-1
108,9,55.18,568.06,63.09,160.36,0.5359,-1,-1,-1
108,22,342.65,562.57,44.75,141.26,0.5371,-1,-1,-1
108,23,210.11,586.65,37.35,101.13,0.5889,-1,-1,-1
108,18,279.41,559.22,54.23,140.09,0.5478,-1,-1,-1
109,2,1730.86,628.34,86.07,221.44,0.8076,-1,-1,-1
109,22,336.58,557.44,42.39,148.68,0.5920,-1,-1,-1
109,23,201.00,588.13,37.45,105.14,0.5079,-1,-1,-1
109,6,1674.99,549.63,30.77,106.47,0.5373,-1,-1,-1
110,2,1732.28,629.40,86.37,224.93,0.8127,-1,-1,-1
110,22,326.70,562.57,44.23,142.65,0.6133,-1,-1,-1
110,23,190.64,586.93,38.90,105.68,0.5302,-1,-1,-1
110,10,103.60,572.09,56.22,158.46,0.5837,-1,-1,-1
110,9,31.96,567.36,68.90,162.60,0.5921,-1,-1,-1
110,18,254.67,553.55,59.34,149.26,0.5140,-1,-1,-1
111,2,1733.58,629.58,87.73,227.48,0.8115,-1,-1,-1
111,22,318.53,572.68,42.36,133.93,0.5317,-1,-1,-1
111,10,93.97,568.25,58.83,164.68,0.5886,-1,-1,-1
111,9,20.94,563.82,71.65,166.91,0.6223,-1,-1,-1
112,2,1734.85,632.26,89.63,228.24,0.8080,-1,-1,-1
112,22,307.80,571.82,41.37,137.68,0.5582,-1,-1,-1
112,10,84.36,572.80,59.44,161.47,0.5701,-1,-1,-1
112,9,9.46,566.72,76.30,165.85,0.5341,-1,-1,-1
112,18,238.54,567.53,56.09,138.30,0.5937,-1,-1,-1
113,2,1735.36,634.40,90.58,229.94,0.8039,-1,-1,-1
113,22,298.81,573.06,39.19,138.89,0.6007,-1,-1,-1
113,10,75.46,576.85,57.24,160.11,0.5790,-1,-1,-1
113,9,1.27,560.98,73.80,172.79,0.5961,-1,-1,-1
113,18,231.30,575.91,53.83,133.32,0.6197,-1,-1,-1
113,23,161.74,595.56,37.87,103.46,0.5199,-1,-1,-1
114,2,1737.53,635.05,90.23,230.99,0.7984,-1,-1,-1
114,10,63.20,568.06,59.49,169.00,0.6499,-1,-1,-1
114,9,1.20,571.63,62.45,163.93,0.5476,-1,-1,-1
114,18,218.88,581.45,54.66,128.51,0.5789,-1,-1,-1
114,23,151.62,597.84,34.60,102.56,0.6192,-1,-1,-1
115,2,1739.24,636.50,91.12,231.80,0.7915,-1,-1,-1
115,10,52.91,565.96,59.90,172.81,0.6516,-1,-1,-1
115,18,202.12,571.78,61.26,138.44,0.5423,-1,-1,-1
115,23,141.67,597.19,36.41,104.90,0.6164,-1,-1,-1
115,26,333.47,564.24,37.91,111.93,0.6417,-1,-1,-1
115,22,279.27,581.06,37.33,134.23,0.5716,-1,-1,-1
116,2,1741.08,636.44,91.70,234.96,0.7989,-1,-1,-1
116,10,43.80,571.94,58.16,170.01,0.6052,-1,-1,-1
116,18,195.92,576.01,58.29,139.86,0.5416,-1,-1,-1
116,23,130.56,599.73,35.09,103.39,0.5737,-1,-1,-1
116,26,323.78,567.43,39.21,110.80,0.6120,-1,-1,-1
116,9,-3.22,582.70,52.57,157.52,0.6271,-1,-1,-1
117,2,1741.44,638.66,93.75,238.29,0.8085,-1,-1,-1
117,10,32.69,573.81,59.28,170.20,0.5951,-1,-1,-1
117,23,119.20,600.24,36.83,101.16,0.5760,-1,-1,-1
117,26,314.32,566.83,40.81,112.84,0.5427,-1,-1,-1
117,9,-2.46,584.15,43.73,157.19,0.6280,-1,-1,-1
117,22,258.39,564.03,39.47,155.17,0.6098,-1,-1,-1
118,2,1742.78,637.40,95.80,243.99,0.8036,-1,-1,-1
118,10,22.11,577.35,60.13,169.44,0.5140,-1,-1,-1
118,23,109.71,600.92,37.49,104.61,0.5085,-1,-1,-1
118,26,308.56,560.93,38.47,119.49,0.6467,-1,-1,-1
118,22,248.89,570.39,38.78,152.82,0.6612,-1,-1,-1
118,18,180.26,584.28,53.34,136.19,0.5471,-1,-1,-1
119,2,1745.56,639.71,99.19,246.02,0.8215,-1,-1,-1
119,10,11.27,572.73,61.53,177.49,0.5951,-1,-1,-1
119,26,299.60,562.89,39.63,119.06,0.5508,-1,-1,-1
119,22,239.36,565.05,40.50,160.35,0.6096,-1,-1,-1
120,2,1747.87,643.77,103.24,245.57,0.8126,-1,-1,-1
120,10,4.93,565.49,57.92,187.96,0.5784,-1,-1,-1
120,26,290.69,561.15,39.91,123.86,0.5785,-1,-1,-1
120,22,226.60,571.21,42.59,157.81,0.6484,-1,-1,-1
120,18,158.70,584.85,53.16,141.75,0.6007,-1,-1,-1
121,2,1751.46,645.24,104.16,248.34,0.8092,-1,-1,-1
121,10,-0.53,555.55,55.62,197.37,0.5797,-1,-1,-1
121,26,286.13,562.80,37.27,120.42,0.6308,-1,-1,-1
121,22,217.46,570.03,43.39,161.27,0.5591,-1,-1,-1
121,18,146.81,586.86,56.06,139.83,0.5885,-1,-1,-1
121,23,77.99,602.57,37.02,111.60,0.5915,-1,-1,-1
122,2,1755.64,646.11,101.99,251.85,0.8083,-1,-1,-1
122,10,-3.42,555.89,48.75,199.93,0.6185,-1,-1,-1
122,26,275.48,563.93,40.09,120.90,0.6008,-1,-1,-1
122,22,204.97,573.42,47.11,160.19,0.6580,-1,-1,-1
122,18,138.78,593.07,53.67,140.61,0.5101,-1,-1,-1
123,2,1760.09,649.73,98.71,254.49,0.8086,-1,-1,-1
123,10,-2.96,568.32,41.43,187.66,0.5678,-1,-1,-1
123,26,266.46,559.35,42.09,129.25,0.6607,-1,-1,-1
123,22,194.38,580.89,49.43,155.13,0.5960,-1,-1,-1
124,2,1764.31,649.37,98.36,259.50,0.8160,-1,-1,-1
124,26,260.26,567.24,39.27,123.34,0.5866,-1,-1,-1
124,22,184.31,587.76,48.48,150.27,0.6279,-1,-1,-1
125,2,1768.97,648.55,102.03,262.13,0.8160,-1,-1,-1
125,26,251.30,570.04,39.88,121.43,0.5345,-1,-1,-1
125,22,173.68,590.33,51.13,149.35,0.6423,-1,-1,-1
126,2,1773.22,650.70,103.76,263.11,0.8114,-1,-1,-1
126,26,243.05,567.49,39.87,126.49,0.5828,-1,-1,-1
126,22,161.25,595.76,53.71,146.88,0.5843,-1,-1,-1
127,2,1777.40,651.49,104.91,266.19,0.8200,-1,-1,-1
127,26,235.92,569.86,38.99,126.39,0.5794,-1,-1,-1
127,22,152.67,600.96,52.07,145.20,0.5949,-1,-1,-1
128,2,1780.70,653.65,106.58,267.60,0.8193,-1,-1,-1
128,26,225.39,563.04,40.50,133.57,0.6125,-1,-1,-1
128,22,141.45,603.01,54.27,144.59,0.5498,-1,-1,-1
129,2,1785.41,656.09,110.79,269.47,0.8236,-1,-1,-1
129,26,218.26,566.14,39.78,133.45,0.5914,-1,-1,-1
129,22,130.73,600.61,52.34,150.84,0.5154,-1,-1,-1
130,2,1787.92,657.99,115.09,272.01,0.8219,-1,-1,-1
130,26,209.56,565.48,40.80,135.62,0.5546,-1,-1,-1
131,2,1791.15,659.39,118.08,276.73,0.8319,-1,-1,-1
132,2,1796.02,661.03,120.32,283.65,0.8652,-1,-1,-1
132,26,191.92,567.56,41.33,135.73,0.6432,-1,-1,-1
133,2,1802.30,663.00,117.55,289.39,0.8824,-1,-1,-1
133,26,182.08,565.95,43.89,136.62,0.5320,-1,-1,-1
133,22,79.96,594.24,50.50,168.77,0.5457,-1,-1,-1
134,2,1807.23,665.03,113.99,294.75,0.8508,-1,-1,-1
134,26,173.43,567.11,42.16,138.17,0.5591,-1,-1,-1
135,2,1811.15,665.92,110.24,301.32,0.8147,-1,-1,-1
135,26,165.73,569.97,40.81,137.83,0.5435,-1,-1,-1
135,18,0.24,615.78,46.95,151.60,0.5673,-1,-1,-1
135,22,35.01,577.13,72.28,195.14,0.5413,-1,-1,-1
136,2,1817.20,669.40,104.16,305.20,0.8375,-1,-1,-1
136,29,508.66,527.20,28.37,73.84,0.5365,-1,-1,-1
136,18,-2.57,620.81,38.43,147.80,0.6005,-1,-1,-1
136,22,23.31,575.16,74.43,199.14,0.5249,-1,-1,-1
137,2,1823.70,677.44,97.88,307.37,0.7742,-1,-1,-1
137,29,502.92,527.50,29.52,75.51,0.5479,-1,-1,-1
137,22,16.18,574.01,70.29,203.49,0.6259,-1,-1,-1
138,2,1830.12,679.42,90.98,310.80,0.7835,-1,-1,-1
138,29,499.35,530.33,30.28,72.99,0.5814,-1,-1,-1
138,22,9.57,572.39,64.49,205.26,0.6375,-1,-1,-1
138,6,1570.22,556.53,45.30,107.30,0.5702,-1,-1,-1
139,2,1833.53,680.02,87.32,315.56,0.7701,-1,-1,-1
139,22,2.08,575.78,59.09,202.38,0.6160,-1,-1,-1
139,6,1567.89,554.41,40.87,108.97,0.5947,-1,-1,-1
140,2,1840.07,682.48,80.87,312.77,0.7505,-1,-1,-1
140,22,-2.67,575.20,51.67,210.23,0.6252,-1,-1,-1
140,6,1566.05,551.32,38.39,110.90,0.6625,-1,-1,-1
140,32,1698.26,552.81,47.35,115.44,0.5277,-1,-1,-1
141,2,1847.09,680.12,73.79,312.22,0.6799,-1,-1,-1
141,22,-3.81,579.39,41.47,208.20,0.5907,-1,-1,-1
141,6,1563.06,550.34,38.83,111.13,0.7275,-1,-1,-1
141,29,484.96,528.37,27.64,73.86,0.5268,-1,-1,-1
142,2,1854.31,693.11,66.56,300.21,0.6423,-1,-1,-1
142,6,1560.17,551.50,40.37,108.31,0.6806,-1,-1,-1
143,2,1860.21,703.43,59.75,297.16,0.5927,-1,-1,-1
143,6,1556.81,553.55,40.49,109.03,0.5899,-1,-1,-1
143,29,476.45,527.43,31.28,73.34,0.5369,-1,-1,-1
144,6,1554.22,556.30,38.37,109.22,0.7093,-1,-1,-1
144,29,473.12,527.78,28.75,74.81,0.5946,-1,-1,-1
145,6,1549.08,557.91,37.56,108.06,0.6957,-1,-1,-1
145,29,467.81,527.24,28.75,74.11,0.5255,-1,-1,-1
145,32,1694.29,570.02,43.07,107.33,0.6018,-1,-1,-1
146,6,1545.34,556.15,38.66,110.17,0.6497,-1,-1,-1
146,29,463.55,526.19,28.17,74.63,0.5848,-1,-1,-1
146,32,1693.41,573.66,42.72,101.76,0.6214,-1,-1,-1
147,6,1540.74,557.63,39.25,109.60,0.6766,-1,-1,-1
147,29,457.09,526.71,29.40,75.70,0.5244,-1,-1,-1
147,32,1691.48,575.04,41.41,102.89,0.5343,-1,-1,-1
148,6,1532.26,555.31,44.70,112.52,0.6901,-1,-1,-1
148,29,452.63,528.91,30.12,74.23,0.5903,-1,-1,-1
149,6,1520.86,554.39,52.75,113.51,0.6863,-1,-1,-1
149,29,447.86,529.39,29.27,74.88,0.5575,-1,-1,-1
149,32,1681.94,571.50,42.71,104.92,0.6105,-1,-1,-1
150,6,1513.00,558.12,58.17,109.60,0.7187,-1,-1,-1
150,29,442.68,528.61,29.92,76.42,0.5841,-1,-1,-1
150,32,1679.54,567.48,42.63,107.34,0.6682,-1,-1,-1
