1,1,0.00,8.85,351.22,1061.89,0.9275,-1,-1,-1
1,2,874.76,152.61,238.81,626.87,0.8143,-1,-1,-1
1,3,546.17,271.41,94.46,315.82,0.8119,-1,-1,-1
1,4,403.99,277.97,107.41,319.40,0.8106,-1,-1,-1
2,1,-0.18,5.72,345.38,1064.85,0.9307,-1,-1,-1
2,2,870.35,148.89,234.69,629.26,0.8053,-1,-1,-1
2,3,542.48,266.63,95.31,321.87,0.8085,-1,-1,-1
2,4,397.85,274.32,110.57,321.34,0.8139,-1,-1,-1
3,1,-0.34,4.84,339.42,1063.67,0.9292,-1,-1,-1
3,2,865.40,152.02,227.19,628.19,0.8283,-1,-1,-1
3,3,536.81,266.03,96.77,326.74,0.8042,-1,-1,-1
3,4,390.95,274.44,108.92,322.71,0.8446,-1,-1,-1
4,1,-0.25,3.24,327.04,1062.29,0.9252,-1,-1,-1
4,2,868.52,152.93,218.35,629.06,0.8344,-1,-1,-1
4,3,531.80,264.76,96.25,329.16,0.8075,-1,-1,-1
4,4,382.00,271.25,111.50,327.18,0.8421,-1,-1,-1
4,5,1044.24,292.91,90.75,342.54,0.5789,-1,-1,-1
5,1,-0.15,2.68,312.03,1063.04,0.9159,-1,-1,-1
5,2,876.98,151.47,207.00,636.29,0.8186,-1,-1,-1
5,3,526.25,262.10,97.42,334.18,0.8087,-1,-1,-1
5,4,376.12,265.20,111.68,331.69,0.8346,-1,-1,-1
5,5,1047.86,292.02,83.96,343.58,0.5786,-1,-1,-1
6,1,0.31,16.13,292.34,1056.29,0.8776,-1,-1,-1
6,2,883.77,151.01,197.85,628.73,0.8032,-1,-1,-1
6,3,520.25,261.98,100.98,335.93,0.7972,-1,-1,-1
6,4,371.81,262.10,111.26,334.79,0.8305,-1,-1,-1
6,5,1046.79,293.40,81.39,344.61,0.5863,-1,-1,-1
7,1,0.66,62.44,273.47,1009.52,0.9035,-1,-1,-1
7,2,890.82,153.11,189.57,622.07,0.8162,-1,-1,-1
7,3,515.39,260.19,102.19,343.62,0.7800,-1,-1,-1
7,4,364.05,261.08,113.75,338.15,0.8224,-1,-1,-1
7,5,1042.02,296.67,83.57,345.95,0.6034,-1,-1,-1
8,1,0.71,85.57,258.67,986.52,0.8960,-1,-1,-1
8,2,890.96,153.43,188.84,626.25,0.7931,-1,-1,-1
8,3,511.10,262.70,102.07,345.92,0.8154,-1,-1,-1
8,4,354.37,260.51,118.02,341.94,0.8266,-1,-1,-1
8,5,1037.96,299.92,86.70,346.14,0.6753,-1,-1,-1
8,6,863.00,263.74,73.60,300.39,0.5858,-1,-1,-1
9,1,0.20,100.35,227.79,972.89,0.8638,-1,-1,-1
9,2,888.99,154.68,186.88,625.80,0.7894,-1,-1,-1
9,3,506.54,262.92,103.27,344.85,0.8364,-1,-1,-1
9,4,348.00,260.88,119.98,343.79,0.8186,-1,-1,-1
9,5,1036.49,303.60,84.92,347.85,0.6621,-1,-1,-1
9,6,862.08,263.97,72.93,300.99,0.5881,-1,-1,-1
9,7,721.30,321.62,39.22,131.03,0.5789,-1,-1,-1
10,1,0.72,108.60,206.28,961.34,0.7268,-1,-1,-1
10,2,883.15,157.03,188.32,623.56,0.8161,-1,-1,-1
10,3,500.32,264.62,106.67,347.35,0.8259,-1,-1,-1
10,4,344.64,259.94,118.43,346.89,0.8078,-1,-1,-1
10,5,1036.58,301.82,82.55,352.16,0.7003,-1,-1,-1
10,6,861.47,261.44,72.86,303.60,0.5662,-1,-1,-1
10,7,720.23,324.56,40.28,131.31,0.5862,-1,-1,-1
11,1,0.98,113.43,178.57,954.61,0.7332,-1,-1,-1
11,2,880.30,157.01,187.61,628.60,0.8167,-1,-1,-1
11,3,493.74,263.23,109.64,352.69,0.8231,-1,-1,-1
11,4,337.84,261.84,121.09,348.98,0.7889,-1,-1,-1
11,5,1038.12,298.09,76.20,358.50,0.6633,-1,-1,-1
11,6,861.86,274.09,68.42,292.86,0.5329,-1,-1,-1
11,7,719.17,326.72,39.17,129.60,0.5182,-1,-1,-1
12,1,0.85,119.16,160.55,761.13,0.7881,-1,-1,-1
12,2,872.49,158.27,188.95,631.34,0.8356,-1,-1,-1
12,3,490.15,259.89,110.97,357.70,0.7974,-1,-1,-1
12,4,327.32,264.34,127.34,351.48,0.8274,-1,-1,-1
12,5,1037.34,297.18,72.45,361.40,0.6770,-1,-1,-1
12,7,718.04,327.79,41.12,131.44,0.5499,-1,-1,-1
12,9,774.18,320.40,51.90,134.08,0.5494,-1,-1,-1
13,1,0.88,139.29,139.80,625.65,0.8200,-1,-1,-1
13,2,864.36,156.20,195.07,637.22,0.8253,-1,-1,-1
13,3,483.73,256.64,114.11,361.59,0.8271,-1,-1,-1
13,4,319.19,264.77,133.19,355.50,0.8302,-1,-1,-1
13,5,1035.99,299.08,72.99,355.42,0.6952,-1,-1,-1
13,9,772.43,321.52,52.10,133.67,0.5423,-1,-1,-1
14,1,0.61,174.84,117.62,579.18,0.8183,-1,-1,-1
14,2,855.94,153.84,200.75,642.75,0.7862,-1,-1,-1
14,3,479.17,255.22,115.65,364.46,0.8364,-1,-1,-1
14,4,313.45,266.14,136.01,358.73,0.8351,-1,-1,-1
14,5,1034.26,293.37,73.58,358.20,0.6842,-1,-1,-1
14,9,772.73,323.78,47.92,130.14,0.5625,-1,-1,-1
14,7,715.16,327.82,44.33,133.31,0.5337,-1,-1,-1
15,1,0.35,231.30,85.98,542.48,0.5546,-1,-1,-1
15,2,844.22,153.41,207.73,639.41,0.7979,-1,-1,-1
15,3,474.98,256.55,119.31,363.06,0.8390,-1,-1,-1
15,4,313.22,268.98,133.79,360.07,0.8286,-1,-1,-1
15,5,1030.44,285.54,77.28,367.72,0.6672,-1,-1,-1
15,9,772.46,323.35,47.05,129.37,0.5425,-1,-1,-1
15,7,713.95,330.17,46.08,130.98,0.5302,-1,-1,-1
16,2,837.75,153.76,212.97,640.29,0.8020,-1,-1,-1
16,3,472.06,256.92,122.71,366.12,0.8447,-1,-1,-1
16,4,309.42,270.30,135.35,365.13,0.8396,-1,-1,-1
16,5,1027.23,278.13,81.37,376.83,0.6328,-1,-1,-1
16,9,771.20,324.06,48.84,128.96,0.5743,-1,-1,-1
16,7,713.61,331.27,45.95,130.63,0.5304,-1,-1,-1
17,2,834.93,155.17,216.88,642.66,0.8270,-1,-1,-1
17,3,470.69,258.87,123.96,367.74,0.8425,-1,-1,-1
17,4,307.83,274.63,134.57,367.68,0.8504,-1,-1,-1
17,5,1023.97,276.01,86.65,378.70,0.6611,-1,-1,-1
17,9,770.50,325.91,51.15,129.14,0.5934,-1,-1,-1
17,7,713.29,331.12,46.83,134.52,0.5726,-1,-1,-1
18,2,836.27,158.30,215.26,651.53,0.8572,-1,-1,-1
18,3,468.55,260.05,126.77,373.06,0.8380,-1,-1,-1
18,4,308.74,278.64,133.23,369.69,0.8304,-1,-1,-1
18,5,1021.67,261.67,88.99,392.08,0.6970,-1,-1,-1
19,2,841.47,160.76,205.15,656.96,0.8586,-1,-1,-1
19,3,466.62,264.49,130.29,378.34,0.8214,-1,-1,-1
19,4,297.94,281.96,143.31,377.10,0.8303,-1,-1,-1
19,5,1016.21,257.37,93.98,398.15,0.7188,-1,-1,-1
19,9,772.35,334.43,50.92,128.96,0.5105,-1,-1,-1
20,2,845.56,167.11,197.90,655.97,0.8635,-1,-1,-1
20,3,467.66,271.59,130.73,379.85,0.8268,-1,-1,-1
20,4,296.72,287.40,145.86,379.37,0.8284,-1,-1,-1
20,5,1012.65,252.09,98.24,408.01,0.7665,-1,-1,-1
20,9,773.21,336.07,51.74,130.78,0.5669,-1,-1,-1
20,7,717.61,343.20,43.49,139.67,0.5284,-1,-1,-1
21,2,859.99,170.21,188.68,657.14,0.8511,-1,-1,-1
21,3,472.63,274.24,133.96,387.05,0.8124,-1,-1,-1
21,4,303.44,288.98,146.23,383.85,0.8442,-1,-1,-1
21,5,1017.80,249.79,105.19,414.62,0.8079,-1,-1,-1
22,2,880.53,169.52,187.38,660.40,0.8537,-1,-1,-1
22,3,493.00,276.20,130.67,390.95,0.8248,-1,-1,-1
22,4,321.36,289.23,145.32,386.93,0.8275,-1,-1,-1
22,5,1032.96,249.73,107.70,419.16,0.7957,-1,-1,-1
22,9,798.42,340.89,52.22,135.75,0.5636,-1,-1,-1
22,7,744.15,349.82,42.49,139.06,0.5240,-1,-1,-1
23,2,886.26,171.15,188.82,664.19,0.8619,-1,-1,-1
23,3,506.13,280.71,129.85,393.79,0.8267,-1,-1,-1
23,4,331.14,291.56,145.69,387.95,0.8289,-1,-1,-1
23,5,1041.37,252.44,112.34,422.66,0.8010,-1,-1,-1
24,2,885.06,172.03,198.44,664.59,0.8683,-1,-1,-1
24,3,516.30,283.70,131.34,396.86,0.8445,-1,-1,-1
24,4,340.99,292.69,147.09,391.31,0.8330,-1,-1,-1
24,5,1048.13,254.48,118.93,419.52,0.8175,-1,-1,-1
24,9,823.95,346.63,48.55,133.61,0.5156,-1,-1,-1
24,7,767.68,352.29,42.54,138.88,0.5112,-1,-1,-1
25,2,881.52,172.48,207.04,661.70,0.8634,-1,-1,-1
25,3,524.51,284.74,134.43,403.76,0.8443,-1,-1,-1
25,4,353.13,294.52,146.37,390.24,0.8319,-1,-1,-1
25,5,1058.08,256.36,123.25,420.07,0.8358,-1,-1,-1
26,2,883.84,173.96,214.20,657.40,0.8694,-1,-1,-1
26,3,539.18,291.93,132.45,405.54,0.7980,-1,-1,-1
26,4,364.81,295.60,149.93,395.24,0.8537,-1,-1,-1
26,5,1067.70,259.94,131.77,423.13,0.8313,-1,-1,-1
27,2,884.70,176.80,223.65,657.76,0.8630,-1,-1,-1
27,3,553.20,294.17,133.12,411.38,0.8309,-1,-1,-1
27,4,379.96,299.57,146.52,397.63,0.8406,-1,-1,-1
27,5,1081.05,265.39,137.44,420.50,0.8297,-1,-1,-1
28,2,884.40,184.04,231.46,658.47,0.8748,-1,-1,-1
28,3,561.19,299.88,132.55,413.66,0.8469,-1,-1,-1
28,4,385.04,305.83,148.18,399.24,0.8611,-1,-1,-1
28,5,1086.81,272.84,139.74,418.51,0.8360,-1,-1,-1
29,2,884.13,190.92,227.62,659.48,0.8794,-1,-1,-1
29,3,565.12,301.46,133.75,417.26,0.8639,-1,-1,-1
29,4,391.36,310.05,144.04,404.20,0.8420,-1,-1,-1
29,5,1091.13,278.46,143.18,426.78,0.8128,-1,-1,-1
29,7,819.65,368.15,45.34,145.06,0.5042,-1,-1,-1
30,2,887.59,195.83,226.32,661.04,0.8922,-1,-1,-1
30,3,569.46,301.21,136.67,418.00,0.8519,-1,-1,-1
30,4,397.35,312.72,144.40,411.00,0.8394,-1,-1,-1
30,5,1097.89,281.55,149.32,431.91,0.8322,-1,-1,-1
31,2,888.37,201.57,227.46,664.38,0.8832,-1,-1,-1
31,3,573.40,302.80,136.72,420.26,0.8356,-1,-1,-1
31,4,400.72,317.91,144.88,417.33,0.8435,-1,-1,-1
31,5,1102.13,285.41,153.47,435.69,0.8545,-1,-1,-1
31,7,837.21,379.36,43.40,139.66,0.5141,-1,-1,-1
32,2,889.26,208.65,230.66,667.97,0.8843,-1,-1,-1
32,3,577.64,305.40,135.17,427.64,0.8523,-1,-1,-1
32,4,402.55,323.22,145.24,419.25,0.8573,-1,-1,-1
32,5,1104.04,290.25,155.76,433.56,0.8578,-1,-1,-1
32,7,841.69,381.53,42.86,144.91,0.5932,-1,-1,-1
33,2,892.41,213.63,232.58,669.91,0.8824,-1,-1,-1
33,3,580.73,308.07,138.11,431.32,0.8464,-1,-1,-1
33,4,404.27,328.93,147.76,419.73,0.8586,-1,-1,-1
33,5,1106.30,298.03,161.75,431.53,0.8557,-1,-1,-1
33,7,846.39,388.16,44.15,144.92,0.5306,-1,-1,-1
34,2,894.09,219.73,238.64,672.58,0.8748,-1,-1,-1
34,3,584.98,309.58,136.52,434.34,0.8412,-1,-1,-1
34,4,402.06,332.86,149.20,425.84,0.8418,-1,-1,-1
34,5,1108.37,302.59,163.87,426.08,0.8550,-1,-1,-1
34,7,848.76,392.63,46.97,146.77,0.5586,-1,-1,-1
35,2,899.05,227.26,236.84,676.19,0.8777,-1,-1,-1
35,3,588.52,313.79,135.84,439.24,0.8299,-1,-1,-1
35,4,399.10,337.00,150.99,433.54,0.8268,-1,-1,-1
35,5,1110.22,307.03,165.85,421.64,0.8461,-1,-1,-1
35,7,850.51,397.46,48.16,146.47,0.5384,-1,-1,-1
36,2,903.46,233.73,233.45,678.42,0.8840,-1,-1,-1
36,3,590.90,318.74,138.96,442.31,0.8214,-1,-1,-1
36,4,394.24,341.17,152.04,439.73,0.8543,-1,-1,-1
36,5,1112.87,311.70,164.47,419.96,0.8511,-1,-1,-1
37,2,904.63,241.88,232.67,678.01,0.8903,-1,-1,-1
37,3,592.93,322.93,135.98,446.70,0.8044,-1,-1,-1
37,4,389.95,343.97,150.01,446.29,0.8665,-1,-1,-1
37,5,1117.03,315.77,163.11,424.19,0.8438,-1,-1,-1
38,2,909.86,248.59,228.89,677.62,0.8889,-1,-1,-1
38,3,594.00,328.67,135.52,450.52,0.8259,-1,-1,-1
38,4,383.37,348.10,152.66,448.92,0.8690,-1,-1,-1
38,5,1118.08,321.39,163.85,422.14,0.8463,-1,-1,-1
38,7,864.14,416.63,41.48,138.49,0.6131,-1,-1,-1
39,2,918.35,255.47,222.49,679.17,0.8846,-1,-1,-1
39,3,592.03,333.76,138.06,459.36,0.8165,-1,-1,-1
39,4,377.23,352.04,156.10,453.25,0.8802,-1,-1,-1
39,5,1122.56,328.18,160.63,427.22,0.8541,-1,-1,-1
39,7,864.28,424.62,43.06,135.51,0.5074,-1,-1,-1
40,2,924.27,258.09,217.04,684.82,0.8765,-1,-1,-1
40,3,586.43,342.18,143.48,467.25,0.7965,-1,-1,-1
40,4,371.30,356.14,158.65,456.28,0.8740,-1,-1,-1
40,5,1125.76,334.70,158.88,431.25,0.8542,-1,-1,-1
40,7,863.21,428.01,46.70,143.97,0.5479,-1,-1,-1
41,2,925.85,260.06,212.82,683.86,0.8804,-1,-1,-1
41,3,582.33,343.55,145.08,473.99,0.8022,-1,-1,-1
41,4,359.17,356.58,165.93,458.99,0.8626,-1,-1,-1
41,5,1130.49,339.13,155.07,430.85,0.8500,-1,-1,-1
42,2,928.97,265.74,208.37,676.78,0.8822,-1,-1,-1
42,3,577.16,347.50,148.43,480.07,0.7102,-1,-1,-1
42,4,346.32,358.00,171.85,465.29,0.8716,-1,-1,-1
42,5,1132.66,346.78,151.28,429.09,0.8558,-1,-1,-1
43,2,931.09,272.92,202.54,665.63,0.8819,-1,-1,-1
43,3,572.35,352.62,144.98,482.60,0.8054,-1,-1,-1
43,4,333.19,363.32,176.59,470.14,0.8483,-1,-1,-1
43,5,1130.73,353.70,151.55,429.67,0.8571,-1,-1,-1
44,2,930.62,278.33,199.83,659.99,0.8857,-1,-1,-1
44,3,566.99,356.09,143.00,490.37,0.8117,-1,-1,-1
44,4,318.55,365.73,182.13,476.46,0.8581,-1,-1,-1
44,5,1127.97,360.83,151.99,425.84,0.8564,-1,-1,-1
45,2,929.01,284.36,198.22,660.08,0.8876,-1,-1,-1
45,3,561.12,361.33,140.60,500.01,0.8246,-1,-1,-1
45,4,304.19,371.11,187.91,486.84,0.8453,-1,-1,-1
45,5,1124.34,367.97,151.19,426.47,0.8408,-1,-1,-1
46,2,925.37,292.88,197.35,664.36,0.8866,-1,-1,-1
46,3,554.38,365.06,140.70,506.97,0.8213,-1,-1,-1
46,4,292.36,378.07,189.55,499.79,0.8413,-1,-1,-1
46,5,1120.89,376.24,150.41,431.50,0.8509,-1,-1,-1
47,2,921.31,302.19,195.12,668.17,0.8781,-1,-1,-1
47,3,546.11,370.34,143.85,513.47,0.8248,-1,-1,-1
47,4,273.10,383.62,199.19,516.62,0.8436,-1,-1,-1
47,5,1116.87,382.62,147.85,433.91,0.8357,-1,-1,-1
48,2,915.92,309.67,195.35,676.21,0.8774,-1,-1,-1
48,3,533.92,373.14,149.28,523.06,0.8578,-1,-1,-1
48,4,257.46,391.60,205.23,527.32,0.8569,-1,-1,-1
48,5,1112.84,389.78,141.38,435.28,0.8321,-1,-1,-1
48,7,838.16,467.04,47.36,153.65,0.6837,-1,-1,-1
49,2,909.40,318.85,194.69,682.15,0.8784,-1,-1,-1
49,3,524.65,377.37,153.27,531.16,0.8508,-1,-1,-1
49,4,240.87,399.19,211.44,534.41,0.8719,-1,-1,-1
49,5,1105.64,395.68,145.27,434.89,0.8530,-1,-1,-1
50,2,903.92,327.77,193.64,683.56,0.8773,-1,-1,-1
50,3,518.75,383.40,155.27,537.31,0.8387,-1,-1,-1
50,4,224.91,406.75,218.35,528.24,0.8353,-1,-1,-1
50,5,1099.75,400.45,143.72,438.35,0.8538,-1,-1,-1
50,7,822.97,477.03,50.93,154.78,0.5770,-1,-1,-1
51,2,898.96,334.96,191.19,685.22,0.8694,-1,-1,-1
51,3,510.43,386.14,157.30,544.36,0.8470,-1,-1,-1
51,4,208.78,412.73,223.27,522.79,0.8440,-1,-1,-1
51,5,1094.98,403.67,144.79,439.51,0.8680,-1,-1,-1
51,7,816.53,480.31,54.74,155.93,0.5905,-1,-1,-1
52,2,893.92,341.73,189.79,684.67,0.8759,-1,-1,-1
52,3,502.11,388.46,160.10,547.13,0.8376,-1,-1,-1
52,4,195.58,417.28,226.95,548.35,0.8293,-1,-1,-1
52,5,1091.45,405.18,145.92,441.94,0.8645,-1,-1,-1
53,2,889.03,347.86,189.92,682.48,0.8783,-1,-1,-1
53,3,494.74,394.73,162.67,550.34,0.8404,-1,-1,-1
53,4,185.22,420.77,224.79,562.74,0.8704,-1,-1,-1
53,5,1085.00,408.41,152.00,443.07,0.8652,-1,-1,-1
53,7,810.32,490.89,53.71,148.97,0.6582,-1,-1,-1
54,2,883.42,351.18,192.49,680.04,0.8833,-1,-1,-1
54,3,485.23,396.33,169.07,557.49,0.8509,-1,-1,-1
54,4,174.59,422.35,226.44,573.00,0.8822,-1,-1,-1
54,5,1078.94,409.76,157.85,445.39,0.8712,-1,-1,-1
54,7,810.29,493.45,51.70,141.38,0.5952,-1,-1,-1
55,2,875.24,350.63,196.20,679.92,0.8837,-1,-1,-1
55,3,476.79,396.87,176.75,565.08,0.8581,-1,-1,-1
55,4,165.71,420.88,226.17,582.64,0.8952,-1,-1,-1
55,5,1074.67,410.37,161.81,445.68,0.8756,-1,-1,-1
56,2,870.13,350.08,197.21,682.10,0.8792,-1,-1,-1
56,3,471.01,398.98,183.54,576.08,0.8728,-1,-1,-1
56,4,158.05,420.00,224.95,592.80,0.8826,-1,-1,-1
56,5,1074.88,412.08,162.77,441.83,0.8744,-1,-1,-1
57,2,863.29,349.32,199.70,685.84,0.8752,-1,-1,-1
57,3,464.16,401.88,190.48,589.40,0.8758,-1,-1,-1
57,4,146.88,419.82,226.78,600.69,0.8887,-1,-1,-1
57,5,1073.67,413.96,164.85,439.09,0.8674,-1,-1,-1
58,2,857.63,348.23,203.01,680.19,0.8683,-1,-1,-1
58,3,458.50,399.71,195.85,605.35,0.8814,-1,-1,-1
58,4,137.83,418.22,228.99,610.95,0.8760,-1,-1,-1
58,5,1070.75,412.53,167.60,443.53,0.8718,-1,-1,-1
59,2,846.84,345.27,207.49,671.97,0.8827,-1,-1,-1
59,3,453.51,395.06,195.76,620.85,0.8830,-1,-1,-1
59,4,126.98,416.87,233.59,617.88,0.8969,-1,-1,-1
59,5,1069.10,413.73,169.28,441.75,0.8702,-1,-1,-1
60,2,838.13,345.28,209.93,667.14,0.8873,-1,-1,-1
60,3,450.97,396.28,193.40,626.08,0.8773,-1,-1,-1
60,4,115.04,415.82,238.12,623.85,0.9068,-1,-1,-1
60,5,1066.21,414.76,172.64,442.64,0.8682,-1,-1,-1
61,2,825.99,345.79,218.60,667.57,0.8888,-1,-1,-1
61,3,445.66,398.12,194.50,636.44,0.8643,-1,-1,-1
61,4,105.15,415.38,241.78,632.41,0.9052,-1,-1,-1
61,5,1063.79,415.93,176.20,443.12,0.8656,-1,-1,-1
62,2,820.05,345.04,224.77,667.91,0.8800,-1,-1,-1
62,3,444.56,397.06,194.61,644.19,0.8512,-1,-1,-1
62,4,98.49,411.97,244.06,652.01,0.9003,-1,-1,-1
62,5,1064.64,414.90,179.01,442.90,0.8628,-1,-1,-1
63,2,818.13,341.74,225.63,672.65,0.8811,-1,-1,-1
63,3,442.31,392.94,197.98,651.92,0.8613,-1,-1,-1
63,4,95.91,406.44,239.83,668.38,0.8924,-1,-1,-1
63,5,1066.35,413.39,182.91,443.07,0.8705,-1,-1,-1
64,2,818.85,340.32,223.28,676.24,0.8784,-1,-1,-1
64,3,446.33,387.30,198.49,660.59,0.8709,-1,-1,-1
64,4,91.93,402.49,237.86,676.31,0.8872,-1,-1,-1
64,5,1068.43,413.51,185.50,443.29,0.8700,-1,-1,-1
64,12,1020.23,434.02,68.27,316.47,0.7914,-1,-1,-1
65,2,816.63,338.40,226.49,679.78,0.8890,-1,-1,-1
65,3,446.30,380.55,202.41,668.77,0.8722,-1,-1,-1
65,4,83.49,401.52,239.69,678.94,0.8834,-1,-1,-1
65,5,1071.86,411.36,186.71,444.67,0.8626,-1,-1,-1
65,12,1021.82,434.91,70.40,313.43,0.7868,-1,-1,-1
66,2,818.10,336.56,226.30,682.38,0.8875,-1,-1,-1
66,3,444.77,373.41,208.96,677.02,0.8764,-1,-1,-1
66,4,75.06,400.17,243.70,678.89,0.8885,-1,-1,-1
66,5,1079.62,406.15,188.17,450.56,0.8392,-1,-1,-1
66,12,1023.10,434.30,73.75,312.09,0.7797,-1,-1,-1
67,2,818.81,336.02,226.87,683.48,0.8931,-1,-1,-1
67,3,443.93,366.66,213.73,683.94,0.8733,-1,-1,-1
67,4,65.23,395.98,246.01,682.96,0.8880,-1,-1,-1
67,5,1084.51,402.30,190.49,455.80,0.8461,-1,-1,-1
67,12,1023.58,431.50,76.97,309.39,0.7461,-1,-1,-1
68,2,820.76,334.74,227.19,684.93,0.8934,-1,-1,-1
68,3,441.99,356.94,219.80,692.38,0.8708,-1,-1,-1
68,4,51.34,392.84,251.62,681.46,0.8889,-1,-1,-1
68,5,1090.39,399.07,184.37,455.47,0.8456,-1,-1,-1
68,12,1026.03,424.51,79.20,313.52,0.7259,-1,-1,-1
68,14,747.44,496.85,60.07,146.30,0.5304,-1,-1,-1
69,2,827.24,330.98,224.43,685.86,0.8878,-1,-1,-1
69,3,441.91,348.20,224.46,700.75,0.8775,-1,-1,-1
69,4,37.75,384.56,260.13,685.94,0.8998,-1,-1,-1
69,5,1094.66,395.24,182.72,456.59,0.8726,-1,-1,-1
69,12,1030.02,419.86,79.07,315.10,0.7208,-1,-1,-1
69,14,750.65,491.36,59.60,149.06,0.6034,-1,-1,-1
70,2,828.74,328.06,225.52,684.10,0.8967,-1,-1,-1
70,3,437.98,341.26,230.98,708.71,0.8913,-1,-1,-1
70,4,19.98,376.45,270.22,695.29,0.9135,-1,-1,-1
70,5,1097.43,391.21,182.68,457.23,0.8721,-1,-1,-1
70,12,1032.19,416.03,79.55,315.55,0.7091,-1,-1,-1
70,14,752.86,487.02,59.07,151.28,0.5373,-1,-1,-1
71,2,831.30,325.36,224.74,682.44,0.8904,-1,-1,-1
71,3,433.10,334.18,235.89,720.29,0.8901,-1,-1,-1
71,4,5.03,368.93,269.79,703.26,0.9096,-1,-1,-1
71,5,1100.03,386.81,180.82,455.24,0.8643,-1,-1,-1
71,12,1032.76,412.38,80.53,316.06,0.7217,-1,-1,-1
71,14,753.19,484.38,59.81,151.63,0.5789,-1,-1,-1
72,2,831.82,320.45,225.93,682.56,0.8906,-1,-1,-1
72,3,427.96,325.29,239.80,741.65,0.8916,-1,-1,-1
72,4,-2.36,361.47,262.64,711.45,0.9195,-1,-1,-1
72,5,1102.60,384.37,179.43,452.55,0.8592,-1,-1,-1
72,12,1034.03,410.50,79.82,315.32,0.7227,-1,-1,-1
72,14,754.17,483.79,60.07,150.89,0.5615,-1,-1,-1
73,2,832.89,314.55,224.92,680.09,0.8855,-1,-1,-1
73,3,421.77,315.62,243.34,758.71,0.8933,-1,-1,-1
73,4,-4.82,349.84,249.38,723.01,0.9111,-1,-1,-1
73,5,1104.15,381.33,177.65,447.23,0.8556,-1,-1,-1
73,12,1034.98,409.68,78.65,313.32,0.6758,-1,-1,-1
74,2,832.47,309.40,224.89,669.40,0.8805,-1,-1,-1
74,3,413.91,310.06,246.92,765.66,0.8907,-1,-1,-1
74,4,-5.22,343.00,232.28,732.45,0.9065,-1,-1,-1
74,5,1105.44,378.06,174.25,443.43,0.8565,-1,-1,-1
74,12,1034.70,409.36,79.40,311.52,0.6848,-1,-1,-1
74,14,750.51,475.77,59.81,152.43,0.5560,-1,-1,-1
75,2,834.87,305.23,221.20,663.87,0.8721,-1,-1,-1
75,3,404.20,303.24,250.17,773.05,0.8954,-1,-1,-1
75,4,-4.46,332.44,214.81,744.35,0.8958,-1,-1,-1
75,5,1105.41,375.54,173.47,441.19,0.8616,-1,-1,-1
75,12,1034.67,419.74,77.05,298.70,0.6642,-1,-1,-1
75,14,748.92,472.30,58.56,153.27,0.5618,-1,-1,-1
76,2,839.46,301.20,217.11,661.73,0.8691,-1,-1,-1
76,3,393.71,296.76,254.37,777.58,0.8894,-1,-1,-1
76,4,-3.79,323.88,197.79,751.10,0.8883,-1,-1,-1
76,5,1108.22,373.44,168.83,440.17,0.8559,-1,-1,-1
76,12,1035.19,431.91,76.51,282.96,0.7228,-1,-1,-1
76,14,747.15,471.74,61.60,149.12,0.5169,-1,-1,-1
77,2,844.49,298.70,210.26,663.23,0.8786,-1,-1,-1
77,3,383.69,293.45,257.67,777.58,0.8913,-1,-1,-1
77,4,-2.97,317.65,180.98,758.76,0.8802,-1,-1,-1
77,5,1109.20,372.08,167.24,441.87,0.8657,-1,-1,-1
77,12,1034.19,435.92,77.22,278.45,0.6324,-1,-1,-1
77,14,745.64,471.16,64.52,148.78,0.5040,-1,-1,-1
78,2,848.93,296.21,201.49,665.74,0.8637,-1,-1,-1
78,3,369.32,289.56,263.84,783.03,0.8972,-1,-1,-1
78,4,-3.05,311.97,162.39,762.68,0.8673,-1,-1,-1
78,5,1108.45,370.91,166.47,443.21,0.8640,-1,-1,-1
78,12,1030.14,424.13,78.21,292.01,0.7076,-1,-1,-1
78,14,742.97,466.39,65.72,154.69,0.5499,-1,-1,-1
78,7,814.73,451.32,45.99,162.21,0.6321,-1,-1,-1
79,2,851.00,292.41,198.03,670.79,0.8592,-1,-1,-1
79,3,353.24,284.31,267.06,788.71,0.9003,-1,-1,-1
79,4,-3.01,308.49,145.96,765.83,0.8291,-1,-1,-1
79,5,1107.81,368.15,165.47,444.87,0.8600,-1,-1,-1
79,12,1025.10,408.63,79.75,306.69,0.7189,-1,-1,-1
79,7,811.10,449.25,46.73,165.47,0.6450,-1,-1,-1
80,2,850.36,289.40,193.21,675.17,0.8566,-1,-1,-1
80,3,334.63,276.20,274.17,795.97,0.8965,-1,-1,-1
80,4,-2.79,385.93,123.21,504.19,0.5093,-1,-1,-1
80,5,1105.37,364.60,162.76,447.49,0.8433,-1,-1,-1
80,12,1021.86,401.01,76.41,314.23,0.7097,-1,-1,-1
80,7,802.43,445.99,54.28,170.45,0.6151,-1,-1,-1
80,14,737.18,468.25,54.66,154.29,0.5411,-1,-1,-1
81,2,848.95,291.12,189.88,675.80,0.8514,-1,-1,-1
81,3,317.06,267.24,278.66,803.76,0.9018,-1,-1,-1
81,4,-2.13,426.69,96.30,445.97,0.6418,-1,-1,-1
81,5,1103.14,363.65,158.04,446.55,0.8567,-1,-1,-1
81,12,1016.92,403.38,74.65,310.64,0.6937,-1,-1,-1
81,7,796.60,444.02,55.80,169.56,0.6196,-1,-1,-1
81,14,731.98,463.84,52.91,154.68,0.5612,-1,-1,-1
82,2,846.46,291.71,186.42,675.35,0.8529,-1,-1,-1
82,3,295.48,254.21,292.49,817.62,0.8974,-1,-1,-1
82,4,-1.27,441.24,72.91,371.59,0.7815,-1,-1,-1
82,5,1099.15,359.36,155.30,447.71,0.8627,-1,-1,-1
82,12,1013.89,393.57,74.52,314.75,0.6466,-1,-1,-1
82,7,792.56,440.32,56.37,169.70,0.6749,-1,-1,-1
82,14,725.77,456.86,53.41,158.24,0.6341,-1,-1,-1
83,2,844.53,290.90,180.30,674.33,0.8514,-1,-1,-1
83,3,272.41,241.41,301.53,829.58,0.8896,-1,-1,-1
83,5,1095.48,357.26,152.45,451.15,0.8518,-1,-1,-1
83,12,1003.89,384.11,80.10,321.92,0.5449,-1,-1,-1
83,7,789.96,436.29,54.23,166.76,0.5785,-1,-1,-1
84,2,836.97,291.19,177.69,675.10,0.8476,-1,-1,-1
84,3,244.46,229.87,305.45,843.07,0.9033,-1,-1,-1
84,5,1087.56,354.57,153.57,455.69,0.8586,-1,-1,-1
84,12,995.45,377.61,80.80,322.07,0.7452,-1,-1,-1
84,7,783.34,434.48,52.75,166.64,0.5587,-1,-1,-1
84,14,712.13,450.07,54.63,155.77,0.5917,-1,-1,-1
85,2,826.45,289.81,176.70,672.52,0.8275,-1,-1,-1
85,3,212.41,217.38,325.00,856.40,0.9170,-1,-1,-1
85,5,1079.84,353.41,149.87,454.23,0.8485,-1,-1,-1
85,12,985.03,373.60,81.78,319.40,0.7616,-1,-1,-1
85,7,772.93,427.40,54.52,170.39,0.5998,-1,-1,-1
86,2,812.63,284.66,180.54,672.03,0.8417,-1,-1,-1
86,3,186.93,204.08,326.48,870.45,0.9056,-1,-1,-1
86,5,1071.76,349.08,150.32,454.47,0.8318,-1,-1,-1
86,12,972.41,368.99,87.80,320.16,0.8069,-1,-1,-1
86,7,768.02,420.72,49.36,175.35,0.5159,-1,-1,-1
86,14,694.94,443.68,57.62,155.85,0.5367,-1,-1,-1
87,2,798.93,279.14,186.85,675.09,0.8524,-1,-1,-1
87,3,156.83,189.95,332.89,885.34,0.9104,-1,-1,-1
87,5,1062.97,346.45,152.12,452.95,0.8509,-1,-1,-1
87,12,962.58,365.88,90.74,320.35,0.7796,-1,-1,-1
87,7,760.15,414.21,48.53,180.01,0.6884,-1,-1,-1
87,15,472.26,410.44,77.19,285.92,0.7296,-1,-1,-1
88,2,783.19,274.82,196.31,671.36,0.8571,-1,-1,-1
88,3,130.86,180.03,339.08,896.15,0.9155,-1,-1,-1
88,5,1053.19,340.61,152.00,453.97,0.8485,-1,-1,-1
88,12,950.16,359.12,95.04,323.78,0.7449,-1,-1,-1
88,15,449.07,407.78,91.29,286.75,0.7607,-1,-1,-1
88,14,679.62,438.83,56.86,155.78,0.6147,-1,-1,-1
89,2,768.57,268.86,201.48,669.06,0.8477,-1,-1,-1
89,3,103.68,168.51,350.69,906.55,0.9201,-1,-1,-1
89,5,1043.67,334.41,157.81,454.16,0.8534,-1,-1,-1
89,12,941.10,357.41,98.38,319.35,0.8162,-1,-1,-1
89,15,430.42,398.22,103.52,298.40,0.7739,-1,-1,-1
89,14,672.24,435.78,58.53,157.06,0.5573,-1,-1,-1
90,2,752.23,261.61,213.17,659.79,0.8689,-1,-1,-1
90,3,74.83,154.05,369.23,920.61,0.9241,-1,-1,-1
90,5,1037.26,328.58,158.98,458.38,0.8482,-1,-1,-1
90,12,936.21,354.01,97.60,316.40,0.7823,-1,-1,-1
90,15,419.29,389.81,107.26,303.44,0.7799,-1,-1,-1
91,2,738.04,257.09,221.48,650.79,0.8808,-1,-1,-1
91,3,50.81,142.29,382.18,930.56,0.9224,-1,-1,-1
91,5,1030.83,324.20,162.84,456.72,0.8681,-1,-1,-1
91,12,929.62,349.66,100.26,317.73,0.7997,-1,-1,-1
91,15,411.05,385.86,107.20,305.96,0.7615,-1,-1,-1
92,2,725.37,251.69,226.88,650.52,0.8787,-1,-1,-1
92,3,23.59,128.26,400.74,944.57,0.9221,-1,-1,-1
92,5,1025.03,318.40,166.40,454.79,0.8636,-1,-1,-1
92,12,923.66,348.27,98.69,316.96,0.7895,-1,-1,-1
92,15,402.38,383.94,109.02,308.07,0.8223,-1,-1,-1
92,14,654.29,423.38,59.92,158.39,0.5489,-1,-1,-1
93,2,715.61,245.85,233.83,653.59,0.8891,-1,-1,-1
93,3,1.05,116.96,412.28,956.11,0.9244,-1,-1,-1
93,5,1018.48,314.07,170.57,454.48,0.8705,-1,-1,-1
93,12,920.87,346.80,98.68,316.88,0.7763,-1,-1,-1
93,15,395.29,379.30,109.92,312.25,0.8071,-1,-1,-1
94,2,708.32,241.95,232.31,657.52,0.8729,-1,-1,-1
94,3,-6.90,107.06,410.32,968.66,0.9323,-1,-1,-1
94,5,1013.66,312.45,174.29,454.02,0.8726,-1,-1,-1
94,12,918.05,345.95,99.96,318.52,0.8026,-1,-1,-1
94,15,388.34,377.94,112.10,310.82,0.8026,-1,-1,-1
95,2,701.70,240.37,232.52,663.45,0.8860,-1,-1,-1
95,3,-8.92,97.66,408.06,979.24,0.9307,-1,-1,-1
95,5,1008.28,311.64,178.18,453.66,0.8644,-1,-1,-1
95,12,916.05,344.60,99.58,319.88,0.7805,-1,-1,-1
95,15,382.71,375.56,113.41,314.58,0.8174,-1,-1,-1
96,2,694.01,242.08,233.05,664.45,0.9045,-1,-1,-1
96,3,-8.65,87.04,392.54,990.13,0.9349,-1,-1,-1
96,5,1004.09,311.23,182.55,455.47,0.8598,-1,-1,-1
96,12,912.38,345.15,101.94,319.98,0.7540,-1,-1,-1
96,15,378.18,374.73,113.03,320.47,0.8098,-1,-1,-1
97,2,693.38,241.24,230.28,669.91,0.8996,-1,-1,-1
97,3,-7.03,76.26,378.62,1000.17,0.9338,-1,-1,-1
97,5,1002.12,310.67,186.35,456.14,0.8618,-1,-1,-1
97,12,906.21,343.14,106.80,319.50,0.7328,-1,-1,-1
97,15,376.02,371.04,113.76,326.05,0.8189,-1,-1,-1
97,14,633.37,418.22,61.25,162.37,0.5593,-1,-1,-1
98,2,692.94,242.98,228.14,674.59,0.8996,-1,-1,-1
98,3,-5.63,60.07,366.15,1014.03,0.9344,-1,-1,-1
98,5,1001.48,310.82,190.80,458.50,0.8591,-1,-1,-1
98,12,906.85,343.50,105.85,320.64,0.7306,-1,-1,-1
98,15,375.35,368.96,113.93,330.35,0.8255,-1,-1,-1
98,14,632.50,416.53,59.99,165.94,0.6311,-1,-1,-1
99,2,692.67,246.50,227.46,676.85,0.8985,-1,-1,-1
99,3,-3.96,48.10,353.93,1025.51,0.9272,-1,-1,-1
99,5,1002.33,311.33,195.87,460.37,0.8700,-1,-1,-1
99,12,908.20,343.68,105.24,320.93,0.7370,-1,-1,-1
99,15,374.61,366.95,114.57,334.10,0.8214,-1,-1,-1
99,14,633.27,416.56,56.13,165.67,0.6340,-1,-1,-1
100,2,693.95,249.49,224.57,675.81,0.8988,-1,-1,-1
100,3,-2.73,36.57,340.12,1035.44,0.9225,-1,-1,-1
100,5,1004.69,312.39,198.81,460.56,0.8763,-1,-1,-1
100,12,910.38,347.57,105.87,318.14,0.7435,-1,-1,-1
100,15,373.00,367.67,115.78,334.41,0.8323,-1,-1,-1
100,14,632.03,415.46,58.27,166.25,0.6493,-1,-1,-1
101,2,699.28,250.07,218.82,675.80,0.8890,-1,-1,-1
101,3,-1.83,19.51,323.13,1054.80,0.9144,-1,-1,-1
101,5,1007.04,311.69,201.33,462.78,0.8568,-1,-1,-1
101,12,913.25,347.69,105.57,317.49,0.7683,-1,-1,-1
101,15,374.00,365.54,115.90,337.66,0.8239,-1,-1,-1
101,14,633.68,413.93,58.86,165.55,0.7018,-1,-1,-1
102,2,703.09,250.85,219.87,671.00,0.8948,-1,-1,-1
102,3,-0.67,11.92,303.13,1061.52,0.9190,-1,-1,-1
102,5,1013.90,312.10,200.06,464.60,0.8308,-1,-1,-1
102,12,919.50,347.04,103.90,318.85,0.7923,-1,-1,-1
102,15,375.40,364.44,117.15,341.30,0.8319,-1,-1,-1
102,14,637.50,413.74,59.46,165.71,0.5224,-1,-1,-1
103,2,714.15,250.71,221.25,667.59,0.8881,-1,-1,-1
103,3,1.15,6.77,284.53,1065.57,0.9092,-1,-1,-1
103,5,1022.85,314.13,202.22,465.62,0.8433,-1,-1,-1
103,12,930.31,342.39,101.94,321.66,0.7443,-1,-1,-1
103,15,384.24,365.27,115.52,338.96,0.8037,-1,-1,-1
103,14,643.99,409.92,60.62,166.34,0.5544,-1,-1,-1
104,2,726.38,247.44,222.03,668.43,0.8919,-1,-1,-1
104,3,3.16,7.42,264.79,1056.50,0.8316,-1,-1,-1
104,5,1040.69,309.45,203.26,469.02,0.8582,-1,-1,-1
104,12,942.67,338.88,105.57,322.49,0.7345,-1,-1,-1
104,15,395.86,368.02,114.34,336.34,0.8112,-1,-1,-1
104,14,658.29,407.22,57.89,168.46,0.6639,-1,-1,-1
105,2,738.45,245.68,220.92,665.30,0.8861,-1,-1,-1
105,3,2.55,165.23,241.46,902.16,0.7801,-1,-1,-1
105,5,1052.85,308.74,202.04,469.80,0.8547,-1,-1,-1
105,12,953.40,334.74,104.62,327.07,0.7371,-1,-1,-1
105,15,404.28,365.97,112.80,338.18,0.8087,-1,-1,-1
106,2,747.73,242.54,215.85,654.42,0.8781,-1,-1,-1
106,3,0.99,225.18,160.77,729.80,0.6228,-1,-1,-1
106,5,1064.73,304.20,204.78,475.71,0.8421,-1,-1,-1
106,12,959.90,332.09,104.45,329.03,0.7895,-1,-1,-1
106,15,410.88,364.42,112.25,337.25,0.8015,-1,-1,-1
106,14,669.97,404.76,61.74,168.17,0.6820,-1,-1,-1
107,2,756.22,237.64,212.94,647.11,0.8783,-1,-1,-1
107,3,0.25,245.17,109.17,769.85,0.7251,-1,-1,-1
107,5,1073.02,302.95,199.34,475.34,0.8424,-1,-1,-1
107,12,964.85,330.42,106.43,327.80,0.7449,-1,-1,-1
107,15,414.95,361.92,112.82,338.95,0.7888,-1,-1,-1
107,14,671.81,403.84,65.61,169.19,0.6755,-1,-1,-1
108,2,762.04,234.25,210.09,645.19,0.8828,-1,-1,-1
108,5,1080.95,301.70,182.62,473.24,0.8386,-1,-1,-1
108,12,969.01,328.57,106.61,329.13,0.7282,-1,-1,-1
108,15,417.32,360.50,113.13,344.18,0.7966,-1,-1,-1
108,14,674.00,403.32,67.41,169.99,0.7286,-1,-1,-1
109,2,770.24,232.51,203.99,644.79,0.8753,-1,-1,-1
109,5,1085.74,298.64,174.09,470.47,0.8704,-1,-1,-1
109,12,972.61,327.17,99.61,327.03,0.5493,-1,-1,-1
109,15,416.15,358.43,115.39,349.07,0.8082,-1,-1,-1
109,14,677.73,401.36,65.56,170.67,0.6812,-1,-1,-1
110,2,772.80,230.70,202.91,646.40,0.8753,-1,-1,-1
110,5,1089.61,295.37,171.66,466.93,0.8721,-1,-1,-1
110,12,976.23,324.46,102.24,327.40,0.6669,-1,-1,-1
110,15,413.04,354.56,117.66,355.64,0.7983,-1,-1,-1
110,14,679.48,398.40,66.89,171.03,0.6261,-1,-1,-1
111,2,776.65,229.58,199.34,649.18,0.8721,-1,-1,-1
111,5,1093.50,292.22,169.28,463.42,0.8667,-1,-1,-1
111,12,976.38,323.80,104.53,325.60,0.6149,-1,-1,-1
111,15,411.00,352.67,119.80,356.00,0.8059,-1,-1,-1
111,14,682.27,395.30,66.29,173.14,0.6588,-1,-1,-1
112,2,778.03,229.02,197.53,649.43,0.8674,-1,-1,-1
112,5,1097.97,289.23,168.76,460.95,0.8549,-1,-1,-1
112,12,975.60,323.42,108.38,326.17,0.6338,-1,-1,-1
112,15,412.02,349.68,118.44,359.12,0.7482,-1,-1,-1
112,14,684.54,394.79,67.26,174.11,0.6441,-1,-1,-1
113,2,780.10,228.55,195.18,650.24,0.8648,-1,-1,-1
113,5,1103.64,286.49,166.29,462.80,0.8511,-1,-1,-1
113,12,979.22,323.02,108.67,325.81,0.6026,-1,-1,-1
113,15,411.21,347.84,118.48,362.96,0.7392,-1,-1,-1
113,14,686.41,391.48,68.15,178.79,0.7009,-1,-1,-1
114,2,785.25,230.15,191.42,651.22,0.8545,-1,-1,-1
114,5,1109.49,285.04,163.34,465.91,0.8578,-1,-1,-1
114,12,985.46,321.41,104.75,321.90,0.5927,-1,-1,-1
114,15,411.98,345.36,117.70,366.01,0.7352,-1,-1,-1
114,14,689.81,392.71,67.48,176.68,0.6295,-1,-1,-1
115,2,790.73,232.00,190.98,651.51,0.8444,-1,-1,-1
115,5,1112.85,285.66,163.04,466.16,0.8679,-1,-1,-1
115,12,994.24,320.96,101.29,322.63,0.7349,-1,-1,-1
115,15,410.95,344.29,119.93,368.47,0.7379,-1,-1,-1
115,14,693.92,391.36,66.53,178.80,0.5955,-1,-1,-1
116,2,793.13,233.10,191.33,652.04,0.8509,-1,-1,-1
116,5,1115.15,285.93,163.79,464.86,0.8630,-1,-1,-1
116,12,994.51,322.34,106.52,320.51,0.7067,-1,-1,-1
116,15,406.06,342.95,125.08,370.45,0.7733,-1,-1,-1
116,14,694.30,392.55,68.38,179.38,0.5573,-1,-1,-1
117,2,792.57,233.27,189.79,652.36,0.8521,-1,-1,-1
117,5,1117.36,284.64,164.10,466.78,0.8591,-1,-1,-1
117,12,994.48,321.05,107.44,321.09,0.6699,-1,-1,-1
117,15,402.24,342.59,128.32,370.17,0.7213,-1,-1,-1
117,14,691.27,389.82,73.05,179.70,0.6245,-1,-1,-1
118,2,786.99,235.34,189.41,649.88,0.8566,-1,-1,-1
118,5,1118.75,285.57,165.06,469.61,0.8564,-1,-1,-1
118,12,986.28,322.40,115.84,321.53,0.7296,-1,-1,-1
118,15,396.56,339.95,131.25,374.71,0.7031,-1,-1,-1
118,14,688.96,391.62,74.85,179.58,0.6155,-1,-1,-1
119,2,783.50,235.59,188.71,649.52,0.8667,-1,-1,-1
119,5,1122.07,287.35,162.66,472.29,0.8511,-1,-1,-1
119,12,980.78,324.24,121.76,321.99,0.7557,-1,-1,-1
119,15,391.42,338.72,132.68,376.98,0.8252,-1,-1,-1
119,14,689.88,392.93,73.78,179.42,0.5529,-1,-1,-1
120,2,777.47,233.43,191.92,649.17,0.8782,-1,-1,-1
120,5,1122.49,287.90,161.80,474.02,0.8532,-1,-1,-1
120,12,974.97,324.63,125.66,323.02,0.7074,-1,-1,-1
120,15,386.60,334.68,133.11,382.85,0.8358,-1,-1,-1
120,14,686.80,392.34,76.16,178.98,0.5289,-1,-1,-1
121,2,770.75,229.58,194.86,645.64,0.8741,-1,-1,-1
121,5,1120.47,289.58,162.42,475.44,0.8470,-1,-1,-1
121,12,969.73,325.64,129.20,322.47,0.6075,-1,-1,-1
121,15,380.33,333.20,134.25,386.22,0.8384,-1,-1,-1
122,2,762.68,227.96,195.55,637.79,0.8656,-1,-1,-1
122,5,1117.88,290.71,162.48,477.09,0.8405,-1,-1,-1
122,12,967.46,325.36,130.96,322.63,0.6372,-1,-1,-1
122,15,370.65,332.39,137.98,393.15,0.8261,-1,-1,-1
123,2,751.48,226.93,200.53,635.82,0.8671,-1,-1,-1
123,5,1115.30,291.11,161.52,478.15,0.8582,-1,-1,-1
123,12,958.93,326.39,136.52,323.73,0.6224,-1,-1,-1
123,15,363.36,332.06,137.96,400.78,0.8542,-1,-1,-1
124,2,741.27,227.08,204.41,636.48,0.8720,-1,-1,-1
124,5,1111.53,290.20,159.38,482.92,0.8491,-1,-1,-1
124,12,955.10,327.56,127.99,325.01,0.6116,-1,-1,-1
124,15,355.09,331.97,139.56,404.79,0.8591,-1,-1,-1
125,2,731.80,227.76,208.39,639.61,0.8767,-1,-1,-1
125,5,1106.95,289.97,159.87,481.50,0.8453,-1,-1,-1
125,12,950.51,325.54,127.00,329.44,0.6953,-1,-1,-1
125,15,345.89,336.50,141.10,404.51,0.8451,-1,-1,-1
126,2,715.67,228.91,220.21,643.69,0.8684,-1,-1,-1
126,5,1101.38,290.50,160.75,477.99,0.8445,-1,-1,-1
126,12,949.72,322.54,127.05,332.72,0.5801,-1,-1,-1
126,15,334.39,337.22,143.63,407.84,0.8397,-1,-1,-1
127,2,708.14,231.42,224.24,645.69,0.8698,-1,-1,-1
127,5,1095.04,291.33,164.46,480.59,0.8566,-1,-1,-1
127,12,942.95,321.54,135.20,335.72,0.7700,-1,-1,-1
127,15,326.51,342.01,143.46,409.03,0.8475,-1,-1,-1
128,2,704.43,231.67,226.04,649.53,0.8799,-1,-1,-1
128,5,1088.99,289.80,168.62,481.90,0.8706,-1,-1,-1
128,12,934.21,322.87,142.25,335.03,0.6102,-1,-1,-1
128,15,318.45,341.89,145.03,411.71,0.8530,-1,-1,-1
129,2,706.35,234.76,222.79,648.41,0.8803,-1,-1,-1
129,5,1084.23,287.44,173.72,482.97,0.8741,-1,-1,-1
129,12,933.77,322.13,120.80,335.09,0.6498,-1,-1,-1
129,15,313.12,339.10,147.09,420.65,0.8338,-1,-1,-1
129,14,659.88,389.49,65.91,192.56,0.5347,-1,-1,-1
130,2,705.95,236.52,222.90,648.77,0.8819,-1,-1,-1
130,5,1081.96,286.78,175.00,482.97,0.8673,-1,-1,-1
130,12,933.52,320.76,110.12,335.07,0.7349,-1,-1,-1
130,15,309.67,335.35,148.88,429.58,0.8405,-1,-1,-1
130,14,659.51,389.28,63.04,193.12,0.5535,-1,-1,-1
131,2,706.28,238.46,223.74,648.96,0.8799,-1,-1,-1
131,5,1080.20,284.63,176.75,482.70,0.8665,-1,-1,-1
131,12,928.91,319.28,110.52,333.76,0.7373,-1,-1,-1
131,15,307.68,332.82,147.50,435.10,0.8388,-1,-1,-1
131,14,657.61,389.46,63.39,193.52,0.5875,-1,-1,-1
132,2,707.86,239.01,222.84,649.17,0.8754,-1,-1,-1
132,5,1079.84,282.93,176.15,481.88,0.8634,-1,-1,-1
132,12,925.64,317.84,111.09,333.77,0.7335,-1,-1,-1
132,15,307.56,332.87,144.51,436.94,0.8290,-1,-1,-1
132,14,657.04,389.16,63.90,194.82,0.5692,-1,-1,-1
132,19,1012.98,367.27,69.81,226.65,0.5586,-1,-1,-1
133,2,710.97,239.51,222.09,647.61,0.8755,-1,-1,-1
133,5,1077.31,282.42,178.94,482.03,0.8685,-1,-1,-1
133,12,925.33,316.71,108.56,335.72,0.7468,-1,-1,-1
133,15,297.12,330.99,152.78,441.31,0.8195,-1,-1,-1
133,19,1012.65,368.04,72.08,225.53,0.5763,-1,-1,-1
134,2,713.42,239.58,218.34,648.92,0.8765,-1,-1,-1
134,5,1075.05,283.89,182.56,484.83,0.8678,-1,-1,-1
134,12,926.96,318.25,103.07,337.29,0.7328,-1,-1,-1
134,15,290.05,327.01,155.62,451.94,0.8404,-1,-1,-1
134,19,1011.54,368.13,73.63,223.66,0.6110,-1,-1,-1
134,14,655.67,392.12,67.68,195.04,0.5317,-1,-1,-1
135,2,715.97,240.68,215.74,648.23,0.8799,-1,-1,-1
135,5,1073.48,285.08,184.38,487.76,0.8648,-1,-1,-1
135,12,926.71,318.57,99.77,340.44,0.7097,-1,-1,-1
135,15,286.65,329.59,155.09,454.09,0.8316,-1,-1,-1
135,19,1010.63,370.14,75.91,219.81,0.6537,-1,-1,-1
135,14,652.58,393.95,71.49,195.40,0.5442,-1,-1,-1
136,2,720.91,240.63,212.47,643.79,0.8737,-1,-1,-1
136,5,1072.41,286.86,187.42,489.68,0.8665,-1,-1,-1
136,12,926.39,319.78,99.27,340.01,0.7318,-1,-1,-1
136,15,282.19,328.01,157.69,459.31,0.8387,-1,-1,-1
136,19,1011.08,365.70,77.32,227.82,0.7067,-1,-1,-1
136,14,647.29,394.88,78.35,196.59,0.6849,-1,-1,-1
137,2,723.39,240.83,211.90,630.57,0.8833,-1,-1,-1
137,5,1071.23,289.61,191.99,491.80,0.8635,-1,-1,-1
137,12,927.63,319.53,97.28,341.34,0.7313,-1,-1,-1
137,15,282.60,324.79,155.92,465.11,0.8409,-1,-1,-1
137,19,1013.45,368.39,77.40,226.06,0.7447,-1,-1,-1
137,14,648.36,395.18,78.20,200.14,0.6352,-1,-1,-1
138,2,723.65,242.82,215.77,624.34,0.8864,-1,-1,-1
138,5,1076.15,294.20,192.79,491.46,0.8618,-1,-1,-1
138,12,928.67,321.50,96.45,342.16,0.7456,-1,-1,-1
138,15,279.99,323.98,157.41,469.42,0.8038,-1,-1,-1
138,19,1017.53,368.89,76.51,228.46,0.7447,-1,-1,-1
138,14,650.93,397.51,74.25,200.59,0.5942,-1,-1,-1
139,2,728.20,242.34,213.68,622.24,0.8851,-1,-1,-1
139,5,1080.63,294.99,193.72,491.41,0.8479,-1,-1,-1
139,12,930.14,320.67,96.42,343.53,0.7266,-1,-1,-1
139,15,272.48,320.63,162.44,474.97,0.8146,-1,-1,-1
139,19,1020.75,365.15,76.14,230.09,0.7169,-1,-1,-1
139,14,651.80,395.96,72.46,203.64,0.5823,-1,-1,-1
140,2,739.55,241.71,205.00,626.12,0.8780,-1,-1,-1
140,5,1087.50,296.17,191.20,490.26,0.8453,-1,-1,-1
140,12,936.23,320.01,93.44,345.21,0.7149,-1,-1,-1
140,15,269.10,318.79,165.78,484.49,0.8302,-1,-1,-1
140,19,1023.35,367.25,76.75,227.94,0.7775,-1,-1,-1
140,14,650.25,396.64,75.29,204.89,0.6319,-1,-1,-1
141,2,747.43,244.67,197.91,628.96,0.8735,-1,-1,-1
141,5,1092.51,296.17,189.81,494.74,0.8582,-1,-1,-1
141,12,935.93,321.47,95.52,344.80,0.7389,-1,-1,-1
141,15,270.43,318.79,165.24,495.13,0.8246,-1,-1,-1
141,19,1025.01,366.84,79.31,228.16,0.6852,-1,-1,-1
141,14,648.59,395.66,78.68,206.55,0.7632,-1,-1,-1
142,2,754.24,249.85,193.44,628.56,0.8694,-1,-1,-1
142,5,1099.72,296.82,187.61,498.59,0.8516,-1,-1,-1
142,12,936.64,324.36,96.38,342.19,0.7639,-1,-1,-1
142,15,270.81,321.17,167.10,500.80,0.8492,-1,-1,-1
142,19,1029.59,370.75,79.31,226.78,0.7247,-1,-1,-1
142,14,649.17,398.88,84.04,203.93,0.6909,-1,-1,-1
143,2,766.14,253.38,187.71,632.17,0.8787,-1,-1,-1
143,5,1107.03,297.40,187.31,501.88,0.8675,-1,-1,-1
143,12,948.96,325.87,89.19,341.39,0.7232,-1,-1,-1
143,15,269.67,324.74,170.58,504.09,0.8474,-1,-1,-1
143,19,1037.01,372.31,75.25,226.21,0.7463,-1,-1,-1
143,14,653.77,400.54,84.26,204.44,0.6631,-1,-1,-1
144,2,772.44,255.63,185.96,632.85,0.8729,-1,-1,-1
144,5,1112.57,297.16,187.01,501.71,0.8615,-1,-1,-1
144,12,957.66,329.78,84.39,335.32,0.8004,-1,-1,-1
144,15,268.27,324.97,174.24,510.58,0.8580,-1,-1,-1
144,19,1040.98,372.50,77.39,227.01,0.7546,-1,-1,-1
144,14,660.93,398.30,79.05,207.01,0.7032,-1,-1,-1
145,2,779.49,257.67,184.32,634.20,0.8604,-1,-1,-1
145,5,1120.80,296.79,186.93,501.52,0.8608,-1,-1,-1
145,12,962.38,329.34,83.07,337.25,0.7497,-1,-1,-1
145,15,266.07,324.14,177.79,514.46,0.8532,-1,-1,-1
145,19,1043.51,374.79,78.74,224.06,0.7400,-1,-1,-1
145,14,664.40,396.86,80.14,209.66,0.7018,-1,-1,-1
146,2,782.51,261.62,186.75,635.92,0.8638,-1,-1,-1
146,5,1128.49,300.20,184.55,495.74,0.8740,-1,-1,-1
146,12,968.72,331.55,84.85,337.44,0.6867,-1,-1,-1
146,15,267.29,324.21,178.54,523.25,0.8772,-1,-1,-1
146,19,1048.48,377.62,78.33,220.71,0.6476,-1,-1,-1
146,14,669.13,397.56,80.49,210.26,0.6982,-1,-1,-1
147,2,783.98,265.14,188.53,637.06,0.8650,-1,-1,-1
147,5,1134.13,299.53,186.60,492.35,0.8670,-1,-1,-1
147,12,967.40,331.67,89.21,340.00,0.7115,-1,-1,-1
147,15,263.79,325.61,181.86,528.98,0.8601,-1,-1,-1
147,19,1050.91,381.27,79.84,220.47,0.6330,-1,-1,-1
147,14,670.79,396.94,80.75,214.65,0.7260,-1,-1,-1
148,2,789.32,266.38,185.75,636.22,0.8554,-1,-1,-1
148,5,1139.88,298.51,183.65,491.57,0.8671,-1,-1,-1
148,12,969.34,331.77,90.36,340.92,0.7303,-1,-1,-1
148,15,258.89,325.82,185.61,539.72,0.8684,-1,-1,-1
148,19,1053.78,378.70,78.49,225.64,0.6768,-1,-1,-1
148,14,673.07,395.95,77.57,217.89,0.7258,-1,-1,-1
149,2,793.33,267.19,183.89,637.49,0.8616,-1,-1,-1
149,5,1146.53,299.01,180.08,489.05,0.8619,-1,-1,-1
149,12,972.45,335.51,87.83,338.93,0.7344,-1,-1,-1
149,15,252.84,324.07,184.35,548.75,0.8649,-1,-1,-1
149,19,1055.62,379.08,77.86,228.15,0.6365,-1,-1,-1
149,14,674.76,399.92,76.80,217.88,0.6009,-1,-1,-1
150,2,794.11,267.58,184.05,637.39,0.8498,-1,-1,-1
150,5,1150.79,300.19,178.67,489.93,0.8644,-1,-1,-1
150,12,975.01,339.14,88.45,338.96,0.7367,-1,-1,-1
150,15,247.31,319.99,181.51,558.03,0.8501,-1,-1,-1
150,19,1056.63,372.82,76.83,235.96,0.6722,-1,-1,-1
150,14,673.98,404.37,78.52,216.74,0.6131,-1,-1,-1
