1,1,0.61,675.52,50.94,207.58,0.7037,-1,-1,-1
1,2,1370.39,514.35,33.77,100.00,0.6447,-1,-1,-1
1,3,1609.11,558.15,56.10,115.71,0.6023,-1,-1,-1
2,1,-4.93,662.71,51.92,212.54,0.6570,-1,-1,-1
2,2,1371.66,513.66,34.11,101.04,0.6425,-1,-1,-1
2,3,1614.65,550.40,59.85,123.42,0.6602,-1,-1,-1
3,1,-8.04,685.19,51.25,211.89,0.6504,-1,-1,-1
3,2,1373.99,508.77,35.64,105.41,0.5891,-1,-1,-1
3,3,1620.78,548.62,58.97,121.32,0.6539,-1,-1,-1
3,4,1536.45,553.35,49.43,117.72,0.6498,-1,-1,-1
4,2,1378.47,506.00,36.68,108.57,0.7124,-1,-1,-1
4,3,1628.95,547.32,60.86,125.11,0.7595,-1,-1,-1
4,4,1543.43,552.73,50.33,120.22,0.6529,-1,-1,-1
4,6,94.31,722.76,45.29,100.41,0.5896,-1,-1,-1
5,2,1382.54,512.45,37.15,110.39,0.7115,-1,-1,-1
5,3,1636.48,559.58,60.24,123.58,0.6361,-1,-1,-1
5,4,1549.37,559.39,50.88,121.49,0.3998,-1,-1,-1
5,6,80.27,717.17,46.31,102.73,0.5019,-1,-1,-1
6,2,1388.11,523.00,36.25,108.59,0.6359,-1,-1,-1
6,3,1644.35,570.20,60.91,124.40,0.7573,-1,-1,-1
6,7,1462.28,503.92,28.24,87.90,0.5390,-1,-1,-1
7,2,1390.33,519.95,36.85,111.24,0.5820,-1,-1,-1
7,3,1651.37,571.63,62.76,127.98,0.7406,-1,-1,-1
7,7,1464.36,499.90,28.81,89.77,0.4664,-1,-1,-1
7,4,1563.21,566.78,52.88,126.06,0.5744,-1,-1,-1
8,2,1393.70,528.86,36.05,109.09,0.6718,-1,-1,-1
8,3,1658.81,575.81,63.83,129.83,0.6627,-1,-1,-1
8,7,1468.03,506.69,28.44,88.28,0.5230,-1,-1,-1
8,4,1569.83,577.93,51.88,123.76,0.5488,-1,-1,-1
9,2,1396.94,532.77,35.58,107.64,0.6747,-1,-1,-1
9,3,1664.54,581.99,65.00,132.07,0.6920,-1,-1,-1
9,7,1470.59,511.27,28.57,88.24,0.4327,-1,-1,-1
9,4,1576.19,586.77,51.75,123.62,0.5052,-1,-1,-1
10,2,1399.16,539.68,35.50,107.11,0.6591,-1,-1,-1
10,3,1670.66,597.00,63.67,129.01,0.7865,-1,-1,-1
10,7,1473.01,520.78,28.40,87.50,0.3215,-1,-1,-1
10,4,1581.98,600.24,51.28,122.69,0.6845,-1,-1,-1
10,8,3.96,730.03,47.69,115.50,0.6397,-1,-1,-1
11,2,1401.67,534.77,35.61,107.22,0.6749,-1,-1,-1
11,3,1678.21,584.98,65.96,134.00,0.7657,-1,-1,-1
11,7,1474.46,515.26,28.50,87.04,0.3871,-1,-1,-1
11,4,1588.23,592.90,52.43,125.75,0.6553,-1,-1,-1
12,2,1403.83,533.65,36.54,109.85,0.6856,-1,-1,-1
12,3,1686.58,589.32,65.56,133.29,0.7709,-1,-1,-1
12,7,1477.93,514.94,29.74,89.37,0.3874,-1,-1,-1
12,4,1595.84,593.80,53.30,127.89,0.7065,-1,-1,-1
13,2,1407.79,531.90,35.44,106.42,0.7171,-1,-1,-1
13,3,1693.47,591.37,65.11,132.37,0.7226,-1,-1,-1
13,7,1480.11,513.13,30.84,90.72,0.4241,-1,-1,-1
13,4,1601.50,595.93,53.27,126.97,0.6664,-1,-1,-1
14,2,1409.62,530.53,34.68,103.70,0.6684,-1,-1,-1
14,3,1700.72,586.36,65.33,133.48,0.6837,-1,-1,-1
14,4,1610.46,589.94,54.17,129.11,0.6282,-1,-1,-1
15,2,1412.38,531.77,35.35,105.67,0.5294,-1,-1,-1
15,3,1708.38,585.98,66.65,137.22,0.7500,-1,-1,-1
15,4,1618.52,592.52,54.19,129.59,0.7189,-1,-1,-1
16,2,1416.16,533.06,35.06,105.00,0.5458,-1,-1,-1
16,3,1714.58,590.75,65.84,136.52,0.7422,-1,-1,-1
16,4,1626.61,594.28,54.64,130.38,0.6976,-1,-1,-1
17,2,1418.96,533.42,35.99,107.47,0.6035,-1,-1,-1
17,3,1721.56,590.70,66.46,138.70,0.7096,-1,-1,-1
17,4,1634.04,591.20,55.75,133.58,0.6952,-1,-1,-1
18,2,1421.10,533.70,36.43,108.58,0.6993,-1,-1,-1
18,3,1730.46,593.76,65.76,138.15,0.7042,-1,-1,-1
18,4,1642.77,591.92,56.07,134.78,0.6255,-1,-1,-1
18,12,475.66,541.60,36.62,104.59,0.5551,-1,-1,-1
19,2,1423.71,534.43,36.46,108.15,0.7342,-1,-1,-1
19,3,1739.79,595.24,65.95,139.12,0.7481,-1,-1,-1
19,4,1650.65,592.83,56.16,135.32,0.4434,-1,-1,-1
19,12,474.15,540.48,37.09,105.88,0.5131,-1,-1,-1
19,13,512.45,540.13,38.32,107.54,0.5126,-1,-1,-1
20,2,1425.91,534.86,36.28,106.86,0.7477,-1,-1,-1
20,3,1748.48,596.96,65.98,139.89,0.7429,-1,-1,-1
20,4,1658.01,594.19,55.78,135.38,0.6052,-1,-1,-1
20,12,471.81,543.78,37.36,106.67,0.4014,-1,-1,-1
20,13,508.76,536.94,40.59,113.91,0.4847,-1,-1,-1
21,2,1427.55,533.41,37.76,110.64,0.6908,-1,-1,-1
21,3,1756.74,597.83,66.00,140.60,0.7462,-1,-1,-1
21,4,1666.02,596.55,56.35,137.05,0.6871,-1,-1,-1
21,12,468.76,548.96,35.69,101.95,0.4583,-1,-1,-1
21,13,506.66,538.58,40.63,114.11,0.5237,-1,-1,-1
22,2,1431.52,536.92,36.39,105.20,0.6691,-1,-1,-1
22,3,1768.29,601.24,64.81,139.08,0.7483,-1,-1,-1
22,4,1673.33,597.99,57.25,140.09,0.6264,-1,-1,-1
22,12,465.96,550.93,36.09,103.06,0.5558,-1,-1,-1
22,13,503.81,542.94,39.89,112.31,0.5124,-1,-1,-1
23,2,1432.60,538.27,37.72,108.47,0.6631,-1,-1,-1
23,3,1776.68,600.92,66.67,143.99,0.7717,-1,-1,-1
23,4,1680.13,600.23,58.04,142.48,0.7254,-1,-1,-1
23,12,464.18,550.15,36.72,105.35,0.4278,-1,-1,-1
23,13,501.07,547.24,39.05,109.43,0.5497,-1,-1,-1
24,2,1435.39,532.90,39.37,113.88,0.6539,-1,-1,-1
24,3,1786.08,596.34,68.89,149.81,0.7111,-1,-1,-1
24,4,1687.16,601.68,58.41,143.21,0.7311,-1,-1,-1
24,12,462.37,550.04,37.87,107.88,0.4739,-1,-1,-1
24,13,497.16,551.85,38.04,106.61,0.4579,-1,-1,-1
25,2,1437.65,534.43,41.10,119.13,0.6621,-1,-1,-1
25,3,1796.28,601.99,68.37,148.67,0.7095,-1,-1,-1
25,4,1694.12,606.00,59.60,147.23,0.7278,-1,-1,-1
25,12,460.03,547.77,39.96,113.13,0.4381,-1,-1,-1
25,13,496.19,552.80,38.67,108.40,0.4673,-1,-1,-1
26,2,1440.89,537.27,41.46,119.23,0.7230,-1,-1,-1
26,3,1806.89,606.52,68.02,147.49,0.5900,-1,-1,-1
26,4,1702.79,610.45,60.35,149.35,0.7248,-1,-1,-1
26,12,457.83,549.52,40.14,113.29,0.5107,-1,-1,-1
26,13,494.64,550.68,40.23,112.81,0.5505,-1,-1,-1
27,2,1444.29,540.81,40.37,115.68,0.7473,-1,-1,-1
27,3,1815.83,610.68,69.78,150.22,0.6523,-1,-1,-1
27,4,1710.60,614.84,60.35,149.42,0.6736,-1,-1,-1
27,12,455.16,555.55,39.52,110.67,0.3937,-1,-1,-1
27,13,494.17,559.35,38.27,106.76,0.6101,-1,-1,-1
28,2,1449.07,544.62,39.91,112.34,0.7280,-1,-1,-1
28,3,1823.70,611.40,72.36,155.43,0.7715,-1,-1,-1
28,4,1717.74,617.05,61.20,151.84,0.6737,-1,-1,-1
28,12,451.84,558.26,39.35,109.66,0.3524,-1,-1,-1
28,13,492.32,564.23,37.39,103.77,0.5865,-1,-1,-1
28,14,1534.25,524.93,31.91,83.89,0.5366,-1,-1,-1
29,2,1452.26,549.26,39.36,110.77,0.7081,-1,-1,-1
29,3,1830.90,617.90,74.06,158.86,0.6925,-1,-1,-1
29,4,1724.35,621.69,63.35,158.15,0.7233,-1,-1,-1
29,12,450.04,562.72,38.31,105.94,0.4895,-1,-1,-1
29,13,491.62,568.60,36.18,99.89,0.5287,-1,-1,-1
29,14,1535.28,525.41,34.11,89.72,0.5617,-1,-1,-1
30,2,1455.24,550.38,39.88,111.60,0.6417,-1,-1,-1
30,3,1839.70,621.04,72.57,153.72,0.6343,-1,-1,-1
30,4,1735.14,624.41,63.50,159.69,0.7528,-1,-1,-1
30,12,445.86,565.43,39.97,109.86,0.6151,-1,-1,-1
30,13,489.62,573.83,36.88,101.48,0.5004,-1,-1,-1
30,14,1537.94,525.31,34.96,92.01,0.5648,-1,-1,-1
31,2,1457.02,551.50,42.20,118.48,0.6285,-1,-1,-1
31,3,1850.01,626.26,71.12,151.42,0.6390,-1,-1,-1
31,4,1746.75,628.13,61.91,156.45,0.5785,-1,-1,-1
31,12,443.24,575.50,39.95,109.86,0.5757,-1,-1,-1
31,13,487.46,577.81,39.14,108.33,0.4165,-1,-1,-1
31,14,1540.66,525.22,36.65,96.88,0.4866,-1,-1,-1
32,2,1460.17,555.85,42.19,119.31,0.6370,-1,-1,-1
32,3,1854.44,633.35,73.02,158.55,0.6872,-1,-1,-1
32,4,1756.58,631.76,61.67,155.96,0.6769,-1,-1,-1
32,12,441.82,574.94,39.57,108.25,0.5729,-1,-1,-1
32,13,486.37,576.35,39.15,108.36,0.5267,-1,-1,-1
32,14,1544.95,528.79,35.38,93.65,0.5976,-1,-1,-1
33,2,1463.60,547.32,43.66,123.94,0.7429,-1,-1,-1
33,3,1859.46,626.74,74.04,166.73,0.6662,-1,-1,-1
33,4,1766.74,625.28,60.85,153.88,0.6461,-1,-1,-1
33,12,439.40,568.50,39.74,108.86,0.5151,-1,-1,-1
33,13,483.73,572.53,38.84,107.93,0.4873,-1,-1,-1
33,14,1548.82,521.83,34.60,91.68,0.6533,-1,-1,-1
34,2,1467.51,546.20,43.72,124.80,0.7610,-1,-1,-1
34,3,1869.33,633.39,64.95,152.09,0.5550,-1,-1,-1
34,4,1775.57,622.80,62.15,156.48,0.7453,-1,-1,-1
34,12,437.30,572.51,38.65,105.50,0.4813,-1,-1,-1
34,13,480.14,569.12,40.22,112.23,0.5207,-1,-1,-1
34,14,1551.98,519.30,34.99,93.18,0.5972,-1,-1,-1
35,2,1471.11,541.92,44.30,125.95,0.7299,-1,-1,-1
35,4,1785.65,622.93,63.13,157.96,0.6379,-1,-1,-1
35,12,435.74,568.80,38.21,103.76,0.4298,-1,-1,-1
35,13,477.76,563.95,39.89,111.49,0.3760,-1,-1,-1
35,14,1557.60,516.87,34.68,93.03,0.5334,-1,-1,-1
36,2,1475.55,538.36,45.04,128.72,0.7514,-1,-1,-1
36,4,1794.54,620.09,66.30,165.18,0.7064,-1,-1,-1
36,12,433.27,564.03,38.88,104.89,0.3527,-1,-1,-1
36,13,474.12,555.10,41.48,116.82,0.3022,-1,-1,-1
36,14,1562.77,515.94,33.95,91.68,0.3399,-1,-1,-1
37,2,1479.53,538.24,44.38,127.56,0.7195,-1,-1,-1
37,4,1803.52,621.82,68.43,168.58,0.7729,-1,-1,-1
37,12,428.97,556.40,40.21,109.16,0.3535,-1,-1,-1
37,13,469.60,544.39,43.75,123.67,0.4701,-1,-1,-1
37,14,1568.78,514.66,34.01,92.11,0.4271,-1,-1,-1
38,2,1483.03,534.69,44.69,129.71,0.7105,-1,-1,-1
38,4,1811.91,618.89,71.78,175.55,0.7811,-1,-1,-1
38,12,425.42,551.90,41.61,113.77,0.4980,-1,-1,-1
38,13,466.80,541.57,44.20,124.84,0.5374,-1,-1,-1
38,14,1572.92,506.41,35.07,96.04,0.4790,-1,-1,-1
39,2,1487.23,537.21,44.18,128.46,0.7030,-1,-1,-1
39,4,1823.10,626.26,72.03,175.06,0.7505,-1,-1,-1
39,12,422.22,545.18,41.79,114.93,0.4522,-1,-1,-1
39,13,464.42,533.03,44.93,127.36,0.4775,-1,-1,-1
39,14,1579.14,506.50,35.28,96.92,0.5142,-1,-1,-1
40,2,1491.07,536.69,43.63,127.45,0.7111,-1,-1,-1
40,4,1834.16,626.97,73.24,177.72,0.7794,-1,-1,-1
40,12,418.72,541.72,42.99,119.52,0.3850,-1,-1,-1
40,13,464.32,536.47,43.88,124.44,0.4696,-1,-1,-1
40,14,1582.34,501.61,37.05,102.16,0.3280,-1,-1,-1
41,2,1496.00,543.78,42.12,122.06,0.6972,-1,-1,-1
41,4,1844.71,631.43,74.09,179.89,0.7577,-1,-1,-1
41,12,417.01,536.68,44.02,123.54,0.4087,-1,-1,-1
41,13,463.45,537.12,43.40,122.46,0.4696,-1,-1,-1
41,14,1588.67,501.29,38.24,105.25,0.4960,-1,-1,-1
42,2,1501.16,546.79,41.90,121.03,0.6868,-1,-1,-1
42,4,1853.07,636.46,73.19,180.65,0.6916,-1,-1,-1
42,12,416.70,535.79,45.00,126.69,0.5487,-1,-1,-1
42,13,463.25,542.37,42.62,118.86,0.4622,-1,-1,-1
42,14,1593.49,505.04,37.13,102.73,0.5748,-1,-1,-1
43,2,1505.73,548.49,42.32,122.26,0.6678,-1,-1,-1
43,4,1862.28,642.50,68.54,174.08,0.6621,-1,-1,-1
43,12,414.65,535.20,46.08,129.90,0.5425,-1,-1,-1
43,13,458.07,533.94,46.51,129.92,0.4131,-1,-1,-1
43,14,1596.77,509.06,35.86,99.61,0.5064,-1,-1,-1
44,2,1511.35,551.73,41.98,121.03,0.6220,-1,-1,-1
44,4,1870.49,649.20,63.89,169.22,0.6409,-1,-1,-1
44,12,414.11,534.45,46.76,132.71,0.3814,-1,-1,-1
44,13,453.09,531.71,48.55,135.55,0.4002,-1,-1,-1
44,14,1600.85,509.67,36.56,101.02,0.5301,-1,-1,-1
45,2,1515.24,554.91,44.01,127.09,0.7575,-1,-1,-1
45,12,413.50,534.22,46.23,132.38,0.3758,-1,-1,-1
45,13,450.97,531.55,48.57,135.65,0.3258,-1,-1,-1
45,14,1605.30,512.41,37.21,101.87,0.5885,-1,-1,-1
46,2,1518.63,554.80,45.53,132.64,0.7570,-1,-1,-1
46,12,409.38,537.93,45.45,128.88,0.3123,-1,-1,-1
46,13,448.30,532.72,48.86,137.03,0.3441,-1,-1,-1
46,14,1609.89,514.54,37.24,101.25,0.5480,-1,-1,-1
47,2,1523.85,558.21,45.20,132.08,0.7205,-1,-1,-1
47,13,447.48,536.59,47.37,133.69,0.3277,-1,-1,-1
47,14,1617.70,523.70,35.05,95.29,0.5303,-1,-1,-1
48,2,1528.33,559.87,45.60,133.41,0.7090,-1,-1,-1
48,13,447.06,541.58,46.79,132.42,0.3629,-1,-1,-1
48,14,1621.58,527.11,33.98,92.86,0.6493,-1,-1,-1
49,2,1532.74,559.51,46.26,135.83,0.7107,-1,-1,-1
49,13,445.55,547.90,45.29,128.32,0.5423,-1,-1,-1
49,14,1625.49,531.54,33.26,91.37,0.7157,-1,-1,-1
50,2,1537.50,558.45,46.71,137.41,0.6966,-1,-1,-1
50,13,444.76,556.34,42.76,120.62,0.5618,-1,-1,-1
50,14,1629.94,531.29,32.47,90.49,0.4166,-1,-1,-1
51,2,1542.10,560.82,46.84,137.86,0.6992,-1,-1,-1
51,13,443.61,564.46,40.29,112.43,0.5522,-1,-1,-1
51,14,1635.77,533.42,32.00,89.80,0.6433,-1,-1,-1
52,2,1546.47,559.05,49.50,145.67,0.7092,-1,-1,-1
52,13,442.34,568.12,39.55,109.94,0.5690,-1,-1,-1
52,14,1639.53,533.03,32.13,90.72,0.5623,-1,-1,-1
52,12,396.24,550.22,44.13,124.31,0.5372,-1,-1,-1
53,2,1550.66,557.50,51.21,150.74,0.6876,-1,-1,-1
53,13,440.41,566.92,40.96,113.01,0.5363,-1,-1,-1
53,14,1643.76,533.79,31.65,89.73,0.5337,-1,-1,-1
53,12,392.87,550.57,45.02,126.62,0.5311,-1,-1,-1
54,2,1553.91,557.46,52.15,153.36,0.7243,-1,-1,-1
54,13,437.94,567.83,41.25,112.89,0.5620,-1,-1,-1
54,14,1648.21,534.53,31.43,89.42,0.5927,-1,-1,-1
54,12,388.43,549.28,45.67,128.67,0.5157,-1,-1,-1
55,2,1557.69,554.88,53.41,157.49,0.7489,-1,-1,-1
55,13,435.37,564.40,42.86,117.06,0.4615,-1,-1,-1
55,14,1653.35,533.73,32.11,91.29,0.6041,-1,-1,-1
55,12,384.12,545.32,46.98,132.99,0.5710,-1,-1,-1
56,2,1562.33,554.23,53.27,157.46,0.7373,-1,-1,-1
56,13,431.56,563.72,43.27,118.30,0.3546,-1,-1,-1
56,14,1657.35,527.71,34.68,98.39,0.7227,-1,-1,-1
56,12,382.11,549.54,45.37,128.82,0.5221,-1,-1,-1
57,2,1567.33,552.86,53.40,157.78,0.7168,-1,-1,-1
57,13,427.05,562.09,43.67,119.35,0.4543,-1,-1,-1
57,14,1659.67,522.73,36.22,102.68,0.7179,-1,-1,-1
57,12,379.53,550.79,44.93,127.92,0.5247,-1,-1,-1
58,2,1572.16,556.28,52.22,153.77,0.6330,-1,-1,-1
58,13,422.56,560.06,44.13,120.37,0.4634,-1,-1,-1
58,14,1661.72,516.60,37.59,106.90,0.6824,-1,-1,-1
58,12,376.33,548.33,45.23,129.58,0.5754,-1,-1,-1
59,2,1578.09,561.67,50.66,149.07,0.6308,-1,-1,-1
59,13,419.60,560.80,43.64,118.27,0.4145,-1,-1,-1
59,14,1665.08,511.79,39.15,110.79,0.6578,-1,-1,-1
59,12,372.55,545.15,45.35,131.28,0.5620,-1,-1,-1
60,2,1581.87,560.47,51.38,151.23,0.6268,-1,-1,-1
60,13,418.35,563.20,43.16,115.49,0.3870,-1,-1,-1
60,14,1667.28,510.75,39.58,111.17,0.7210,-1,-1,-1
60,12,368.48,546.62,44.33,129.29,0.5510,-1,-1,-1
61,2,1585.31,552.12,53.11,156.71,0.6205,-1,-1,-1
61,13,416.48,561.65,44.27,117.64,0.4222,-1,-1,-1
61,14,1669.58,509.57,39.39,108.76,0.7169,-1,-1,-1
61,12,365.85,548.66,44.14,128.34,0.4771,-1,-1,-1
62,2,1590.26,554.66,53.11,156.19,0.7001,-1,-1,-1
62,13,411.95,554.09,46.22,124.13,0.3490,-1,-1,-1
62,14,1674.06,516.09,38.70,104.92,0.5488,-1,-1,-1
62,12,362.11,544.07,45.05,130.37,0.4603,-1,-1,-1
63,2,1596.32,547.73,53.07,156.02,0.6411,-1,-1,-1
63,13,411.69,565.51,45.09,120.88,0.3700,-1,-1,-1
63,14,1680.90,515.10,36.14,97.25,0.5719,-1,-1,-1
63,12,359.97,557.14,44.44,128.80,0.4003,-1,-1,-1
64,2,1601.77,558.67,52.69,153.30,0.6265,-1,-1,-1
64,13,404.41,552.54,47.26,127.30,0.3328,-1,-1,-1
64,14,1687.23,525.51,35.16,94.94,0.6374,-1,-1,-1
64,12,356.85,545.33,45.92,133.44,0.4848,-1,-1,-1
65,2,1605.31,561.13,52.43,151.18,0.7297,-1,-1,-1
65,13,401.42,558.42,45.84,123.40,0.3862,-1,-1,-1
65,14,1690.99,528.17,33.60,90.68,0.6811,-1,-1,-1
65,12,351.40,549.95,45.63,131.95,0.4789,-1,-1,-1
66,2,1611.57,561.64,52.44,150.25,0.7218,-1,-1,-1
66,13,398.66,563.82,46.25,123.78,0.5012,-1,-1,-1
66,14,1697.08,522.80,33.92,91.76,0.6913,-1,-1,-1
66,12,348.33,555.05,46.47,134.31,0.6009,-1,-1,-1
66,18,287.60,565.89,42.47,114.72,0.5079,-1,-1,-1
67,2,1615.29,566.10,53.81,153.52,0.7347,-1,-1,-1
67,13,395.17,560.81,45.53,121.49,0.5553,-1,-1,-1
67,14,1700.05,532.16,33.76,90.92,0.6537,-1,-1,-1
67,12,344.33,548.22,47.17,135.51,0.5524,-1,-1,-1
67,18,281.36,550.48,45.03,121.79,0.3359,-1,-1,-1
68,2,1619.18,565.52,53.87,152.80,0.7318,-1,-1,-1
68,13,390.76,561.96,46.52,123.11,0.5489,-1,-1,-1
68,14,1702.72,530.02,33.42,90.06,0.5779,-1,-1,-1
68,12,341.45,553.93,46.09,132.08,0.5780,-1,-1,-1
68,18,277.02,557.76,44.30,120.05,0.4448,-1,-1,-1
69,2,1623.32,569.62,55.32,156.02,0.7563,-1,-1,-1
69,13,386.86,558.71,46.50,123.11,0.4938,-1,-1,-1
69,14,1705.43,535.99,33.82,90.85,0.6500,-1,-1,-1
69,12,335.99,546.88,48.08,136.88,0.4394,-1,-1,-1
69,18,270.33,551.42,46.23,125.92,0.4400,-1,-1,-1
70,2,1627.47,567.76,55.97,156.84,0.7757,-1,-1,-1
70,13,381.31,556.56,47.91,127.01,0.5873,-1,-1,-1
70,14,1706.68,535.67,34.40,92.30,0.5962,-1,-1,-1
70,12,331.50,545.58,48.89,138.91,0.5193,-1,-1,-1
70,18,265.07,548.73,47.67,130.35,0.3747,-1,-1,-1
71,2,1631.32,570.82,56.84,158.83,0.7564,-1,-1,-1
71,13,375.91,554.14,48.48,128.51,0.5607,-1,-1,-1
71,14,1707.85,536.86,34.75,93.22,0.6897,-1,-1,-1
71,12,328.94,546.59,47.98,136.35,0.5147,-1,-1,-1
72,2,1633.53,563.22,60.40,169.28,0.7885,-1,-1,-1
72,13,370.83,554.40,48.92,130.17,0.6105,-1,-1,-1
72,14,1708.87,536.92,34.47,91.87,0.6906,-1,-1,-1
72,12,326.16,550.21,47.57,134.58,0.6164,-1,-1,-1
73,2,1637.86,563.91,61.15,171.64,0.6738,-1,-1,-1
73,13,366.12,550.30,49.64,132.66,0.5836,-1,-1,-1
73,14,1710.69,538.51,35.58,93.91,0.5833,-1,-1,-1
73,12,319.50,545.53,48.89,137.56,0.4709,-1,-1,-1
74,2,1643.14,568.82,60.77,169.07,0.7210,-1,-1,-1
74,13,362.38,548.70,50.18,134.48,0.4973,-1,-1,-1
74,14,1712.43,537.29,35.61,93.54,0.5858,-1,-1,-1
74,12,314.65,543.66,49.70,140.17,0.3724,-1,-1,-1
75,2,1646.68,575.46,60.09,165.46,0.7429,-1,-1,-1
75,13,356.50,553.73,48.54,130.24,0.6082,-1,-1,-1
75,14,1713.81,538.91,35.83,93.56,0.5706,-1,-1,-1
75,12,307.92,547.21,48.47,136.17,0.4164,-1,-1,-1
76,2,1650.21,578.28,60.16,164.43,0.7341,-1,-1,-1
76,13,351.24,552.30,48.86,131.13,0.4953,-1,-1,-1
76,14,1714.97,539.57,35.48,91.74,0.5478,-1,-1,-1
76,12,298.90,544.27,50.60,140.11,0.4755,-1,-1,-1
77,2,1653.28,580.66,60.67,163.64,0.7195,-1,-1,-1
77,13,344.38,550.19,49.29,132.56,0.6133,-1,-1,-1
77,14,1715.84,540.77,35.53,91.08,0.5368,-1,-1,-1
77,12,293.81,544.91,50.55,139.22,0.4480,-1,-1,-1
78,2,1656.37,581.92,61.65,164.45,0.7336,-1,-1,-1
78,13,339.79,551.66,49.26,132.90,0.5297,-1,-1,-1
78,14,1715.78,541.09,35.81,91.14,0.5829,-1,-1,-1
78,12,284.55,541.68,52.54,143.72,0.4271,-1,-1,-1
79,2,1659.09,584.68,62.26,162.90,0.7503,-1,-1,-1
79,13,333.92,549.24,50.23,135.60,0.5562,-1,-1,-1
79,14,1715.52,540.67,35.94,90.61,0.5743,-1,-1,-1
79,12,275.84,538.97,54.03,145.51,0.5009,-1,-1,-1
80,2,1659.73,583.01,64.65,166.41,0.7249,-1,-1,-1
80,13,327.99,551.75,49.93,134.73,0.6084,-1,-1,-1
80,14,1714.74,537.79,36.62,91.59,0.6115,-1,-1,-1
80,12,268.09,537.27,55.84,147.99,0.5575,-1,-1,-1
81,2,1661.66,582.67,65.58,167.01,0.7504,-1,-1,-1
81,13,320.49,552.83,49.87,134.05,0.5708,-1,-1,-1
81,14,1713.89,536.79,36.81,91.45,0.5704,-1,-1,-1
81,12,266.06,546.24,51.84,137.36,0.3501,-1,-1,-1
82,2,1663.17,583.09,67.22,170.08,0.7395,-1,-1,-1
82,13,313.11,554.61,49.29,132.42,0.4983,-1,-1,-1
82,14,1713.01,537.14,36.64,91.19,0.6128,-1,-1,-1
82,12,260.00,538.67,54.14,145.01,0.3820,-1,-1,-1
83,2,1666.18,582.57,67.78,171.96,0.7061,-1,-1,-1
83,13,306.41,557.47,49.17,131.23,0.6694,-1,-1,-1
83,14,1712.45,536.88,36.49,91.08,0.5894,-1,-1,-1
83,12,253.83,540.91,53.58,145.39,0.4586,-1,-1,-1
84,2,1666.95,580.59,70.02,176.76,0.7242,-1,-1,-1
84,13,299.79,561.41,48.93,128.61,0.5318,-1,-1,-1
84,14,1712.13,535.93,36.67,92.24,0.5715,-1,-1,-1
84,12,246.32,548.93,52.07,140.43,0.5413,-1,-1,-1
84,19,123.17,560.98,52.40,134.25,0.5341,-1,-1,-1
85,2,1668.90,580.85,71.23,179.62,0.7671,-1,-1,-1
85,13,292.45,561.94,49.19,129.16,0.5021,-1,-1,-1
85,14,1711.40,536.12,36.61,92.60,0.4764,-1,-1,-1
85,12,242.18,555.17,50.38,136.81,0.4785,-1,-1,-1
85,19,115.54,564.16,51.98,133.07,0.5264,-1,-1,-1
86,2,1671.70,580.89,71.19,179.79,0.7646,-1,-1,-1
86,13,284.87,561.47,49.88,131.35,0.5830,-1,-1,-1
86,14,1710.94,535.72,32.64,80.53,0.3145,-1,-1,-1
86,12,232.31,556.50,50.51,136.94,0.4305,-1,-1,-1
86,19,105.10,562.17,55.09,141.02,0.4138,-1,-1,-1
87,2,1673.22,583.51,71.49,180.21,0.7968,-1,-1,-1
87,13,280.40,563.26,50.40,132.23,0.5734,-1,-1,-1
87,12,225.36,556.12,51.17,139.06,0.4919,-1,-1,-1
87,19,99.71,561.67,54.08,137.78,0.5342,-1,-1,-1
88,2,1674.83,582.52,72.81,184.04,0.7977,-1,-1,-1
88,13,272.08,567.77,50.43,131.94,0.5029,-1,-1,-1
88,12,219.73,560.28,51.04,138.89,0.5733,-1,-1,-1
88,19,92.42,565.99,51.67,131.60,0.5030,-1,-1,-1
89,2,1676.95,583.75,74.02,188.45,0.8037,-1,-1,-1
89,13,266.02,567.27,50.61,132.16,0.4706,-1,-1,-1
89,12,213.46,558.49,51.93,142.63,0.3128,-1,-1,-1
89,19,84.64,563.05,53.18,135.44,0.4656,-1,-1,-1
90,2,1679.78,585.21,74.93,192.21,0.7568,-1,-1,-1
90,13,260.70,570.07,51.55,134.04,0.5301,-1,-1,-1
90,12,204.93,556.50,53.50,147.28,0.3254,-1,-1,-1
90,19,77.19,564.54,54.49,138.16,0.4846,-1,-1,-1
91,2,1684.36,594.48,73.66,188.64,0.7887,-1,-1,-1
91,13,253.15,558.34,58.06,148.93,0.4393,-1,-1,-1
91,12,199.21,559.38,52.93,146.29,0.3825,-1,-1,-1
91,19,68.54,566.20,55.66,141.24,0.4517,-1,-1,-1
92,2,1688.10,600.17,73.10,186.88,0.7964,-1,-1,-1
92,13,247.33,556.14,60.26,154.52,0.5456,-1,-1,-1
92,12,190.70,560.84,54.29,149.96,0.3345,-1,-1,-1
92,19,62.17,569.99,56.82,142.27,0.3359,-1,-1,-1
92,22,407.85,553.59,46.63,125.29,0.5375,-1,-1,-1
93,2,1689.82,604.85,73.24,186.97,0.8092,-1,-1,-1
93,13,241.30,566.53,56.68,146.02,0.5533,-1,-1,-1
93,12,183.21,554.99,57.30,159.88,0.5642,-1,-1,-1
93,22,401.52,556.03,47.05,126.56,0.5216,-1,-1,-1
94,2,1690.95,607.47,73.52,187.60,0.8040,-1,-1,-1
94,13,235.72,573.36,55.44,142.66,0.5421,-1,-1,-1
94,12,179.30,561.41,55.48,155.70,0.5233,-1,-1,-1
94,22,392.53,556.09,47.81,128.79,0.6202,-1,-1,-1
95,2,1692.74,610.58,74.27,189.29,0.7915,-1,-1,-1
95,13,228.39,578.27,54.92,140.38,0.5212,-1,-1,-1
95,12,173.18,563.51,55.35,155.40,0.6019,-1,-1,-1
95,22,386.77,558.57,47.59,128.47,0.5344,-1,-1,-1
96,2,1695.86,611.68,74.81,190.72,0.7886,-1,-1,-1
96,13,221.05,581.88,55.09,141.69,0.5758,-1,-1,-1
96,12,166.16,573.04,53.71,150.16,0.4634,-1,-1,-1
96,22,380.09,565.81,46.18,124.87,0.4838,-1,-1,-1
97,2,1700.09,613.14,75.66,192.62,0.7860,-1,-1,-1
97,13,212.67,580.06,56.03,143.98,0.6522,-1,-1,-1
97,12,159.83,578.29,51.40,143.04,0.5563,-1,-1,-1
97,22,371.62,559.58,48.59,131.64,0.5171,-1,-1,-1
97,23,1692.89,544.77,43.36,94.21,0.5334,-1,-1,-1
98,2,1704.16,613.43,76.78,195.59,0.7919,-1,-1,-1
98,13,203.84,581.55,56.49,145.57,0.6216,-1,-1,-1
98,12,152.38,581.95,51.79,143.71,0.5599,-1,-1,-1
98,22,367.85,575.85,43.28,116.37,0.6109,-1,-1,-1
98,23,1690.18,545.96,43.64,94.96,0.5095,-1,-1,-1
99,2,1707.15,614.77,77.61,197.39,0.7603,-1,-1,-1
99,13,196.13,579.75,56.92,147.63,0.6654,-1,-1,-1
99,12,144.24,582.32,51.86,143.09,0.4824,-1,-1,-1
99,22,359.38,570.68,45.55,122.50,0.5577,-1,-1,-1
99,23,1686.58,546.14,46.38,101.24,0.5021,-1,-1,-1
100,2,1710.14,614.07,78.74,199.78,0.7946,-1,-1,-1
100,13,189.05,585.47,55.44,143.66,0.6085,-1,-1,-1
100,12,134.45,584.09,51.71,141.03,0.5672,-1,-1,-1
100,22,351.85,575.26,44.91,119.27,0.5459,-1,-1,-1
100,23,1683.75,548.16,46.57,101.96,0.6411,-1,-1,-1
101,2,1712.15,615.87,79.81,202.18,0.7865,-1,-1,-1
101,13,181.10,583.69,56.23,145.07,0.5850,-1,-1,-1
101,12,126.62,580.86,53.18,143.71,0.6033,-1,-1,-1
101,22,342.91,572.92,45.87,121.19,0.5708,-1,-1,-1
101,23,1681.35,550.21,46.83,103.36,0.7197,-1,-1,-1
102,2,1714.64,619.49,79.69,200.93,0.8136,-1,-1,-1
102,13,172.85,583.81,56.41,145.28,0.5693,-1,-1,-1
102,12,117.20,581.67,54.20,145.58,0.6262,-1,-1,-1
102,22,334.54,575.33,45.84,120.39,0.6190,-1,-1,-1
102,23,1679.69,550.76,46.47,103.71,0.7410,-1,-1,-1
103,2,1716.27,619.60,81.65,204.76,0.8262,-1,-1,-1
103,13,165.10,587.33,55.87,143.32,0.5183,-1,-1,-1
103,12,107.04,579.54,55.58,149.05,0.5525,-1,-1,-1
103,22,328.48,575.06,46.44,120.58,0.4853,-1,-1,-1
103,23,1678.75,550.87,45.62,103.04,0.7189,-1,-1,-1
104,2,1717.66,623.61,82.92,206.92,0.8178,-1,-1,-1
104,13,154.70,590.08,53.95,139.12,0.4258,-1,-1,-1
104,12,97.32,577.86,56.10,149.74,0.5657,-1,-1,-1
104,22,319.13,577.86,45.59,117.11,0.3580,-1,-1,-1
104,23,1677.66,551.77,44.91,102.89,0.7075,-1,-1,-1
105,2,1719.32,624.64,84.26,209.66,0.8057,-1,-1,-1
105,13,147.07,587.49,55.65,142.62,0.5509,-1,-1,-1
105,12,88.55,579.28,56.15,149.48,0.6009,-1,-1,-1
105,22,307.47,568.82,50.12,128.45,0.5166,-1,-1,-1
105,23,1676.48,550.57,44.52,103.68,0.6655,-1,-1,-1
106,2,1723.00,625.86,85.18,212.06,0.7799,-1,-1,-1
106,13,138.98,578.90,59.02,151.42,0.5310,-1,-1,-1
106,12,77.72,575.95,57.24,153.00,0.5599,-1,-1,-1
106,22,299.76,567.73,50.72,129.77,0.5016,-1,-1,-1
106,23,1673.72,549.76,44.49,105.53,0.6087,-1,-1,-1
107,2,1725.42,624.29,86.51,216.14,0.7890,-1,-1,-1
107,13,130.21,583.77,57.26,147.15,0.4010,-1,-1,-1
107,12,68.42,573.53,58.22,155.53,0.5917,-1,-1,-1
107,22,288.41,560.82,53.55,137.30,0.4681,-1,-1,-1
107,23,1671.96,548.47,43.69,105.87,0.5536,-1,-1,-1
107,27,353.71,562.60,41.31,140.79,0.5354,-1,-1,-1
108,2,1727.80,627.59,86.99,217.88,0.8030,-1,-1,-1
108,13,119.62,577.63,58.91,152.80,0.4990,-1,-1,-1
108,12,56.73,569.56,60.39,160.07,0.5359,-1,-1,-1
108,22,278.79,558.98,54.85,140.78,0.5478,-1,-1,-1
108,23,1670.72,549.00,42.94,106.57,0.4694,-1,-1,-1
108,27,346.28,563.00,41.47,141.06,0.5371,-1,-1,-1
108,28,210.12,587.10,40.49,101.00,0.5889,-1,-1,-1
109,2,1729.95,628.53,88.17,221.43,0.8076,-1,-1,-1
109,13,112.28,574.49,60.19,156.61,0.4129,-1,-1,-1
109,12,46.47,569.01,60.75,160.24,0.4893,-1,-1,-1
109,22,269.19,566.71,53.57,136.69,0.4146,-1,-1,-1
109,23,1669.54,549.57,41.99,106.74,0.5373,-1,-1,-1
109,27,337.29,556.88,43.59,148.57,0.5920,-1,-1,-1
109,28,200.86,587.62,42.00,105.02,0.5079,-1,-1,-1
110,2,1731.37,629.25,89.22,224.88,0.8127,-1,-1,-1
110,13,101.91,572.67,60.41,158.50,0.5837,-1,-1,-1
110,12,35.27,567.76,62.32,162.20,0.5921,-1,-1,-1
110,22,255.64,557.02,57.64,146.78,0.5140,-1,-1,-1
110,23,1668.37,550.68,41.08,107.33,0.3544,-1,-1,-1
110,27,328.92,562.76,41.99,142.59,0.6133,-1,-1,-1
110,28,190.70,587.34,42.14,105.58,0.5302,-1,-1,-1
111,2,1732.71,629.90,90.04,227.49,0.8115,-1,-1,-1
111,13,92.32,568.40,62.41,164.67,0.5886,-1,-1,-1
111,12,24.26,563.83,64.86,166.90,0.6223,-1,-1,-1
111,22,247.85,559.66,57.04,145.03,0.4755,-1,-1,-1
111,27,320.50,572.51,39.57,133.94,0.5317,-1,-1,-1
111,28,179.49,589.43,42.65,107.37,0.4031,-1,-1,-1
112,2,1734.68,632.25,90.34,228.18,0.8080,-1,-1,-1
112,13,84.03,572.30,61.22,161.66,0.5701,-1,-1,-1
112,12,15.13,566.19,65.90,166.04,0.5341,-1,-1,-1
112,22,239.79,567.16,54.76,138.77,0.5937,-1,-1,-1
112,27,308.87,571.36,40.65,137.64,0.5582,-1,-1,-1
112,28,169.64,592.47,40.82,103.27,0.4825,-1,-1,-1
113,2,1735.61,634.43,91.01,229.97,0.8039,-1,-1,-1
113,13,74.17,576.35,60.34,160.40,0.5790,-1,-1,-1
113,12,3.91,560.55,68.85,173.03,0.5961,-1,-1,-1
113,22,231.96,575.01,53.06,134.21,0.6197,-1,-1,-1
113,27,298.47,572.68,40.85,138.89,0.6007,-1,-1,-1
113,28,160.52,595.34,40.61,103.15,0.5199,-1,-1,-1
114,2,1737.24,635.57,91.24,230.96,0.7984,-1,-1,-1
114,13,61.97,567.81,63.21,169.17,0.6499,-1,-1,-1
114,12,0.61,571.26,64.65,164.23,0.5476,-1,-1,-1
114,22,221.00,580.79,51.61,129.33,0.5789,-1,-1,-1
114,27,290.86,572.45,41.38,140.47,0.4919,-1,-1,-1
114,28,149.65,597.63,40.02,102.65,0.6192,-1,-1,-1
115,2,1739.24,636.54,91.56,231.78,0.7915,-1,-1,-1
115,13,51.13,565.91,64.17,172.97,0.6516,-1,-1,-1
115,12,-3.13,573.64,62.70,162.32,0.4662,-1,-1,-1
115,22,204.93,571.48,56.14,139.02,0.5423,-1,-1,-1
115,27,279.63,579.51,39.75,135.44,0.5716,-1,-1,-1
115,28,139.94,597.14,40.71,105.06,0.6164,-1,-1,-1
115,31,334.96,564.14,37.71,111.84,0.6417,-1,-1,-1
116,2,1740.70,636.72,92.65,234.94,0.7989,-1,-1,-1
116,13,42.14,571.10,62.64,170.20,0.6052,-1,-1,-1
116,12,-6.46,581.32,60.06,157.99,0.6271,-1,-1,-1
116,22,197.32,575.02,56.65,140.44,0.5416,-1,-1,-1
116,27,270.27,579.83,40.01,137.12,0.4738,-1,-1,-1
116,28,128.88,599.01,39.78,103.61,0.5737,-1,-1,-1
116,31,326.90,566.89,37.36,110.67,0.6120,-1,-1,-1
117,2,1741.54,638.79,93.99,238.26,0.8085,-1,-1,-1
117,13,31.49,573.61,62.46,170.37,0.5951,-1,-1,-1
117,12,-9.77,583.78,58.04,157.41,0.6280,-1,-1,-1
117,22,186.49,570.52,58.68,145.80,0.4908,-1,-1,-1
117,27,257.26,566.33,43.95,152.33,0.6098,-1,-1,-1
117,28,118.63,600.10,38.87,101.38,0.5760,-1,-1,-1
117,31,317.02,566.82,38.14,112.75,0.5427,-1,-1,-1
118,2,1742.81,638.06,96.18,244.00,0.8036,-1,-1,-1
118,13,21.41,577.05,62.06,169.64,0.5140,-1,-1,-1
118,12,-13.22,588.71,54.61,154.96,0.4959,-1,-1,-1
118,22,179.12,580.60,55.83,139.32,0.5471,-1,-1,-1
118,27,247.25,571.41,43.25,151.31,0.6612,-1,-1,-1
118,28,108.82,600.73,39.96,104.79,0.5085,-1,-1,-1
118,31,308.61,560.95,40.26,119.43,0.6467,-1,-1,-1
119,2,1746.44,640.12,97.30,245.98,0.8215,-1,-1,-1
119,13,9.97,572.41,64.59,177.59,0.5951,-1,-1,-1
119,22,168.01,579.15,57.44,144.45,0.4578,-1,-1,-1
119,27,237.36,565.51,45.11,159.35,0.6096,-1,-1,-1
119,28,97.97,601.63,39.68,105.44,0.4756,-1,-1,-1
119,31,300.06,562.81,40.12,119.00,0.5508,-1,-1,-1
120,2,1750.72,644.17,97.91,245.55,0.8126,-1,-1,-1
120,13,0.81,565.11,67.05,188.02,0.5784,-1,-1,-1
120,22,157.30,582.52,56.87,143.92,0.6007,-1,-1,-1
120,27,226.20,571.38,44.43,157.05,0.6484,-1,-1,-1
120,28,86.49,601.44,41.04,111.00,0.4243,-1,-1,-1
120,31,290.59,561.03,41.62,123.80,0.5785,-1,-1,-1
121,2,1753.94,645.50,99.48,248.34,0.8092,-1,-1,-1
121,13,-7.39,555.90,68.80,197.41,0.5797,-1,-1,-1
121,22,146.88,586.42,55.82,140.61,0.5885,-1,-1,-1
121,27,216.44,570.65,45.27,160.70,0.5591,-1,-1,-1
121,28,75.91,602.30,41.16,112.42,0.5915,-1,-1,-1
121,31,284.74,563.17,40.27,120.41,0.6308,-1,-1,-1
122,2,1755.88,646.78,100.72,251.77,0.8083,-1,-1,-1
122,13,-12.56,555.67,67.39,199.92,0.6185,-1,-1,-1
122,22,138.33,592.70,55.51,140.76,0.5101,-1,-1,-1
122,27,206.26,573.60,45.32,159.61,0.6580,-1,-1,-1
122,28,65.60,605.08,40.21,110.80,0.4069,-1,-1,-1
122,31,275.81,563.94,40.48,120.83,0.6008,-1,-1,-1
123,2,1758.74,649.82,101.30,254.51,0.8086,-1,-1,-1
123,13,-13.58,568.03,61.16,187.81,0.5678,-1,-1,-1
123,22,129.03,598.54,55.25,139.36,0.4503,-1,-1,-1
123,27,196.65,580.93,44.60,154.72,0.5960,-1,-1,-1
123,28,52.84,607.67,41.42,115.08,0.3156,-1,-1,-1
123,31,265.92,559.28,43.18,129.20,0.6607,-1,-1,-1
124,2,1762.07,649.34,102.68,259.41,0.8160,-1,-1,-1
124,27,187.17,587.69,43.65,149.90,0.6279,-1,-1,-1
124,28,41.15,608.78,41.57,116.61,0.3101,-1,-1,-1
124,31,259.91,567.07,41.04,123.29,0.5866,-1,-1,-1
125,2,1767.97,648.66,103.72,262.07,0.8160,-1,-1,-1
125,27,177.30,590.40,44.21,149.06,0.6423,-1,-1,-1
125,28,29.69,611.34,40.32,114.32,0.4599,-1,-1,-1
125,31,251.27,570.03,40.43,121.42,0.5345,-1,-1,-1
126,2,1772.65,650.50,104.13,262.99,0.8114,-1,-1,-1
126,27,166.06,595.69,44.54,146.60,0.5843,-1,-1,-1
126,28,19.82,614.33,39.91,113.31,0.4120,-1,-1,-1
126,31,242.35,567.39,41.86,126.43,0.5828,-1,-1,-1
127,2,1777.03,651.09,105.32,266.11,0.8200,-1,-1,-1
127,27,156.62,600.59,44.66,145.00,0.5949,-1,-1,-1
127,28,5.90,620.98,37.76,106.60,0.3591,-1,-1,-1
127,31,234.89,569.47,41.58,126.35,0.5794,-1,-1,-1
128,2,1780.97,653.34,106.00,267.52,0.8193,-1,-1,-1
128,27,146.11,603.04,45.46,144.41,0.5498,-1,-1,-1
128,28,-4.66,621.41,37.77,109.30,0.3408,-1,-1,-1
128,31,224.12,563.08,43.63,133.51,0.6125,-1,-1,-1
129,2,1787.11,655.77,107.31,269.42,0.8236,-1,-1,-1
129,27,133.13,600.61,47.63,150.68,0.5154,-1,-1,-1
129,28,-10.25,623.45,36.11,109.29,0.3118,-1,-1,-1
129,31,216.66,566.12,43.25,133.41,0.5914,-1,-1,-1
130,2,1790.82,657.68,109.10,271.91,0.8219,-1,-1,-1
130,27,122.22,603.55,48.99,151.00,0.3295,-1,-1,-1
130,31,208.42,565.48,43.71,135.56,0.5546,-1,-1,-1
131,2,1794.41,659.12,111.71,276.68,0.8319,-1,-1,-1
131,27,105.76,599.95,50.32,156.53,0.4307,-1,-1,-1
131,31,200.39,572.27,41.84,129.59,0.4724,-1,-1,-1
132,2,1798.57,661.03,114.96,283.55,0.8652,-1,-1,-1
132,27,92.97,599.37,50.98,160.45,0.4306,-1,-1,-1
132,31,191.18,569.74,42.92,133.56,0.6432,-1,-1,-1
133,2,1802.31,662.83,117.00,289.24,0.8824,-1,-1,-1
133,27,78.78,595.31,52.86,167.59,0.5457,-1,-1,-1
133,31,182.21,566.71,43.85,136.15,0.5320,-1,-1,-1
134,2,1804.88,665.10,118.40,294.69,0.8508,-1,-1,-1
134,27,54.28,580.61,60.40,187.86,0.4959,-1,-1,-1
134,31,172.59,566.74,44.22,138.37,0.5591,-1,-1,-1
135,2,1806.46,666.29,119.72,301.24,0.8147,-1,-1,-1
135,27,37.57,574.54,64.83,197.98,0.5413,-1,-1,-1
135,31,164.56,569.74,43.81,138.26,0.5435,-1,-1,-1
135,22,-4.86,615.91,57.66,151.39,0.5673,-1,-1,-1
136,2,1809.51,669.91,119.32,305.11,0.8375,-1,-1,-1
136,27,26.99,574.26,66.54,200.66,0.5249,-1,-1,-1
136,31,155.77,567.88,44.28,140.75,0.3930,-1,-1,-1
136,34,509.35,527.25,29.41,73.78,0.5365,-1,-1,-1
136,22,-10.20,620.98,53.14,147.84,0.6005,-1,-1,-1
137,2,1813.39,677.36,117.78,307.20,0.7742,-1,-1,-1
137,27,17.74,573.50,67.63,204.36,0.6259,-1,-1,-1
137,31,147.27,572.98,43.08,137.79,0.4034,-1,-1,-1
137,34,504.32,527.34,30.05,75.42,0.5479,-1,-1,-1
138,2,1817.35,679.22,116.22,310.70,0.7835,-1,-1,-1
138,27,7.77,572.70,67.46,205.91,0.6375,-1,-1,-1
138,31,138.79,572.71,43.42,139.67,0.4940,-1,-1,-1
138,34,500.83,530.45,29.12,72.95,0.5814,-1,-1,-1
139,2,1819.71,679.89,114.95,315.31,0.7701,-1,-1,-1
139,27,-0.67,576.39,65.53,202.81,0.6160,-1,-1,-1
139,34,495.44,528.74,28.83,72.47,0.4401,-1,-1,-1
139,37,1565.72,554.19,46.03,109.11,0.5947,-1,-1,-1
140,2,1824.82,682.52,110.73,312.65,0.7505,-1,-1,-1
140,27,-10.12,575.51,66.08,210.60,0.6252,-1,-1,-1
140,34,490.28,527.40,29.14,73.28,0.4968,-1,-1,-1
140,37,1562.52,550.97,46.70,111.15,0.6625,-1,-1,-1
140,38,1696.39,552.78,51.18,115.36,0.5277,-1,-1,-1
141,2,1830.06,680.41,106.92,312.18,0.6799,-1,-1,-1
141,27,-15.19,579.13,62.82,208.62,0.5907,-1,-1,-1
141,34,484.68,527.78,29.19,73.68,0.5268,-1,-1,-1
141,37,1559.63,550.18,46.54,111.30,0.7275,-1,-1,-1
141,38,1696.21,551.90,51.39,116.17,0.4524,-1,-1,-1
142,2,1837.24,693.51,99.39,300.22,0.6423,-1,-1,-1
142,34,480.05,527.31,29.68,75.08,0.4995,-1,-1,-1
142,37,1557.95,551.77,45.06,108.07,0.6806,-1,-1,-1
142,38,1696.99,555.84,50.38,114.55,0.4370,-1,-1,-1
143,2,1842.70,702.82,94.66,297.12,0.5927,-1,-1,-1
143,34,477.15,527.37,29.37,73.78,0.5369,-1,-1,-1
143,37,1554.71,553.32,45.18,108.89,0.5899,-1,-1,-1
143,38,1696.32,561.85,47.77,109.19,0.3686,-1,-1,-1
144,34,472.96,527.38,29.59,74.83,0.5946,-1,-1,-1
144,37,1551.10,555.64,44.83,109.07,0.7093,-1,-1,-1
144,38,1694.56,566.80,46.59,106.91,0.4585,-1,-1,-1
145,34,467.93,527.15,29.25,74.07,0.5255,-1,-1,-1
145,37,1546.44,557.09,43.95,107.91,0.6957,-1,-1,-1
145,38,1692.95,570.21,46.21,106.47,0.6018,-1,-1,-1
146,34,462.76,526.23,29.31,74.57,0.5848,-1,-1,-1
146,37,1542.40,556.16,44.48,110.14,0.6497,-1,-1,-1
146,38,1692.62,573.99,44.10,101.72,0.6214,-1,-1,-1
147,34,457.23,526.48,29.72,75.61,0.5244,-1,-1,-1
147,37,1538.61,557.09,43.92,109.53,0.6766,-1,-1,-1
147,38,1690.16,574.68,44.32,102.79,0.5343,-1,-1,-1
148,34,453.07,528.58,29.29,74.20,0.5903,-1,-1,-1
148,37,1532.21,555.36,45.26,112.55,0.6901,-1,-1,-1
148,38,1685.19,571.93,45.45,105.12,0.4709,-1,-1,-1
149,34,448.17,528.90,29.45,74.86,0.5575,-1,-1,-1
149,37,1524.38,554.74,46.52,113.55,0.6863,-1,-1,-1
149,38,1680.93,571.38,45.29,105.19,0.6105,-1,-1,-1
150,34,442.77,528.66,30.03,76.38,0.5841,-1,-1,-1
150,37,1518.95,558.40,46.27,109.61,0.7187,-1,-1,-1
150,38,1678.08,567.94,45.68,106.81,0.6682,-1,-1,-1
