1,1,0.00,8.85,351.22,1061.89,0.9275,-1,-1,-1
1,2,874.76,152.61,238.81,626.87,0.8143,-1,-1,-1
1,3,546.17,271.41,94.46,315.82,0.8119,-1,-1,-1
1,4,403.99,277.97,107.41,319.40,0.8106,-1,-1,-1
2,1,-2.73,6.48,351.85,1064.20,0.9307,-1,-1,-1
2,2,868.27,149.12,239.46,628.86,0.8053,-1,-1,-1
2,3,542.48,266.97,96.20,321.70,0.8085,-1,-1,-1
2,4,399.62,274.72,108.06,321.16,0.8139,-1,-1,-1
3,1,-5.05,5.26,351.04,1062.83,0.9292,-1,-1,-1
3,2,860.37,151.70,238.62,627.64,0.8283,-1,-1,-1
3,3,537.24,265.87,97.63,326.52,0.8042,-1,-1,-1
3,4,392.05,274.38,108.49,322.45,0.8446,-1,-1,-1
4,1,-10.65,3.65,349.69,1061.70,0.9252,-1,-1,-1
4,2,859.12,152.96,238.20,628.70,0.8344,-1,-1,-1
4,3,531.56,264.82,98.28,329.00,0.8075,-1,-1,-1
4,4,383.49,271.35,110.11,327.04,0.8421,-1,-1,-1
4,5,1043.18,292.77,94.07,342.32,0.5789,-1,-1,-1
5,1,-17.38,3.21,348.08,1062.46,0.9159,-1,-1,-1
5,2,860.96,152.08,239.28,635.95,0.8186,-1,-1,-1
5,3,525.72,262.54,99.67,334.02,0.8087,-1,-1,-1
5,4,376.80,265.64,111.59,331.53,0.8346,-1,-1,-1
5,5,1043.50,292.31,94.06,343.18,0.5786,-1,-1,-1
6,1,-24.39,16.17,342.95,1055.84,0.8776,-1,-1,-1
6,2,865.28,151.20,234.49,628.52,0.8032,-1,-1,-1
6,3,520.89,262.00,100.33,335.85,0.7972,-1,-1,-1
6,4,371.51,262.15,112.55,334.66,0.8305,-1,-1,-1
6,5,1040.93,293.24,94.02,344.37,0.5863,-1,-1,-1
7,1,-24.71,61.43,324.83,1009.52,0.9035,-1,-1,-1
7,2,870.38,152.71,229.62,622.08,0.8162,-1,-1,-1
7,3,515.23,259.53,102.56,343.59,0.7800,-1,-1,-1
7,4,364.09,260.36,113.75,338.14,0.8224,-1,-1,-1
7,5,1037.01,296.09,94.08,345.88,0.6034,-1,-1,-1
8,1,-26.68,84.20,313.76,986.74,0.8960,-1,-1,-1
8,2,870.83,152.62,228.60,626.39,0.7931,-1,-1,-1
8,3,510.55,261.64,103.15,345.94,0.8154,-1,-1,-1
8,4,355.70,259.39,115.33,341.99,0.8266,-1,-1,-1
8,5,1034.56,299.09,93.90,346.17,0.6753,-1,-1,-1
8,6,861.08,263.27,78.40,300.22,0.5858,-1,-1,-1
9,1,-37.13,99.02,303.30,973.04,0.8638,-1,-1,-1
9,2,869.42,153.90,225.69,625.97,0.7894,-1,-1,-1
9,3,506.64,261.91,102.91,344.88,0.8364,-1,-1,-1
9,4,349.80,259.79,116.25,343.84,0.8186,-1,-1,-1
9,5,1032.13,302.92,93.82,347.87,0.6621,-1,-1,-1
9,6,859.91,263.40,78.43,300.78,0.5881,-1,-1,-1
9,7,720.16,321.19,42.54,130.96,0.5789,-1,-1,-1
10,1,-42.20,107.20,292.70,961.57,0.7268,-1,-1,-1
10,2,865.93,156.52,222.42,623.77,0.8161,-1,-1,-1
10,3,501.51,263.70,103.94,347.40,0.8259,-1,-1,-1
10,4,345.09,258.89,117.24,346.96,0.8078,-1,-1,-1
10,5,1030.68,301.48,94.17,352.18,0.7003,-1,-1,-1
10,6,858.75,261.17,78.94,303.47,0.5662,-1,-1,-1
10,7,719.71,324.01,42.58,131.22,0.5862,-1,-1,-1
11,1,-50.32,111.90,281.75,955.12,0.7332,-1,-1,-1
11,2,863.07,156.60,221.46,628.93,0.8167,-1,-1,-1
11,3,495.20,262.32,105.88,352.83,0.8231,-1,-1,-1
11,4,338.87,260.73,118.26,349.14,0.7889,-1,-1,-1
11,5,1028.78,297.91,94.42,358.64,0.6633,-1,-1,-1
11,6,858.23,273.90,75.88,292.89,0.5329,-1,-1,-1
11,7,718.10,326.31,41.95,129.58,0.5182,-1,-1,-1
12,1,-29.81,117.72,221.42,762.52,0.7881,-1,-1,-1
12,2,856.66,158.11,219.93,631.91,0.8356,-1,-1,-1
12,3,491.14,259.16,107.64,358.00,0.7974,-1,-1,-1
12,4,330.25,263.40,119.98,351.78,0.8274,-1,-1,-1
12,5,1026.52,297.31,93.57,361.68,0.6770,-1,-1,-1
12,6,856.55,249.79,81.21,316.32,0.3897,-1,-1,-1
12,7,717.39,327.66,42.52,131.45,0.5499,-1,-1,-1
12,9,776.87,320.13,47.06,134.06,0.5494,-1,-1,-1
13,1,-19.10,138.36,179.16,626.93,0.8200,-1,-1,-1
13,2,851.41,156.41,219.97,637.68,0.8253,-1,-1,-1
13,3,485.33,256.24,109.26,361.87,0.8271,-1,-1,-1
13,4,323.68,264.13,122.44,355.78,0.8302,-1,-1,-1
13,5,1026.66,299.55,90.73,355.62,0.6952,-1,-1,-1
13,7,716.04,328.37,42.81,132.74,0.4863,-1,-1,-1
13,9,775.23,321.28,47.02,133.65,0.5423,-1,-1,-1
14,1,-21.49,174.23,161.55,579.92,0.8183,-1,-1,-1
14,2,845.59,154.24,220.23,642.99,0.7862,-1,-1,-1
14,3,480.95,255.02,110.53,364.64,0.8364,-1,-1,-1
14,4,318.39,265.70,124.56,358.92,0.8351,-1,-1,-1
14,5,1025.45,293.98,90.08,358.25,0.6842,-1,-1,-1
14,7,715.41,328.16,43.13,133.47,0.5337,-1,-1,-1
14,9,773.92,323.67,45.81,130.13,0.5625,-1,-1,-1
15,1,-29.11,230.52,145.37,543.28,0.5546,-1,-1,-1
15,2,838.25,153.62,218.48,639.66,0.7979,-1,-1,-1
15,3,478.36,256.15,111.03,363.25,0.8390,-1,-1,-1
15,4,316.61,268.32,125.57,360.32,0.8286,-1,-1,-1
15,5,1022.91,285.97,91.34,367.66,0.6672,-1,-1,-1
15,7,715.40,330.20,42.64,131.11,0.5302,-1,-1,-1
15,9,773.24,323.12,45.60,129.37,0.5425,-1,-1,-1
16,2,834.48,153.49,218.44,640.46,0.8020,-1,-1,-1
16,3,476.36,256.07,112.92,366.25,0.8447,-1,-1,-1
16,4,312.53,269.21,127.93,365.32,0.8396,-1,-1,-1
16,5,1021.11,278.15,92.68,376.67,0.6328,-1,-1,-1
16,7,715.07,330.86,42.69,130.68,0.5304,-1,-1,-1
16,9,772.85,323.54,45.64,128.92,0.5743,-1,-1,-1
17,2,833.14,154.53,219.12,642.82,0.8270,-1,-1,-1
17,3,474.76,257.74,114.31,367.88,0.8425,-1,-1,-1
17,4,309.74,273.29,129.18,367.86,0.8504,-1,-1,-1
17,5,1020.23,275.70,92.81,378.48,0.6611,-1,-1,-1
17,7,714.28,330.45,44.11,134.54,0.5726,-1,-1,-1
17,9,772.90,325.22,46.04,129.10,0.5934,-1,-1,-1
18,2,832.58,157.18,221.26,651.71,0.8572,-1,-1,-1
18,3,472.66,258.60,116.90,373.17,0.8380,-1,-1,-1
18,4,309.49,276.98,130.04,369.87,0.8304,-1,-1,-1
18,5,1017.75,260.92,95.44,391.90,0.6970,-1,-1,-1
18,7,714.67,332.53,44.66,135.81,0.4783,-1,-1,-1
18,9,771.98,319.20,49.79,139.88,0.4270,-1,-1,-1
19,2,833.00,159.03,220.86,657.08,0.8586,-1,-1,-1
19,3,471.33,262.56,119.61,378.33,0.8214,-1,-1,-1
19,4,302.03,279.96,133.86,377.07,0.8303,-1,-1,-1
19,5,1014.19,256.03,96.80,397.85,0.7188,-1,-1,-1
19,7,715.31,336.87,45.34,137.94,0.4879,-1,-1,-1
19,9,773.83,329.24,47.71,133.16,0.5105,-1,-1,-1
20,2,834.40,165.26,218.20,656.20,0.8635,-1,-1,-1
20,3,471.49,269.50,120.99,379.92,0.8268,-1,-1,-1
20,4,300.76,285.22,135.72,379.41,0.8284,-1,-1,-1
20,5,1011.15,250.70,99.18,407.74,0.7665,-1,-1,-1
20,7,716.02,341.38,45.69,139.87,0.5284,-1,-1,-1
20,9,774.71,333.42,47.65,132.05,0.5669,-1,-1,-1
21,2,842.94,168.81,215.39,657.30,0.8511,-1,-1,-1
21,3,473.91,272.58,124.19,387.01,0.8124,-1,-1,-1
21,4,304.04,287.13,137.97,383.84,0.8442,-1,-1,-1
21,5,1015.94,248.90,101.37,414.18,0.8079,-1,-1,-1
21,9,777.06,335.16,48.45,131.74,0.3777,-1,-1,-1
22,2,859.87,169.04,213.57,659.91,0.8537,-1,-1,-1
22,3,488.34,275.50,125.54,390.63,0.8248,-1,-1,-1
22,4,317.30,288.45,139.38,386.60,0.8275,-1,-1,-1
22,5,1027.52,249.55,102.92,418.47,0.7957,-1,-1,-1
22,9,791.88,339.57,49.81,135.08,0.5636,-1,-1,-1
23,2,868.28,170.74,212.46,663.48,0.8619,-1,-1,-1
23,3,501.68,280.13,126.63,393.37,0.8267,-1,-1,-1
23,4,328.05,291.00,140.24,387.52,0.8289,-1,-1,-1
23,5,1038.50,252.14,104.70,421.90,0.8010,-1,-1,-1
24,2,873.45,172.98,211.75,663.85,0.8683,-1,-1,-1
24,3,513.08,284.13,127.96,396.51,0.8445,-1,-1,-1
24,4,338.89,293.05,141.95,390.96,0.8330,-1,-1,-1
24,5,1049.26,255.46,105.62,418.83,0.8175,-1,-1,-1
24,7,716.81,366.05,41.84,127.84,0.5326,-1,-1,-1
25,2,874.67,173.69,210.89,660.85,0.8634,-1,-1,-1
25,3,521.75,285.19,130.53,403.33,0.8443,-1,-1,-1
25,4,350.90,294.77,141.92,389.90,0.8319,-1,-1,-1
25,5,1060.58,257.45,107.47,419.40,0.8358,-1,-1,-1
26,2,880.70,174.61,210.35,656.48,0.8694,-1,-1,-1
26,3,534.90,292.08,131.06,405.05,0.7980,-1,-1,-1
26,4,362.97,295.73,144.33,394.76,0.8537,-1,-1,-1
26,5,1072.62,260.43,110.73,422.34,0.8313,-1,-1,-1
27,2,885.92,176.78,212.12,656.91,0.8630,-1,-1,-1
27,3,548.78,293.71,132.90,410.92,0.8309,-1,-1,-1
27,4,376.43,299.09,145.09,397.21,0.8406,-1,-1,-1
27,5,1088.37,265.16,112.84,419.81,0.8297,-1,-1,-1
28,2,891.20,183.15,214.56,658.00,0.8748,-1,-1,-1
28,3,558.77,298.71,133.54,413.43,0.8469,-1,-1,-1
28,4,384.37,304.71,146.03,399.03,0.8611,-1,-1,-1
28,5,1097.13,271.80,114.97,418.13,0.8360,-1,-1,-1
29,2,889.78,189.87,215.86,659.36,0.8794,-1,-1,-1
29,3,564.13,300.29,134.67,417.17,0.8639,-1,-1,-1
29,4,389.32,308.91,147.24,404.15,0.8420,-1,-1,-1
29,5,1102.43,277.31,119.63,426.55,0.8128,-1,-1,-1
29,9,815.40,367.49,52.37,144.85,0.5042,-1,-1,-1
30,2,891.57,195.17,217.13,660.77,0.8922,-1,-1,-1
30,3,569.34,300.58,135.20,417.81,0.8519,-1,-1,-1
30,4,394.22,312.15,149.12,410.81,0.8394,-1,-1,-1
30,5,1109.72,280.73,123.83,431.57,0.8322,-1,-1,-1
30,9,823.36,370.92,51.34,142.59,0.4914,-1,-1,-1
31,2,892.75,200.67,219.06,664.06,0.8832,-1,-1,-1
31,3,573.71,302.06,135.99,420.04,0.8356,-1,-1,-1
31,4,397.82,317.26,150.75,417.08,0.8435,-1,-1,-1
31,5,1114.92,284.31,127.66,435.33,0.8545,-1,-1,-1
31,9,832.17,378.14,49.46,139.61,0.5141,-1,-1,-1
32,2,894.81,207.66,221.36,667.75,0.8843,-1,-1,-1
32,3,576.86,304.66,137.94,427.47,0.8523,-1,-1,-1
32,4,400.37,322.59,150.94,419.08,0.8573,-1,-1,-1
32,5,1117.62,289.04,129.84,433.30,0.8578,-1,-1,-1
32,9,836.83,380.74,50.26,144.81,0.5932,-1,-1,-1
33,2,898.23,212.61,223.01,669.62,0.8824,-1,-1,-1
33,3,581.03,307.24,139.13,431.09,0.8464,-1,-1,-1
33,4,403.57,328.18,150.95,419.52,0.8586,-1,-1,-1
33,5,1121.66,296.82,132.54,431.26,0.8557,-1,-1,-1
33,9,842.72,387.31,49.73,144.97,0.5306,-1,-1,-1
34,2,901.85,219.05,225.52,672.22,0.8748,-1,-1,-1
34,3,584.42,309.15,139.67,434.07,0.8412,-1,-1,-1
34,4,401.41,332.53,152.77,425.56,0.8418,-1,-1,-1
34,5,1124.13,301.71,134.08,425.79,0.8550,-1,-1,-1
34,9,846.63,392.13,50.15,146.84,0.5586,-1,-1,-1
35,2,905.36,226.29,227.53,675.94,0.8777,-1,-1,-1
35,3,587.49,313.06,140.69,439.03,0.8299,-1,-1,-1
35,4,398.57,336.36,155.12,433.32,0.8268,-1,-1,-1
35,5,1126.53,305.91,135.91,421.46,0.8461,-1,-1,-1
35,9,849.65,396.69,49.93,146.58,0.5384,-1,-1,-1
36,2,907.74,232.79,228.47,677.98,0.8840,-1,-1,-1
36,3,591.29,317.94,141.52,441.98,0.8214,-1,-1,-1
36,4,393.83,340.44,156.76,439.37,0.8543,-1,-1,-1
36,5,1127.58,310.63,137.90,419.69,0.8511,-1,-1,-1
37,2,908.48,240.96,228.72,677.59,0.8903,-1,-1,-1
37,3,591.69,322.19,142.08,446.35,0.8044,-1,-1,-1
37,4,388.03,343.31,158.07,445.90,0.8665,-1,-1,-1
37,5,1129.52,314.75,141.27,423.90,0.8438,-1,-1,-1
38,2,912.11,247.49,228.49,677.45,0.8889,-1,-1,-1
38,3,592.45,327.66,142.56,450.32,0.8259,-1,-1,-1
38,4,382.66,347.13,158.58,448.70,0.8690,-1,-1,-1
38,5,1130.45,320.26,142.82,422.03,0.8463,-1,-1,-1
38,9,862.54,415.75,46.35,138.34,0.6131,-1,-1,-1
39,2,917.62,254.05,228.07,679.06,0.8846,-1,-1,-1
39,3,590.81,332.34,144.69,459.18,0.8165,-1,-1,-1
39,4,377.67,350.60,159.86,453.07,0.8802,-1,-1,-1
39,5,1131.98,326.78,145.70,427.13,0.8541,-1,-1,-1
39,9,864.24,423.57,45.21,135.35,0.5074,-1,-1,-1
40,2,921.01,257.26,228.44,684.67,0.8765,-1,-1,-1
40,3,587.28,341.33,147.01,467.05,0.7965,-1,-1,-1
40,4,373.01,355.34,160.81,456.09,0.8740,-1,-1,-1
40,5,1133.63,333.85,147.97,431.14,0.8542,-1,-1,-1
40,9,864.21,427.49,47.92,143.76,0.5479,-1,-1,-1
41,2,921.62,259.89,226.60,683.75,0.8804,-1,-1,-1
41,3,583.27,343.47,148.76,473.80,0.8022,-1,-1,-1
41,4,363.81,356.60,162.52,458.84,0.8626,-1,-1,-1
41,5,1136.46,338.88,148.32,430.74,0.8500,-1,-1,-1
41,9,864.23,432.82,48.17,144.60,0.4786,-1,-1,-1
42,2,924.64,265.55,222.80,676.77,0.8822,-1,-1,-1
42,3,579.16,347.44,150.58,479.92,0.7102,-1,-1,-1
42,4,352.58,358.06,165.62,465.17,0.8716,-1,-1,-1
42,5,1137.23,346.49,147.93,429.04,0.8558,-1,-1,-1
42,9,863.79,436.47,48.41,146.27,0.4658,-1,-1,-1
43,2,926.50,272.30,217.56,665.72,0.8819,-1,-1,-1
43,3,572.76,352.02,150.56,482.47,0.8054,-1,-1,-1
43,4,340.58,362.78,168.34,470.04,0.8483,-1,-1,-1
43,5,1135.25,353.04,148.47,429.66,0.8571,-1,-1,-1
43,9,862.33,441.82,46.14,138.88,0.3506,-1,-1,-1
44,2,926.28,278.84,214.31,660.20,0.8857,-1,-1,-1
44,3,565.74,356.66,151.88,490.30,0.8117,-1,-1,-1
44,4,326.89,366.34,171.84,476.43,0.8581,-1,-1,-1
44,5,1133.13,361.33,147.73,425.93,0.8564,-1,-1,-1
44,9,857.49,443.80,47.83,145.01,0.3893,-1,-1,-1
45,2,924.67,284.41,212.74,660.07,0.8876,-1,-1,-1
45,3,558.22,361.35,153.24,499.77,0.8246,-1,-1,-1
45,4,313.30,371.14,176.72,486.63,0.8453,-1,-1,-1
45,5,1128.86,368.00,148.15,426.42,0.8408,-1,-1,-1
45,9,851.59,449.65,48.34,146.14,0.4301,-1,-1,-1
46,2,920.89,292.35,212.61,664.61,0.8866,-1,-1,-1
46,3,551.21,364.60,154.02,506.94,0.8213,-1,-1,-1
46,4,299.62,377.63,182.04,499.74,0.8413,-1,-1,-1
46,5,1124.45,375.71,149.89,431.61,0.8509,-1,-1,-1
46,9,848.25,456.27,48.86,147.24,0.4778,-1,-1,-1
47,2,916.02,301.45,211.93,668.29,0.8781,-1,-1,-1
47,3,544.10,369.55,154.93,513.35,0.8248,-1,-1,-1
47,4,281.72,382.78,189.28,516.45,0.8436,-1,-1,-1
47,5,1118.90,381.93,150.26,433.95,0.8357,-1,-1,-1
47,9,846.05,468.02,46.45,138.45,0.3350,-1,-1,-1
48,2,910.36,309.11,212.69,676.44,0.8774,-1,-1,-1
48,3,533.41,372.57,157.22,523.04,0.8578,-1,-1,-1
48,4,266.39,390.97,194.43,527.27,0.8569,-1,-1,-1
48,5,1112.04,389.26,149.58,435.41,0.8321,-1,-1,-1
48,9,839.58,469.14,49.48,148.70,0.6837,-1,-1,-1
49,2,903.13,318.32,212.60,682.44,0.8784,-1,-1,-1
49,3,524.76,376.55,159.12,531.19,0.8508,-1,-1,-1
49,4,250.45,398.10,198.51,534.47,0.8719,-1,-1,-1
49,5,1106.48,395.34,149.27,435.07,0.8530,-1,-1,-1
49,9,834.22,473.16,50.11,150.64,0.4995,-1,-1,-1
50,2,897.54,327.17,211.24,684.14,0.8773,-1,-1,-1
50,3,518.77,382.37,160.46,537.60,0.8387,-1,-1,-1
50,4,237.26,405.38,198.81,528.62,0.8353,-1,-1,-1
50,5,1099.35,400.14,149.74,438.73,0.8538,-1,-1,-1
50,9,825.76,477.09,51.11,153.61,0.5770,-1,-1,-1
51,2,891.54,335.12,209.67,685.67,0.8694,-1,-1,-1
51,3,510.12,385.96,162.01,544.54,0.8470,-1,-1,-1
51,4,222.65,412.21,199.49,523.10,0.8440,-1,-1,-1
51,5,1094.52,404.09,149.65,439.78,0.8680,-1,-1,-1
51,9,819.78,480.71,52.22,155.70,0.5905,-1,-1,-1
52,2,886.30,342.33,207.67,685.32,0.8759,-1,-1,-1
52,3,502.20,388.71,162.68,547.49,0.8376,-1,-1,-1
52,4,205.07,417.12,210.44,548.75,0.8293,-1,-1,-1
52,5,1090.86,406.06,150.10,442.34,0.8645,-1,-1,-1
52,9,815.58,489.70,50.14,147.42,0.3282,-1,-1,-1
53,2,881.90,348.49,205.44,683.05,0.8783,-1,-1,-1
53,3,494.99,394.98,163.57,550.67,0.8404,-1,-1,-1
53,4,190.10,420.57,216.24,563.15,0.8704,-1,-1,-1
53,5,1086.36,409.35,150.87,443.37,0.8652,-1,-1,-1
53,9,812.39,492.91,50.32,147.13,0.6582,-1,-1,-1
54,2,877.94,352.08,203.69,680.48,0.8833,-1,-1,-1
54,3,486.88,396.86,166.14,557.70,0.8509,-1,-1,-1
54,4,177.69,422.36,220.53,573.36,0.8822,-1,-1,-1
54,5,1081.90,410.94,152.44,445.62,0.8712,-1,-1,-1
54,9,811.82,494.72,48.65,141.29,0.5952,-1,-1,-1
55,2,871.57,352.23,203.07,680.09,0.8837,-1,-1,-1
55,3,480.39,398.11,169.33,565.06,0.8581,-1,-1,-1
55,4,166.69,421.63,224.07,582.82,0.8952,-1,-1,-1
55,5,1078.63,412.12,153.51,445.79,0.8756,-1,-1,-1
55,9,809.06,494.68,49.48,142.75,0.4668,-1,-1,-1
56,2,866.56,351.43,203.15,682.49,0.8792,-1,-1,-1
56,3,475.28,399.91,173.78,576.21,0.8728,-1,-1,-1
56,4,156.16,420.45,227.42,593.18,0.8826,-1,-1,-1
56,5,1079.16,413.55,153.28,442.13,0.8744,-1,-1,-1
56,9,806.03,494.91,52.06,150.27,0.4625,-1,-1,-1
57,2,860.72,350.70,203.84,686.09,0.8752,-1,-1,-1
57,3,469.39,402.87,179.01,589.45,0.8758,-1,-1,-1
57,4,144.79,420.42,229.97,600.95,0.8887,-1,-1,-1
57,5,1078.91,415.37,153.58,439.34,0.8674,-1,-1,-1
57,9,804.97,498.59,53.10,153.48,0.3711,-1,-1,-1
58,2,857.42,349.90,202.42,680.15,0.8683,-1,-1,-1
58,3,463.56,401.20,184.85,605.14,0.8814,-1,-1,-1
58,4,135.37,419.43,233.24,610.91,0.8760,-1,-1,-1
58,5,1075.91,414.16,156.23,443.55,0.8718,-1,-1,-1
59,2,849.64,347.24,201.00,671.83,0.8827,-1,-1,-1
59,3,456.11,396.94,189.82,620.60,0.8830,-1,-1,-1
59,4,125.69,418.58,235.73,617.70,0.8969,-1,-1,-1
59,5,1074.79,415.54,156.94,441.71,0.8702,-1,-1,-1
60,2,842.60,346.95,200.72,666.96,0.8873,-1,-1,-1
60,3,451.90,398.11,191.39,625.80,0.8773,-1,-1,-1
60,4,115.12,417.70,238.14,623.57,0.9068,-1,-1,-1
60,5,1072.96,416.19,158.81,442.53,0.8682,-1,-1,-1
61,2,833.51,347.31,202.93,667.44,0.8888,-1,-1,-1
61,3,445.38,399.74,194.46,636.28,0.8643,-1,-1,-1
61,4,105.09,417.01,241.50,632.24,0.9052,-1,-1,-1
61,5,1071.22,417.22,160.74,443.08,0.8656,-1,-1,-1
62,2,828.91,347.17,205.31,667.73,0.8800,-1,-1,-1
62,3,442.73,399.29,196.49,643.99,0.8512,-1,-1,-1
62,4,95.65,414.21,248.23,651.76,0.9003,-1,-1,-1
62,5,1072.02,416.84,162.47,442.84,0.8628,-1,-1,-1
63,2,825.57,344.37,208.40,672.37,0.8811,-1,-1,-1
63,3,440.70,395.85,198.79,651.57,0.8613,-1,-1,-1
63,4,88.50,409.42,252.54,667.99,0.8924,-1,-1,-1
63,5,1074.27,415.81,164.56,442.92,0.8705,-1,-1,-1
64,2,823.59,342.57,210.59,675.93,0.8784,-1,-1,-1
64,3,443.34,390.00,201.08,660.18,0.8709,-1,-1,-1
64,4,82.50,405.45,253.70,675.84,0.8872,-1,-1,-1
64,5,1076.14,415.48,166.67,443.09,0.8700,-1,-1,-1
64,14,1020.54,434.32,66.55,316.27,0.7914,-1,-1,-1
65,2,821.53,340.83,213.10,679.21,0.8890,-1,-1,-1
65,3,443.96,383.51,203.51,668.09,0.8722,-1,-1,-1
65,4,75.26,404.78,253.34,678.21,0.8834,-1,-1,-1
65,5,1078.75,413.47,168.95,444.29,0.8626,-1,-1,-1
65,14,1023.13,435.59,65.98,313.10,0.7868,-1,-1,-1
66,2,821.75,339.01,214.97,681.81,0.8875,-1,-1,-1
66,3,444.02,376.31,206.50,676.29,0.8764,-1,-1,-1
66,4,69.01,403.20,252.68,678.17,0.8885,-1,-1,-1
66,5,1085.17,408.38,172.66,450.18,0.8392,-1,-1,-1
66,14,1026.17,434.92,65.97,311.87,0.7797,-1,-1,-1
67,2,822.41,338.35,216.46,683.09,0.8931,-1,-1,-1
67,3,444.44,369.55,209.30,683.39,0.8733,-1,-1,-1
67,4,60.07,399.06,253.60,682.42,0.8880,-1,-1,-1
67,5,1089.91,404.41,176.16,455.52,0.8461,-1,-1,-1
67,14,1028.76,431.98,65.88,309.30,0.7461,-1,-1,-1
68,2,824.28,337.07,217.86,684.45,0.8934,-1,-1,-1
68,3,444.31,359.92,212.80,691.72,0.8708,-1,-1,-1
68,4,49.75,396.03,253.27,680.85,0.8889,-1,-1,-1
68,5,1093.00,401.17,176.46,455.11,0.8456,-1,-1,-1
68,14,1032.00,425.03,67.29,313.41,0.7259,-1,-1,-1
68,16,748.03,497.62,58.25,146.17,0.5304,-1,-1,-1
69,2,828.89,333.03,218.61,685.49,0.8878,-1,-1,-1
69,3,444.64,350.84,216.35,700.18,0.8775,-1,-1,-1
69,4,38.94,387.32,255.84,685.44,0.8998,-1,-1,-1
69,5,1095.91,397.10,177.36,456.32,0.8726,-1,-1,-1
69,14,1035.29,420.27,68.17,315.02,0.7208,-1,-1,-1
69,16,750.12,492.30,59.33,148.90,0.6034,-1,-1,-1
70,2,831.34,329.80,218.80,683.60,0.8967,-1,-1,-1
70,3,442.72,343.58,220.09,707.96,0.8913,-1,-1,-1
70,4,24.54,378.88,260.62,694.60,0.9135,-1,-1,-1
70,5,1098.78,392.78,178.04,456.86,0.8721,-1,-1,-1
70,14,1037.67,416.27,68.87,315.41,0.7091,-1,-1,-1
70,16,752.13,487.61,60.18,151.14,0.5373,-1,-1,-1
71,2,834.07,326.85,218.94,682.24,0.8904,-1,-1,-1
71,3,438.35,336.19,224.94,719.82,0.8901,-1,-1,-1
71,4,7.96,371.04,264.06,702.85,0.9096,-1,-1,-1
71,5,1101.38,388.21,177.63,455.09,0.8643,-1,-1,-1
71,14,1038.83,412.59,69.73,316.04,0.7217,-1,-1,-1
71,16,753.16,484.78,60.36,151.58,0.5789,-1,-1,-1
72,2,835.05,321.56,219.71,682.39,0.8906,-1,-1,-1
72,3,431.82,326.91,232.19,741.14,0.8916,-1,-1,-1
72,4,-3.76,363.20,266.18,711.05,0.9195,-1,-1,-1
72,5,1103.91,385.36,176.85,452.43,0.8592,-1,-1,-1
72,14,1039.61,410.45,70.20,315.30,0.7227,-1,-1,-1
72,16,754.51,483.89,60.09,150.85,0.5615,-1,-1,-1
73,2,836.21,315.58,219.52,680.03,0.8855,-1,-1,-1
73,3,424.98,317.24,238.02,758.28,0.8933,-1,-1,-1
73,4,-13.28,351.69,267.73,722.65,0.9111,-1,-1,-1
73,5,1105.98,382.18,175.12,447.19,0.8556,-1,-1,-1
73,14,1040.28,409.64,70.36,313.34,0.6758,-1,-1,-1
73,16,752.43,477.94,60.56,152.68,0.4691,-1,-1,-1
74,2,837.26,310.15,217.14,669.50,0.8805,-1,-1,-1
74,3,417.74,311.32,240.95,765.37,0.8907,-1,-1,-1
74,4,-21.54,344.47,266.73,732.19,0.9065,-1,-1,-1
74,5,1106.65,378.66,173.65,443.48,0.8565,-1,-1,-1
74,14,1040.42,409.18,70.70,311.60,0.6848,-1,-1,-1
74,16,750.74,475.02,60.59,152.86,0.5560,-1,-1,-1
75,2,838.53,305.58,215.82,664.09,0.8721,-1,-1,-1
75,3,408.14,304.00,244.01,772.91,0.8954,-1,-1,-1
75,4,-28.80,333.36,265.00,744.22,0.8958,-1,-1,-1
75,5,1106.68,375.79,172.90,441.32,0.8616,-1,-1,-1
75,14,1040.28,419.26,68.55,298.86,0.6642,-1,-1,-1
75,16,748.65,471.73,60.67,153.52,0.5618,-1,-1,-1
76,2,841.32,301.41,215.09,661.73,0.8691,-1,-1,-1
76,3,398.66,297.35,246.36,777.21,0.8894,-1,-1,-1
76,4,-34.17,324.68,260.17,750.72,0.8883,-1,-1,-1
76,5,1107.50,373.51,171.92,440.16,0.8559,-1,-1,-1
76,14,1041.59,431.32,65.99,283.07,0.7228,-1,-1,-1
76,16,749.01,471.21,59.35,149.29,0.5169,-1,-1,-1
77,2,843.01,298.53,214.71,663.13,0.8786,-1,-1,-1
77,3,389.66,293.63,247.57,777.16,0.8913,-1,-1,-1
77,4,-39.06,318.08,254.58,758.29,0.8802,-1,-1,-1
77,5,1107.54,371.76,172.00,441.81,0.8657,-1,-1,-1
77,14,1040.76,435.05,66.00,278.52,0.6324,-1,-1,-1
77,16,748.76,470.39,59.69,148.88,0.5040,-1,-1,-1
78,2,844.12,295.85,213.80,665.64,0.8637,-1,-1,-1
78,3,377.39,289.43,250.87,782.64,0.8972,-1,-1,-1
78,4,-43.89,312.03,246.61,762.24,0.8673,-1,-1,-1
78,5,1107.06,370.42,171.93,443.16,0.8640,-1,-1,-1
78,14,1035.84,423.23,69.81,292.01,0.7076,-1,-1,-1
78,16,746.07,465.53,62.24,154.74,0.5499,-1,-1,-1
79,2,844.90,292.48,213.58,670.43,0.8592,-1,-1,-1
79,3,361.95,284.73,254.00,788.01,0.9003,-1,-1,-1
79,4,-47.29,309.28,237.67,765.10,0.8291,-1,-1,-1
79,5,1106.31,367.99,171.82,444.64,0.8600,-1,-1,-1
79,14,1030.01,408.12,73.72,306.54,0.7189,-1,-1,-1
79,16,740.92,468.18,60.44,152.26,0.4962,-1,-1,-1
79,17,811.94,449.84,46.87,165.60,0.6450,-1,-1,-1
80,2,842.90,289.67,212.77,674.82,0.8566,-1,-1,-1
80,3,345.42,276.89,258.26,795.31,0.8965,-1,-1,-1
80,5,1103.18,364.63,171.77,447.26,0.8433,-1,-1,-1
80,14,1024.95,400.79,75.36,314.02,0.7097,-1,-1,-1
80,16,736.13,468.83,60.07,153.33,0.5411,-1,-1,-1
80,17,807.03,446.63,48.52,170.81,0.6151,-1,-1,-1
81,2,840.97,291.40,210.82,675.57,0.8514,-1,-1,-1
81,3,328.06,268.07,262.59,803.19,0.9018,-1,-1,-1
81,5,1099.68,363.68,170.05,446.37,0.8567,-1,-1,-1
81,14,1019.74,403.21,74.51,310.50,0.6937,-1,-1,-1
81,16,730.72,464.16,59.82,154.38,0.5612,-1,-1,-1
81,17,801.92,444.63,48.35,169.35,0.6196,-1,-1,-1
81,18,-19.62,436.58,137.40,420.81,0.6418,-1,-1,-1
82,2,837.62,292.73,208.34,675.10,0.8529,-1,-1,-1
82,3,309.40,255.64,269.91,817.05,0.8974,-1,-1,-1
82,5,1094.45,360.26,168.98,447.53,0.8627,-1,-1,-1
82,14,1015.71,394.30,75.37,314.59,0.6466,-1,-1,-1
82,16,724.21,457.71,60.62,158.14,0.6341,-1,-1,-1
82,17,797.60,441.44,48.63,169.31,0.6749,-1,-1,-1
82,18,-21.05,442.16,120.77,372.69,0.7815,-1,-1,-1
83,2,834.24,292.00,205.28,674.14,0.8514,-1,-1,-1
83,3,287.49,242.88,276.64,829.06,0.8896,-1,-1,-1
83,5,1089.67,358.29,168.50,451.01,0.8518,-1,-1,-1
83,14,1007.53,384.97,77.56,321.83,0.5449,-1,-1,-1
83,16,721.38,453.04,60.21,156.85,0.3876,-1,-1,-1
83,17,794.42,437.32,47.93,166.04,0.5785,-1,-1,-1
84,2,827.06,291.64,202.90,674.91,0.8476,-1,-1,-1
84,3,258.59,230.78,283.27,842.45,0.9033,-1,-1,-1
84,5,1082.65,354.96,168.69,455.54,0.8586,-1,-1,-1
84,14,999.69,377.90,77.92,321.96,0.7452,-1,-1,-1
84,16,713.36,450.16,59.36,155.62,0.5917,-1,-1,-1
84,17,787.19,434.91,48.12,166.00,0.5587,-1,-1,-1
85,2,817.97,290.29,199.93,672.51,0.8275,-1,-1,-1
85,3,232.28,218.50,292.06,855.99,0.9170,-1,-1,-1
85,5,1074.68,353.83,166.41,454.14,0.8485,-1,-1,-1
85,14,990.18,373.96,77.79,319.36,0.7616,-1,-1,-1
85,16,706.77,450.50,57.72,152.43,0.4575,-1,-1,-1
85,17,777.13,427.74,49.61,170.05,0.5998,-1,-1,-1
86,2,806.92,285.32,198.26,672.03,0.8417,-1,-1,-1
86,3,203.94,205.29,299.25,869.92,0.9056,-1,-1,-1
86,5,1067.43,349.79,165.07,454.40,0.8318,-1,-1,-1
86,14,979.87,369.60,79.17,320.16,0.8069,-1,-1,-1
86,16,697.81,445.46,58.49,154.59,0.5367,-1,-1,-1
86,17,769.20,421.21,50.75,175.12,0.5159,-1,-1,-1
87,2,795.98,279.69,198.34,675.20,0.8524,-1,-1,-1
87,3,172.87,190.77,306.99,884.96,0.9104,-1,-1,-1
87,5,1060.00,347.14,163.55,452.99,0.8509,-1,-1,-1
87,14,970.64,366.46,80.39,320.39,0.7796,-1,-1,-1
87,16,691.50,446.40,57.74,151.86,0.4641,-1,-1,-1
87,17,760.17,414.53,51.83,179.91,0.6884,-1,-1,-1
87,19,473.17,411.17,79.75,285.69,0.7296,-1,-1,-1
88,2,785.02,275.33,197.78,671.79,0.8571,-1,-1,-1
88,3,146.36,180.62,313.50,896.19,0.9155,-1,-1,-1
88,5,1050.38,341.35,162.86,454.20,0.8485,-1,-1,-1
88,14,959.04,359.75,82.66,323.93,0.7449,-1,-1,-1
88,16,681.92,441.10,58.41,154.28,0.6147,-1,-1,-1
88,17,749.72,410.11,51.22,177.82,0.4646,-1,-1,-1
88,19,457.62,408.82,80.27,286.51,0.7607,-1,-1,-1
89,2,772.06,269.47,197.83,669.72,0.8477,-1,-1,-1
89,3,120.39,169.03,320.68,906.96,0.9201,-1,-1,-1
89,5,1043.06,335.31,162.81,454.56,0.8534,-1,-1,-1
89,14,950.59,358.18,83.30,319.64,0.8162,-1,-1,-1
89,16,673.65,437.03,59.23,156.53,0.5573,-1,-1,-1
89,17,740.25,407.89,51.15,180.61,0.3303,-1,-1,-1
89,19,441.67,399.03,84.16,298.27,0.7739,-1,-1,-1
90,2,760.88,262.24,197.46,660.42,0.8689,-1,-1,-1
90,3,95.18,154.51,330.27,920.96,0.9241,-1,-1,-1
90,5,1035.87,329.49,163.78,458.73,0.8482,-1,-1,-1
90,14,944.20,354.77,83.84,316.69,0.7823,-1,-1,-1
90,16,668.15,433.51,59.46,156.20,0.4318,-1,-1,-1
90,19,430.55,390.37,86.31,303.35,0.7799,-1,-1,-1
91,2,750.24,257.63,197.75,651.48,0.8808,-1,-1,-1
91,3,72.96,142.61,338.70,931.02,0.9224,-1,-1,-1
91,5,1031.18,325.05,163.38,457.12,0.8681,-1,-1,-1
91,14,937.58,350.37,85.73,318.01,0.7997,-1,-1,-1
91,16,658.57,427.15,59.10,156.75,0.4526,-1,-1,-1
91,19,421.12,386.23,87.81,305.96,0.7615,-1,-1,-1
92,2,738.33,251.79,200.48,651.10,0.8787,-1,-1,-1
92,3,49.13,128.05,349.57,944.91,0.9221,-1,-1,-1
92,5,1026.68,318.83,163.20,455.13,0.8636,-1,-1,-1
92,14,929.81,348.53,86.57,317.22,0.7895,-1,-1,-1
92,16,653.64,423.35,59.60,158.00,0.5489,-1,-1,-1
92,19,412.13,383.79,89.40,308.08,0.8223,-1,-1,-1
93,2,729.85,245.73,204.56,653.98,0.8891,-1,-1,-1
93,3,27.29,116.74,359.39,956.22,0.9244,-1,-1,-1
93,5,1021.54,314.17,163.94,454.70,0.8705,-1,-1,-1
93,14,926.22,346.76,87.60,317.05,0.7763,-1,-1,-1
93,16,650.24,420.55,59.04,157.64,0.3373,-1,-1,-1
93,19,404.22,379.05,91.59,312.19,0.8071,-1,-1,-1
94,2,719.57,241.37,207.93,657.77,0.8729,-1,-1,-1
94,3,13.82,106.55,367.78,968.58,0.9323,-1,-1,-1
94,5,1017.56,311.98,164.89,454.15,0.8726,-1,-1,-1
94,14,922.75,345.38,89.14,318.61,0.8026,-1,-1,-1
94,19,397.45,377.33,92.49,310.74,0.8026,-1,-1,-1
95,2,711.00,239.11,211.71,663.72,0.8860,-1,-1,-1
95,3,6.96,96.40,374.70,979.24,0.9307,-1,-1,-1
95,5,1013.28,310.51,166.18,453.81,0.8644,-1,-1,-1
95,14,919.73,343.38,90.37,319.99,0.7805,-1,-1,-1
95,19,391.11,374.34,94.87,314.53,0.8174,-1,-1,-1
96,2,702.31,240.47,213.92,664.83,0.9045,-1,-1,-1
96,3,-2.98,85.29,379.03,990.36,0.9349,-1,-1,-1
96,5,1010.03,309.79,168.45,455.69,0.8598,-1,-1,-1
96,14,916.50,343.62,91.56,320.14,0.7540,-1,-1,-1
96,19,384.79,373.16,97.66,320.48,0.8098,-1,-1,-1
97,2,698.36,240.11,216.70,670.26,0.8996,-1,-1,-1
97,3,-10.30,75.06,381.54,1000.40,0.9338,-1,-1,-1
97,5,1008.39,309.69,170.47,456.35,0.8618,-1,-1,-1
97,14,911.38,342.11,93.07,319.65,0.7328,-1,-1,-1
97,19,381.05,370.01,100.33,326.06,0.8189,-1,-1,-1
97,16,632.34,417.01,60.73,162.03,0.5593,-1,-1,-1
98,2,695.31,241.61,218.84,674.65,0.8996,-1,-1,-1
98,3,-16.73,59.00,383.93,1013.81,0.9344,-1,-1,-1
98,5,1008.05,309.46,173.23,458.51,0.8591,-1,-1,-1
98,14,910.35,342.12,94.42,320.66,0.7306,-1,-1,-1
98,19,378.98,367.79,102.48,330.23,0.8255,-1,-1,-1
98,16,629.63,415.28,61.73,165.70,0.6311,-1,-1,-1
99,2,693.76,245.11,220.24,677.01,0.8985,-1,-1,-1
99,3,-21.84,47.03,384.43,1025.43,0.9272,-1,-1,-1
99,5,1009.78,309.94,176.18,460.44,0.8700,-1,-1,-1
99,14,910.66,342.29,95.45,321.00,0.7370,-1,-1,-1
99,19,377.24,365.80,104.48,334.04,0.8214,-1,-1,-1
99,16,628.38,415.28,60.87,165.54,0.6340,-1,-1,-1
100,2,693.50,248.39,220.24,676.14,0.8988,-1,-1,-1
100,3,-27.04,35.64,383.07,1035.63,0.9225,-1,-1,-1
100,5,1012.44,311.36,178.47,460.75,0.8763,-1,-1,-1
100,14,912.96,346.52,95.73,318.30,0.7435,-1,-1,-1
100,19,375.51,366.78,105.56,334.44,0.8323,-1,-1,-1
100,16,627.99,414.49,60.93,166.19,0.6493,-1,-1,-1
101,2,696.03,249.57,219.79,676.09,0.8890,-1,-1,-1
101,3,-34.62,19.14,383.01,1054.94,0.9144,-1,-1,-1
101,5,1014.41,311.28,181.38,462.95,0.8568,-1,-1,-1
101,14,915.20,347.26,96.43,317.63,0.7683,-1,-1,-1
101,19,375.59,365.21,107.29,337.69,0.8239,-1,-1,-1
101,16,629.94,413.53,60.55,165.51,0.7018,-1,-1,-1
102,2,700.44,250.47,218.52,671.30,0.8948,-1,-1,-1
102,3,-40.78,11.59,376.98,1061.70,0.9190,-1,-1,-1
102,5,1018.98,311.83,183.58,464.77,0.8308,-1,-1,-1
102,14,919.62,346.74,97.35,318.99,0.7923,-1,-1,-1
102,19,376.11,364.19,109.17,341.33,0.8319,-1,-1,-1
102,16,633.52,413.45,60.53,165.69,0.5224,-1,-1,-1
103,2,711.21,250.56,217.85,667.82,0.8881,-1,-1,-1
103,3,-45.25,6.58,368.99,1065.69,0.9092,-1,-1,-1
103,5,1026.54,314.14,185.68,465.76,0.8433,-1,-1,-1
103,14,927.56,342.36,98.37,321.77,0.7443,-1,-1,-1
103,19,382.90,365.15,108.96,338.99,0.8037,-1,-1,-1
103,16,639.14,409.85,60.79,166.31,0.5544,-1,-1,-1
104,2,721.54,247.71,218.42,668.37,0.8919,-1,-1,-1
104,3,-47.87,7.91,355.87,1056.19,0.8316,-1,-1,-1
104,5,1041.41,309.77,188.39,468.93,0.8582,-1,-1,-1
104,14,939.08,339.18,99.39,322.44,0.7345,-1,-1,-1
104,19,392.21,368.35,108.60,336.23,0.8112,-1,-1,-1
104,16,649.94,407.52,60.99,168.36,0.6639,-1,-1,-1
105,2,734.24,245.74,217.68,665.09,0.8861,-1,-1,-1
105,3,-30.75,165.16,299.80,902.09,0.7801,-1,-1,-1
105,5,1052.97,308.76,189.77,469.59,0.8547,-1,-1,-1
105,14,949.30,334.77,101.00,326.93,0.7371,-1,-1,-1
105,19,400.37,366.12,109.38,338.00,0.8087,-1,-1,-1
105,16,658.85,408.06,60.51,166.99,0.3739,-1,-1,-1
106,2,744.35,243.09,214.23,654.31,0.8781,-1,-1,-1
106,3,-37.22,225.37,233.74,730.45,0.6228,-1,-1,-1
106,5,1066.10,304.72,193.33,475.53,0.8421,-1,-1,-1
106,14,956.92,332.62,101.83,328.93,0.7895,-1,-1,-1
106,19,408.25,365.08,109.36,337.10,0.8015,-1,-1,-1
106,16,665.83,405.83,60.93,167.58,0.6820,-1,-1,-1
107,2,753.70,237.91,211.95,647.11,0.8783,-1,-1,-1
107,3,-60.69,245.05,232.49,770.09,0.7251,-1,-1,-1
107,5,1072.74,303.21,193.46,475.24,0.8424,-1,-1,-1
107,14,963.92,330.68,102.04,327.74,0.7449,-1,-1,-1
107,19,413.32,362.27,110.19,338.85,0.7888,-1,-1,-1
107,16,670.36,404.24,62.00,169.01,0.6755,-1,-1,-1
108,2,759.49,234.23,211.09,645.11,0.8828,-1,-1,-1
108,5,1074.66,301.61,190.86,473.09,0.8386,-1,-1,-1
108,14,968.73,328.50,102.82,329.04,0.7282,-1,-1,-1
108,19,415.95,360.57,111.92,344.03,0.7966,-1,-1,-1
108,16,673.99,403.29,62.88,169.95,0.7286,-1,-1,-1
109,2,766.01,232.29,210.09,644.88,0.8753,-1,-1,-1
109,5,1077.71,298.39,188.05,470.47,0.8704,-1,-1,-1
109,14,970.36,326.93,101.62,327.03,0.5493,-1,-1,-1
109,19,415.79,358.30,113.74,349.00,0.8082,-1,-1,-1
109,16,677.49,401.13,63.24,170.73,0.6812,-1,-1,-1
110,2,769.05,230.56,209.84,646.47,0.8753,-1,-1,-1
110,5,1082.58,295.24,185.26,466.95,0.8721,-1,-1,-1
110,14,976.01,324.33,101.91,327.40,0.6669,-1,-1,-1
110,19,413.60,354.47,116.05,355.57,0.7983,-1,-1,-1
110,16,680.61,398.22,63.75,171.10,0.6261,-1,-1,-1
111,2,771.58,229.46,209.50,649.21,0.8721,-1,-1,-1
111,5,1086.91,292.07,182.53,463.42,0.8667,-1,-1,-1
111,14,977.69,323.65,101.80,325.60,0.6149,-1,-1,-1
111,19,412.66,352.65,116.61,355.91,0.8059,-1,-1,-1
111,16,682.99,395.16,64.60,173.20,0.6588,-1,-1,-1
112,2,772.94,228.87,208.45,649.57,0.8674,-1,-1,-1
112,5,1092.47,289.11,180.48,461.05,0.8549,-1,-1,-1
112,14,978.72,323.28,102.77,326.23,0.6338,-1,-1,-1
112,19,412.79,349.58,117.59,359.11,0.7482,-1,-1,-1
112,16,685.79,394.62,65.20,174.20,0.6441,-1,-1,-1
113,2,774.43,228.43,207.32,650.23,0.8648,-1,-1,-1
113,5,1097.25,286.41,179.67,462.78,0.8511,-1,-1,-1
113,14,982.31,322.91,103.19,325.79,0.6026,-1,-1,-1
113,19,411.57,347.75,118.72,362.86,0.7392,-1,-1,-1
113,16,687.30,391.33,66.98,178.81,0.7009,-1,-1,-1
114,2,778.26,229.90,205.99,651.20,0.8545,-1,-1,-1
114,5,1101.81,284.80,179.11,465.88,0.8578,-1,-1,-1
114,14,987.07,321.15,102.06,321.90,0.5927,-1,-1,-1
114,19,411.50,345.16,119.45,365.91,0.7352,-1,-1,-1
114,16,690.63,392.42,66.31,176.71,0.6295,-1,-1,-1
115,2,784.01,231.51,204.69,651.51,0.8444,-1,-1,-1
115,5,1105.62,285.28,177.73,466.15,0.8679,-1,-1,-1
115,14,994.02,320.53,102.00,322.63,0.7349,-1,-1,-1
115,19,411.08,343.77,120.30,368.38,0.7379,-1,-1,-1
115,16,693.87,390.82,66.94,178.83,0.5955,-1,-1,-1
116,2,787.07,232.46,203.67,652.04,0.8509,-1,-1,-1
116,5,1109.10,285.33,176.11,464.86,0.8630,-1,-1,-1
116,14,996.83,321.72,102.11,320.53,0.7067,-1,-1,-1
116,19,408.06,342.33,121.57,370.36,0.7733,-1,-1,-1
116,16,694.92,391.88,67.35,179.40,0.5573,-1,-1,-1
117,2,786.82,233.15,202.43,652.30,0.8521,-1,-1,-1
117,5,1112.08,284.51,175.67,466.72,0.8591,-1,-1,-1
117,14,997.29,320.92,102.79,321.06,0.6699,-1,-1,-1
117,19,405.94,342.58,122.28,370.06,0.7213,-1,-1,-1
117,16,694.21,389.71,68.22,179.70,0.6245,-1,-1,-1
118,2,782.52,234.65,200.64,649.96,0.8566,-1,-1,-1
118,5,1114.47,284.87,175.73,469.64,0.8564,-1,-1,-1
118,14,992.92,321.71,104.57,321.58,0.7296,-1,-1,-1
118,19,400.99,339.40,124.55,374.66,0.7031,-1,-1,-1
118,16,692.90,390.96,68.89,179.62,0.6155,-1,-1,-1
119,2,779.45,234.65,199.48,649.64,0.8667,-1,-1,-1
119,5,1117.00,286.35,175.31,472.33,0.8511,-1,-1,-1
119,14,989.51,323.27,106.59,322.05,0.7557,-1,-1,-1
119,19,395.98,337.98,126.02,376.95,0.8252,-1,-1,-1
119,16,693.34,392.06,69.22,179.45,0.5529,-1,-1,-1
120,2,775.60,232.94,198.91,649.32,0.8782,-1,-1,-1
120,5,1117.64,287.32,174.63,474.07,0.8532,-1,-1,-1
120,14,984.81,324.10,108.81,323.08,0.7074,-1,-1,-1
120,19,390.50,334.41,128.37,382.82,0.8358,-1,-1,-1
120,16,691.43,391.92,69.83,179.02,0.5289,-1,-1,-1
121,2,771.32,229.33,197.80,645.77,0.8741,-1,-1,-1
121,5,1116.68,289.17,174.03,475.46,0.8470,-1,-1,-1
121,14,980.86,325.32,110.69,322.49,0.6075,-1,-1,-1
121,19,384.49,333.23,129.94,386.15,0.8384,-1,-1,-1
121,16,689.25,393.25,71.91,182.02,0.4325,-1,-1,-1
122,2,764.99,227.91,195.61,637.89,0.8656,-1,-1,-1
122,5,1114.70,290.47,173.54,477.08,0.8405,-1,-1,-1
122,14,978.91,325.25,112.65,322.63,0.6372,-1,-1,-1
122,19,375.58,332.65,132.87,393.06,0.8261,-1,-1,-1
123,2,756.23,226.40,195.79,635.92,0.8671,-1,-1,-1
123,5,1112.09,290.48,172.74,478.14,0.8582,-1,-1,-1
123,14,971.80,325.83,115.43,323.73,0.6224,-1,-1,-1
123,19,367.11,331.70,135.52,400.67,0.8542,-1,-1,-1
124,2,747.61,226.53,196.98,636.54,0.8720,-1,-1,-1
124,5,1107.43,289.45,172.92,482.85,0.8491,-1,-1,-1
124,14,963.38,326.93,116.43,324.91,0.6116,-1,-1,-1
124,19,359.10,331.73,137.16,404.64,0.8591,-1,-1,-1
125,2,739.43,227.33,199.03,639.61,0.8767,-1,-1,-1
125,5,1104.15,289.38,171.35,481.42,0.8453,-1,-1,-1
125,14,957.50,325.05,118.68,329.34,0.6953,-1,-1,-1
125,19,350.87,336.26,137.53,404.35,0.8451,-1,-1,-1
126,2,726.87,228.15,202.68,643.94,0.8684,-1,-1,-1
126,5,1099.58,289.89,169.40,478.14,0.8445,-1,-1,-1
126,14,955.48,321.92,120.47,332.78,0.5801,-1,-1,-1
126,19,339.22,336.34,139.21,407.87,0.8397,-1,-1,-1
127,2,719.71,230.33,205.34,645.99,0.8698,-1,-1,-1
127,5,1094.44,290.47,169.93,480.77,0.8566,-1,-1,-1
127,14,951.08,320.63,123.16,335.81,0.7700,-1,-1,-1
127,19,330.48,340.73,139.92,409.11,0.8475,-1,-1,-1
128,2,714.92,230.98,208.32,649.93,0.8799,-1,-1,-1
128,5,1089.74,289.37,170.44,482.17,0.8706,-1,-1,-1
128,14,944.40,322.38,125.07,335.20,0.6102,-1,-1,-1
128,19,321.92,341.00,141.26,411.86,0.8530,-1,-1,-1
129,2,713.86,234.19,209.05,648.84,0.8803,-1,-1,-1
129,5,1086.05,287.29,171.28,483.22,0.8741,-1,-1,-1
129,14,932.77,321.85,123.41,335.34,0.6498,-1,-1,-1
129,19,315.03,338.24,144.47,420.78,0.8338,-1,-1,-1
130,2,712.25,236.16,210.32,649.11,0.8819,-1,-1,-1
130,5,1083.61,286.80,171.62,483.18,0.8673,-1,-1,-1
130,14,927.75,320.66,121.66,335.26,0.7349,-1,-1,-1
130,19,310.36,334.69,147.53,429.66,0.8405,-1,-1,-1
130,23,658.62,389.17,65.35,192.89,0.5535,-1,-1,-1
131,2,712.17,238.13,211.57,649.35,0.8799,-1,-1,-1
131,5,1082.32,284.74,172.06,482.97,0.8665,-1,-1,-1
131,14,923.92,319.28,120.25,333.94,0.7373,-1,-1,-1
131,19,306.65,332.15,149.06,435.25,0.8388,-1,-1,-1
131,23,656.91,389.41,65.41,193.15,0.5875,-1,-1,-1
132,2,712.58,238.67,212.53,649.58,0.8754,-1,-1,-1
132,5,1081.42,283.03,172.10,482.17,0.8634,-1,-1,-1
132,14,921.09,317.83,119.43,333.94,0.7335,-1,-1,-1
132,19,304.80,332.14,149.00,437.13,0.8290,-1,-1,-1
132,23,656.21,389.00,65.86,194.63,0.5692,-1,-1,-1
132,24,1012.27,367.25,71.20,226.59,0.5586,-1,-1,-1
133,2,715.16,239.06,212.83,647.86,0.8755,-1,-1,-1
133,5,1079.86,282.32,172.83,482.18,0.8685,-1,-1,-1
133,14,919.70,316.50,118.88,335.81,0.7468,-1,-1,-1
133,19,297.61,330.33,150.99,441.32,0.8195,-1,-1,-1
133,23,655.75,389.33,65.89,195.08,0.4432,-1,-1,-1
133,24,1013.23,367.87,70.86,225.40,0.5763,-1,-1,-1
134,2,715.57,238.78,213.48,649.14,0.8765,-1,-1,-1
134,5,1078.65,283.29,174.74,484.94,0.8678,-1,-1,-1
134,14,919.31,317.59,117.66,337.37,0.7328,-1,-1,-1
134,19,290.21,326.15,154.66,451.93,0.8404,-1,-1,-1
134,23,656.61,391.45,65.98,194.95,0.5317,-1,-1,-1
134,24,1013.23,367.74,70.39,223.58,0.6110,-1,-1,-1
135,2,716.76,239.68,213.34,648.51,0.8799,-1,-1,-1
135,5,1076.98,284.32,176.59,487.91,0.8648,-1,-1,-1
135,14,917.73,317.73,116.84,340.54,0.7097,-1,-1,-1
135,19,286.10,328.44,155.29,454.15,0.8316,-1,-1,-1
135,23,655.09,393.22,66.50,195.44,0.5442,-1,-1,-1
135,24,1013.82,369.75,69.47,219.78,0.6537,-1,-1,-1
136,2,720.43,240.17,211.78,643.94,0.8737,-1,-1,-1
136,5,1076.13,286.59,178.26,489.71,0.8665,-1,-1,-1
136,14,917.61,319.46,115.08,340.02,0.7318,-1,-1,-1
136,19,281.71,327.43,157.12,459.26,0.8387,-1,-1,-1
136,23,652.08,394.70,67.75,196.64,0.6849,-1,-1,-1
136,24,1013.24,365.76,72.17,227.75,0.7067,-1,-1,-1
137,2,724.33,240.65,208.08,630.78,0.8833,-1,-1,-1
137,5,1076.04,289.51,180.41,491.85,0.8635,-1,-1,-1
137,14,918.33,319.41,113.78,341.37,0.7313,-1,-1,-1
137,19,280.22,324.60,158.62,465.10,0.8409,-1,-1,-1
137,23,652.06,395.25,69.50,200.33,0.6352,-1,-1,-1
137,24,1015.65,368.58,71.92,226.04,0.7447,-1,-1,-1
138,2,726.57,241.98,207.21,624.47,0.8864,-1,-1,-1
138,5,1080.45,293.32,181.45,491.48,0.8618,-1,-1,-1
138,14,919.25,320.66,112.42,342.16,0.7456,-1,-1,-1
138,19,277.34,323.15,159.85,469.37,0.8038,-1,-1,-1
138,23,652.07,396.86,69.77,200.76,0.5942,-1,-1,-1
138,24,1018.47,368.36,72.83,228.43,0.7447,-1,-1,-1
139,2,730.34,242.46,207.08,622.39,0.8851,-1,-1,-1
139,5,1085.01,295.11,182.58,491.45,0.8479,-1,-1,-1
139,14,921.37,320.83,111.37,343.53,0.7266,-1,-1,-1
139,19,271.47,320.79,161.97,474.91,0.8146,-1,-1,-1
139,23,651.68,396.25,70.83,203.84,0.5823,-1,-1,-1
139,24,1021.34,365.57,73.48,230.07,0.7169,-1,-1,-1
140,2,736.87,241.90,207.46,626.14,0.8780,-1,-1,-1
140,5,1090.10,296.51,182.78,490.21,0.8453,-1,-1,-1
140,14,926.28,320.30,110.03,345.13,0.7149,-1,-1,-1
140,19,268.03,318.89,165.18,484.27,0.8302,-1,-1,-1
140,23,650.93,396.97,71.61,205.00,0.6319,-1,-1,-1
140,24,1024.10,367.79,73.07,227.87,0.7775,-1,-1,-1
141,2,741.57,244.83,207.10,628.99,0.8735,-1,-1,-1
141,5,1093.71,296.28,184.78,494.69,0.8582,-1,-1,-1
141,14,927.93,321.64,108.74,344.74,0.7389,-1,-1,-1
141,19,267.61,319.12,168.29,494.94,0.8246,-1,-1,-1
141,23,650.46,396.00,72.81,206.66,0.7632,-1,-1,-1
141,24,1026.96,367.16,73.67,228.10,0.6852,-1,-1,-1
142,2,746.62,249.86,205.54,628.51,0.8694,-1,-1,-1
142,5,1098.79,296.74,186.14,498.46,0.8516,-1,-1,-1
142,14,929.67,324.36,106.96,342.09,0.7639,-1,-1,-1
142,19,267.79,321.40,169.93,500.56,0.8492,-1,-1,-1
142,23,653.25,399.07,73.14,203.97,0.6909,-1,-1,-1
142,24,1031.19,370.84,73.68,226.71,0.7247,-1,-1,-1
143,2,755.76,252.93,204.66,632.09,0.8787,-1,-1,-1
143,5,1105.06,296.98,187.27,501.75,0.8675,-1,-1,-1
143,14,939.21,325.42,104.76,341.32,0.7232,-1,-1,-1
143,19,267.58,324.35,171.11,503.83,0.8474,-1,-1,-1
143,23,657.27,400.22,74.17,204.47,0.6631,-1,-1,-1
143,24,1036.41,372.01,73.45,226.17,0.7463,-1,-1,-1
144,2,761.92,255.50,203.17,632.98,0.8729,-1,-1,-1
144,5,1110.53,297.05,187.25,501.77,0.8615,-1,-1,-1
144,14,947.24,329.66,101.12,335.40,0.8004,-1,-1,-1
144,19,266.54,324.94,173.54,510.51,0.8580,-1,-1,-1
144,23,661.20,398.32,75.13,207.11,0.7032,-1,-1,-1
144,24,1041.13,372.54,74.10,227.03,0.7546,-1,-1,-1
145,2,768.98,257.94,201.75,634.09,0.8604,-1,-1,-1
145,5,1118.81,296.95,187.12,501.37,0.8608,-1,-1,-1
145,14,952.07,329.53,99.92,337.19,0.7497,-1,-1,-1
145,19,265.53,324.67,175.21,514.20,0.8532,-1,-1,-1
145,23,664.67,397.27,76.40,209.67,0.7018,-1,-1,-1
145,24,1044.54,375.08,73.68,224.01,0.7400,-1,-1,-1
146,2,773.90,261.65,200.98,635.66,0.8638,-1,-1,-1
146,5,1126.62,300.09,184.91,495.51,0.8740,-1,-1,-1
146,14,960.06,331.50,98.68,337.30,0.6867,-1,-1,-1
146,19,266.09,324.52,178.08,522.86,0.8772,-1,-1,-1
146,23,669.58,397.70,76.94,210.22,0.6982,-1,-1,-1
146,24,1049.83,377.61,73.08,220.62,0.6476,-1,-1,-1
147,2,776.94,264.80,200.32,636.94,0.8650,-1,-1,-1
147,5,1134.08,299.13,184.14,492.26,0.8670,-1,-1,-1
147,14,961.38,331.31,98.71,339.91,0.7115,-1,-1,-1
147,19,263.39,325.44,180.31,528.71,0.8601,-1,-1,-1
147,23,670.80,396.70,78.67,214.65,0.7260,-1,-1,-1
147,24,1053.08,380.96,73.66,220.43,0.6330,-1,-1,-1
148,2,782.45,266.07,198.62,636.05,0.8554,-1,-1,-1
148,5,1139.27,298.19,183.67,491.45,0.8671,-1,-1,-1
148,14,964.86,331.45,98.23,340.80,0.7303,-1,-1,-1
148,19,259.28,325.57,184.09,539.39,0.8684,-1,-1,-1
148,23,671.87,395.69,79.42,217.87,0.7258,-1,-1,-1
148,24,1055.02,378.44,75.47,225.57,0.6768,-1,-1,-1
149,2,786.69,266.77,197.59,637.46,0.8616,-1,-1,-1
149,5,1145.50,298.55,182.41,489.05,0.8619,-1,-1,-1
149,14,968.17,335.07,96.68,338.91,0.7344,-1,-1,-1
149,19,251.87,323.77,186.71,548.54,0.8649,-1,-1,-1
149,23,673.89,399.56,79.17,217.90,0.6009,-1,-1,-1
149,24,1056.78,378.70,76.39,228.13,0.6365,-1,-1,-1
150,2,788.58,267.21,196.41,637.42,0.8498,-1,-1,-1
150,5,1149.56,299.68,182.32,489.94,0.8644,-1,-1,-1
150,14,971.78,338.71,96.00,338.97,0.7367,-1,-1,-1
150,19,244.28,319.94,188.83,557.84,0.8501,-1,-1,-1
150,23,674.50,404.13,78.87,216.76,0.6131,-1,-1,-1
150,24,1056.57,372.45,78.64,235.92,0.6722,-1,-1,-1
