2,1,118.11,154.66,82.43,174.85,0.8474,-1,-1,-1
2,2,17.98,145.04,73.98,194.97,0.8564,-1,-1,-1
3,1,125.57,153.66,64.44,177.49,0.7125,-1,-1,-1
3,2,22.43,136.49,73.92,204.74,0.8289,-1,-1,-1
4,1,129.59,154.35,81.50,179.29,0.8467,-1,-1,-1
4,2,27.54,143.88,72.58,199.48,0.8197,-1,-1,-1
4,3,252.60,192.69,25.32,68.17,0.4797,-1,-1,-1
5,1,135.58,157.35,85.27,180.09,0.8143,-1,-1,-1
5,2,35.24,139.82,73.35,208.23,0.8697,-1,-1,-1
5,3,263.88,199.50,23.10,64.25,0.5432,-1,-1,-1
6,1,141.06,154.83,86.81,184.50,0.8338,-1,-1,-1
6,2,33.93,141.08,79.80,208.95,0.8531,-1,-1,-1
6,3,269.07,197.91,25.28,66.68,0.5848,-1,-1,-1
6,4,222.31,197.48,24.77,67.61,0.6154,-1,-1,-1
6,5,251.04,197.60,22.05,66.36,0.4303,-1,-1,-1
7,1,144.29,152.05,87.81,187.59,0.8595,-1,-1,-1
7,2,38.99,140.40,76.31,209.52,0.8357,-1,-1,-1
7,3,274.39,199.22,26.35,63.08,0.6744,-1,-1,-1
7,4,226.06,198.39,25.30,65.96,0.6563,-1,-1,-1
7,5,257.21,196.01,21.51,62.16,0.6028,-1,-1,-1
8,1,152.23,152.72,88.69,190.75,0.8705,-1,-1,-1
8,2,42.39,140.24,78.54,213.52,0.8246,-1,-1,-1
8,3,280.80,200.90,26.56,65.11,0.5862,-1,-1,-1
8,4,234.80,200.26,24.39,65.49,0.6827,-1,-1,-1
8,5,265.04,198.34,20.25,64.33,0.5556,-1,-1,-1
9,1,156.62,151.64,87.55,193.25,0.8672,-1,-1,-1
9,2,47.21,140.26,77.93,213.31,0.8304,-1,-1,-1
9,3,288.27,199.50,25.27,66.07,0.7195,-1,-1,-1
9,4,240.69,203.60,25.11,62.85,0.5636,-1,-1,-1
9,5,269.86,198.98,22.58,66.48,0.6477,-1,-1,-1
10,1,164.68,147.71,87.98,198.27,0.8699,-1,-1,-1
10,2,48.38,134.89,86.22,221.20,0.8570,-1,-1,-1
10,3,296.05,201.46,25.59,64.84,0.6351,-1,-1,-1
10,4,250.68,197.02,25.30,68.37,0.6476,-1,-1,-1
10,5,278.72,196.64,21.73,67.10,0.4569,-1,-1,-1
11,1,170.95,147.21,88.75,201.14,0.8611,-1,-1,-1
11,2,54.66,135.48,85.28,221.85,0.8677,-1,-1,-1
11,3,306.26,201.07,21.48,64.59,0.6469,-1,-1,-1
11,4,255.42,200.84,22.07,64.88,0.4890,-1,-1,-1
11,5,285.01,197.99,23.28,67.43,0.6966,-1,-1,-1
11,12,142.29,195.47,29.57,69.93,0.5637,-1,-1,-1
12,1,181.94,147.83,92.41,205.46,0.8704,-1,-1,-1
12,2,64.81,130.29,83.56,233.71,0.8809,-1,-1,-1
12,3,316.21,205.59,22.61,62.89,0.5016,-1,-1,-1
12,4,269.39,199.74,24.62,68.31,0.6251,-1,-1,-1
12,12,153.61,198.33,30.00,68.90,0.5749,-1,-1,-1
13,1,183.02,147.34,97.41,209.37,0.8587,-1,-1,-1
13,2,67.33,142.74,86.08,222.58,0.8563,-1,-1,-1
13,3,321.37,195.12,24.70,71.89,0.4617,-1,-1,-1
13,4,275.66,200.21,23.85,68.31,0.5106,-1,-1,-1
13,5,304.03,203.78,20.80,63.19,0.4761,-1,-1,-1
13,12,159.05,196.61,30.38,70.91,0.5691,-1,-1,-1
14,1,198.48,145.07,93.47,212.06,0.8290,-1,-1,-1
14,2,83.11,127.87,80.99,239.15,0.8715,-1,-1,-1
14,3,334.61,204.56,21.93,64.38,0.3741,-1,-1,-1
14,4,286.90,203.91,23.71,63.24,0.5899,-1,-1,-1
14,5,316.79,201.59,21.96,65.00,0.5775,-1,-1,-1
14,12,170.76,195.91,29.60,71.32,0.5988,-1,-1,-1
15,1,209.84,145.30,95.30,216.18,0.8599,-1,-1,-1
15,2,85.43,138.70,86.53,232.19,0.8602,-1,-1,-1
15,3,346.36,205.31,26.76,64.41,0.6195,-1,-1,-1
15,4,297.42,202.55,22.37,66.49,0.5773,-1,-1,-1
15,5,326.07,200.42,23.19,67.31,0.5191,-1,-1,-1
15,12,182.49,197.93,28.56,70.76,0.6604,-1,-1,-1
15,14,2.87,144.91,42.00,166.13,0.5379,-1,-1,-1
16,1,211.56,144.49,100.17,216.02,0.8458,-1,-1,-1
16,2,78.31,123.58,96.91,246.55,0.8776,-1,-1,-1
16,3,352.60,199.68,27.28,67.30,0.5434,-1,-1,-1
16,4,300.83,198.24,24.12,66.78,0.6868,-1,-1,-1
16,5,330.88,195.18,24.21,70.70,0.5508,-1,-1,-1
16,12,185.56,193.37,30.22,71.69,0.6426,-1,-1,-1
16,14,2.50,142.52,47.05,156.33,0.4308,-1,-1,-1
17,1,213.35,139.82,108.23,223.23,0.7738,-1,-1,-1
17,2,84.98,124.07,92.81,247.68,0.8982,-1,-1,-1
17,3,353.86,187.35,25.17,76.50,0.4913,-1,-1,-1
17,4,306.44,195.97,24.01,69.53,0.5980,-1,-1,-1
17,5,334.80,195.29,23.28,69.96,0.4471,-1,-1,-1
17,12,189.14,192.88,28.61,71.71,0.6422,-1,-1,-1
17,14,-2.84,140.74,64.64,149.04,0.3768,-1,-1,-1
18,1,215.76,137.63,111.28,230.24,0.8572,-1,-1,-1
18,2,83.52,124.54,97.06,252.57,0.9013,-1,-1,-1
18,4,312.04,195.13,21.91,71.16,0.7058,-1,-1,-1
18,12,193.68,194.84,27.55,70.09,0.5464,-1,-1,-1
18,14,4.26,140.88,47.87,156.05,0.4964,-1,-1,-1
19,1,217.39,132.76,112.84,234.99,0.8666,-1,-1,-1
19,2,81.27,118.64,98.10,257.49,0.9064,-1,-1,-1
19,4,311.09,192.40,25.52,71.16,0.6221,-1,-1,-1
19,12,193.94,192.76,29.02,70.09,0.5145,-1,-1,-1
19,14,2.89,137.74,44.36,156.67,0.3060,-1,-1,-1
20,1,214.29,128.42,113.97,241.06,0.8877,-1,-1,-1
20,2,76.63,113.01,99.09,265.26,0.9029,-1,-1,-1
20,12,192.31,187.48,28.75,72.64,0.5803,-1,-1,-1
21,1,213.93,126.40,116.70,247.75,0.8791,-1,-1,-1
21,2,72.84,107.17,102.21,275.05,0.8988,-1,-1,-1
21,12,192.27,186.29,27.91,74.43,0.6602,-1,-1,-1
21,14,0.03,132.14,37.78,164.98,0.5208,-1,-1,-1
21,16,42.92,186.45,24.72,69.57,0.5713,-1,-1,-1
22,1,214.47,122.69,117.92,253.70,0.8829,-1,-1,-1
22,2,68.31,103.46,105.81,280.98,0.8850,-1,-1,-1
22,12,194.22,185.62,27.15,73.76,0.3509,-1,-1,-1
22,14,0.84,131.14,36.57,211.94,0.3507,-1,-1,-1
22,16,41.92,183.14,28.45,70.92,0.4103,-1,-1,-1
23,1,215.15,123.46,118.34,261.24,0.8812,-1,-1,-1
23,2,68.15,104.67,106.86,289.96,0.8965,-1,-1,-1
23,12,198.39,190.52,25.89,73.31,0.5789,-1,-1,-1
23,14,1.10,134.10,38.77,226.51,0.3568,-1,-1,-1
23,16,49.83,191.06,22.60,67.81,0.3665,-1,-1,-1
24,1,221.31,121.41,114.79,265.53,0.7988,-1,-1,-1
24,2,65.12,104.23,111.96,294.79,0.8602,-1,-1,-1
24,14,-0.45,132.39,42.54,178.02,0.4349,-1,-1,-1
25,1,231.77,120.74,109.28,275.94,0.8810,-1,-1,-1
25,2,61.35,103.06,116.32,304.18,0.8911,-1,-1,-1
25,14,1.63,133.77,38.81,172.61,0.3614,-1,-1,-1
26,1,230.72,116.29,110.17,281.81,0.8712,-1,-1,-1
26,2,57.59,100.39,118.98,309.61,0.8826,-1,-1,-1
26,14,0.60,132.59,37.63,172.40,0.3655,-1,-1,-1
27,1,236.78,112.99,110.48,288.68,0.8809,-1,-1,-1
27,2,55.24,95.63,121.65,315.97,0.8972,-1,-1,-1
27,14,-0.26,130.23,38.47,170.64,0.4621,-1,-1,-1
28,1,240.81,111.13,110.17,294.87,0.8851,-1,-1,-1
28,2,54.31,94.27,123.39,323.27,0.9022,-1,-1,-1
28,14,0.25,129.90,39.25,170.60,0.3368,-1,-1,-1
29,1,232.71,105.09,124.43,303.28,0.8659,-1,-1,-1
29,2,51.46,85.94,127.90,338.91,0.8817,-1,-1,-1
30,1,234.39,103.21,124.33,310.29,0.8839,-1,-1,-1
30,2,47.80,83.85,132.22,345.74,0.8888,-1,-1,-1
30,14,0.78,125.30,36.68,178.80,0.3046,-1,-1,-1
31,1,246.11,98.33,119.41,321.43,0.8790,-1,-1,-1
31,2,42.34,80.19,140.05,353.66,0.8946,-1,-1,-1
31,20,392.95,176.03,20.77,34.75,0.3312,-1,-1,-1
32,1,254.42,96.55,120.02,332.43,0.8769,-1,-1,-1
32,2,44.88,77.69,139.65,364.63,0.8790,-1,-1,-1
32,3,408.26,190.80,25.92,75.50,0.6674,-1,-1,-1
32,21,147.43,80.07,47.44,176.83,0.5285,-1,-1,-1
33,1,259.25,89.75,127.60,339.09,0.8614,-1,-1,-1
33,2,53.76,70.31,137.08,374.50,0.8887,-1,-1,-1
33,3,418.41,188.91,26.62,75.18,0.6739,-1,-1,-1
33,4,360.95,186.77,26.99,75.25,0.6280,-1,-1,-1
33,21,153.78,76.82,46.43,182.33,0.3756,-1,-1,-1
34,1,270.21,88.94,130.56,352.02,0.8579,-1,-1,-1
34,2,60.16,70.62,140.44,381.33,0.8851,-1,-1,-1
34,3,425.98,187.65,26.99,78.82,0.6605,-1,-1,-1
34,4,368.34,187.06,29.74,76.84,0.6828,-1,-1,-1
34,5,402.22,180.44,24.32,82.93,0.4951,-1,-1,-1
34,21,158.56,75.42,54.83,180.41,0.5096,-1,-1,-1
35,1,269.77,88.42,147.55,360.91,0.8551,-1,-1,-1
35,2,65.88,70.73,139.91,387.11,0.9042,-1,-1,-1
35,3,434.94,190.51,28.40,78.38,0.6581,-1,-1,-1
35,4,377.29,189.65,28.12,76.98,0.7054,-1,-1,-1
35,5,410.06,188.65,24.90,77.42,0.4801,-1,-1,-1
35,23,2.00,119.12,37.00,104.33,0.6117,-1,-1,-1
36,1,270.57,80.83,163.24,370.20,0.8937,-1,-1,-1
36,2,71.90,62.18,145.90,400.40,0.8947,-1,-1,-1
36,3,447.65,189.71,28.33,78.01,0.6636,-1,-1,-1
36,4,387.59,189.24,27.65,76.09,0.5824,-1,-1,-1
36,5,420.87,181.96,26.03,82.70,0.4843,-1,-1,-1
36,21,174.72,71.48,55.59,182.95,0.5570,-1,-1,-1
37,1,271.57,78.07,167.83,378.73,0.8908,-1,-1,-1
37,2,72.19,61.20,148.36,405.59,0.9014,-1,-1,-1
37,3,452.26,190.29,26.82,78.49,0.6192,-1,-1,-1
37,4,391.55,189.42,28.39,76.20,0.6547,-1,-1,-1
37,5,424.84,187.36,24.24,79.19,0.3203,-1,-1,-1
37,21,177.59,70.93,53.75,185.82,0.4362,-1,-1,-1
38,1,278.77,76.49,176.56,388.71,0.8878,-1,-1,-1
38,2,70.83,58.88,153.25,416.17,0.8759,-1,-1,-1
38,3,456.86,189.70,28.98,80.78,0.7279,-1,-1,-1
38,4,397.90,194.52,29.26,73.28,0.4970,-1,-1,-1
38,5,430.12,189.73,27.07,78.73,0.5459,-1,-1,-1
38,21,181.00,70.71,57.13,194.86,0.4525,-1,-1,-1
39,1,284.48,70.36,178.45,398.14,0.8902,-1,-1,-1
39,2,69.37,53.49,158.10,424.65,0.8789,-1,-1,-1
39,3,460.17,187.40,33.21,81.98,0.6727,-1,-1,-1
39,4,403.50,195.66,26.87,70.36,0.5582,-1,-1,-1
39,5,434.67,186.90,26.17,78.10,0.5778,-1,-1,-1
39,21,182.59,64.00,57.48,195.86,0.5569,-1,-1,-1
40,1,285.43,65.89,187.13,412.80,0.8876,-1,-1,-1
40,2,67.70,52.85,162.46,427.28,0.8847,-1,-1,-1
40,3,465.04,188.44,31.36,83.34,0.7032,-1,-1,-1
40,4,409.58,199.84,23.36,69.75,0.4654,-1,-1,-1
40,5,439.00,186.28,27.83,81.93,0.5362,-1,-1,-1
40,21,185.35,63.12,55.86,200.37,0.6957,-1,-1,-1
41,1,289.58,63.12,191.45,416.71,0.8832,-1,-1,-1
41,2,64.04,48.80,166.28,431.33,0.8903,-1,-1,-1
41,3,467.02,187.27,33.78,50.65,0.6164,-1,-1,-1
41,5,439.94,188.35,27.04,79.86,0.5486,-1,-1,-1
41,14,7.31,114.39,49.61,154.57,0.3844,-1,-1,-1
41,21,183.10,63.05,57.66,198.96,0.7385,-1,-1,-1
42,1,283.01,56.15,199.34,423.91,0.8999,-1,-1,-1
42,2,50.11,41.69,173.69,438.33,0.8915,-1,-1,-1
42,3,464.74,187.08,34.74,39.53,0.5377,-1,-1,-1
42,21,177.60,55.56,60.05,208.54,0.6336,-1,-1,-1
43,1,281.45,53.26,206.12,426.83,0.9045,-1,-1,-1
43,2,46.76,36.02,174.29,443.95,0.8963,-1,-1,-1
43,12,265.84,186.82,24.77,76.70,0.3259,-1,-1,-1
43,20,463.97,190.26,30.47,31.73,0.5272,-1,-1,-1
43,21,175.22,51.22,58.79,207.31,0.6478,-1,-1,-1
44,1,280.33,50.49,210.77,429.59,0.9040,-1,-1,-1
44,2,43.07,30.77,178.21,448.74,0.8976,-1,-1,-1
44,12,266.59,186.86,25.96,77.63,0.3625,-1,-1,-1
44,21,174.80,48.35,59.73,212.19,0.6433,-1,-1,-1
45,1,283.88,46.72,213.85,432.73,0.8964,-1,-1,-1
45,2,41.69,27.66,178.94,450.70,0.8951,-1,-1,-1
45,12,267.58,185.80,28.00,77.84,0.4529,-1,-1,-1
45,21,175.94,47.09,61.61,215.54,0.6476,-1,-1,-1
46,1,277.23,42.85,224.96,437.21,0.9094,-1,-1,-1
46,2,35.54,19.89,185.22,459.60,0.8836,-1,-1,-1
46,21,174.42,45.18,62.83,218.38,0.6942,-1,-1,-1
46,26,0.92,97.61,37.10,329.47,0.4195,-1,-1,-1
47,1,284.00,38.04,222.69,442.00,0.9064,-1,-1,-1
47,2,32.59,14.99,187.02,464.06,0.8725,-1,-1,-1
47,12,269.58,183.40,27.33,79.25,0.3716,-1,-1,-1
47,21,174.05,41.42,61.86,217.26,0.6582,-1,-1,-1
47,26,1.88,94.08,36.96,334.17,0.3063,-1,-1,-1
48,1,289.84,29.70,222.76,449.63,0.8999,-1,-1,-1
48,2,29.54,11.83,193.48,468.17,0.8636,-1,-1,-1
48,21,176.69,38.32,63.84,222.95,0.6428,-1,-1,-1
48,26,3.16,92.83,39.77,340.53,0.3433,-1,-1,-1
49,1,286.54,29.05,230.52,450.93,0.8895,-1,-1,-1
49,2,26.55,9.99,200.95,466.97,0.8603,-1,-1,-1
49,21,176.25,36.59,65.93,226.70,0.6405,-1,-1,-1
50,1,285.28,22.93,233.40,456.17,0.8995,-1,-1,-1
50,2,20.36,3.07,204.94,475.50,0.8585,-1,-1,-1
50,14,-0.09,90.29,29.73,117.66,0.5213,-1,-1,-1
50,21,174.06,34.15,66.88,236.52,0.6500,-1,-1,-1
51,1,285.16,19.71,239.02,459.64,0.9086,-1,-1,-1
51,2,22.15,1.58,201.09,474.86,0.8588,-1,-1,-1
51,14,-0.73,89.45,30.71,117.36,0.4481,-1,-1,-1
51,21,174.10,33.36,70.98,238.40,0.7362,-1,-1,-1
52,1,290.76,16.17,238.07,462.55,0.9019,-1,-1,-1
52,2,17.28,0.54,204.83,477.21,0.8464,-1,-1,-1
52,21,173.53,30.29,71.19,240.29,0.5960,-1,-1,-1
52,26,5.55,88.28,31.58,165.99,0.4830,-1,-1,-1
53,1,287.69,14.33,248.93,464.68,0.9044,-1,-1,-1
53,2,12.95,0.26,211.48,479.20,0.8605,-1,-1,-1
53,14,-3.35,87.21,36.45,157.25,0.3691,-1,-1,-1
53,21,173.44,28.42,70.49,240.09,0.6318,-1,-1,-1
54,1,290.26,12.61,249.78,467.40,0.9116,-1,-1,-1
54,2,13.25,1.13,210.88,476.03,0.8424,-1,-1,-1
54,14,-4.84,86.83,38.72,123.86,0.4177,-1,-1,-1
54,21,173.17,28.38,71.43,241.23,0.5766,-1,-1,-1
55,1,293.93,8.21,256.99,469.28,0.8858,-1,-1,-1
55,2,11.52,1.05,214.08,478.09,0.8571,-1,-1,-1
55,14,-1.67,87.37,35.68,186.30,0.4524,-1,-1,-1
55,21,175.15,26.09,71.62,243.91,0.5491,-1,-1,-1
56,1,290.21,5.92,262.40,472.32,0.8457,-1,-1,-1
56,2,11.80,0.33,215.65,478.23,0.8620,-1,-1,-1
56,14,-3.86,84.68,37.78,171.99,0.4636,-1,-1,-1
56,21,175.99,24.69,71.46,246.93,0.5890,-1,-1,-1
57,1,300.81,2.87,262.13,476.58,0.9115,-1,-1,-1
57,2,8.03,1.24,220.01,475.59,0.8578,-1,-1,-1
57,14,-2.57,83.53,36.38,167.38,0.5690,-1,-1,-1
57,21,176.65,20.99,72.69,285.37,0.6122,-1,-1,-1
58,1,302.05,2.61,264.46,477.39,0.8997,-1,-1,-1
58,2,8.05,1.23,219.57,475.94,0.8594,-1,-1,-1
58,14,-1.11,83.34,34.96,166.83,0.4866,-1,-1,-1
58,21,177.40,12.57,73.61,364.61,0.4966,-1,-1,-1
59,1,302.94,1.53,273.83,477.86,0.9035,-1,-1,-1
59,2,6.00,1.26,222.89,476.00,0.8447,-1,-1,-1
59,14,-0.32,83.87,32.68,165.36,0.4017,-1,-1,-1
59,21,176.93,21.36,76.36,336.17,0.7051,-1,-1,-1
60,1,303.38,0.08,280.96,477.35,0.9006,-1,-1,-1
60,2,4.75,0.52,224.83,476.92,0.8185,-1,-1,-1
60,21,175.33,14.00,78.50,399.19,0.5711,-1,-1,-1
60,26,0.12,79.64,30.03,219.34,0.3765,-1,-1,-1
61,1,307.55,-0.07,284.32,479.10,0.8971,-1,-1,-1
61,2,2.04,1.34,225.88,475.36,0.8556,-1,-1,-1
61,21,175.03,17.39,79.05,404.13,0.6077,-1,-1,-1
61,26,-0.92,79.30,28.93,216.10,0.3827,-1,-1,-1
62,1,312.16,0.05,286.09,474.30,0.8307,-1,-1,-1
62,2,1.55,1.15,225.26,475.73,0.8611,-1,-1,-1
62,21,177.63,16.35,78.74,415.11,0.7277,-1,-1,-1
62,26,-2.90,77.64,31.15,225.63,0.4517,-1,-1,-1
63,1,313.14,0.02,286.18,479.83,0.8857,-1,-1,-1
63,2,0.44,1.41,225.61,475.78,0.7896,-1,-1,-1
63,21,176.83,15.54,80.75,419.79,0.7196,-1,-1,-1
63,26,-5.86,72.13,35.78,330.54,0.3731,-1,-1,-1
64,1,317.48,-0.03,286.53,480.03,0.8757,-1,-1,-1
64,2,0.67,2.17,227.98,476.18,0.8099,-1,-1,-1
64,14,-2.85,78.77,27.35,171.90,0.3066,-1,-1,-1
64,21,175.96,17.01,83.77,414.79,0.5741,-1,-1,-1
64,26,-4.54,71.50,33.94,371.95,0.3595,-1,-1,-1
65,1,317.04,-0.05,288.12,480.02,0.8766,-1,-1,-1
65,2,-1.03,1.72,236.08,474.68,0.7657,-1,-1,-1
65,21,176.38,21.81,85.53,360.03,0.5247,-1,-1,-1
65,26,-5.57,75.07,35.01,360.66,0.3505,-1,-1,-1
65,29,501.67,192.99,26.22,76.48,0.6443,-1,-1,-1
66,1,312.50,0.20,293.51,479.78,0.8839,-1,-1,-1
66,2,0.45,1.48,230.67,472.89,0.8418,-1,-1,-1
66,14,-2.33,78.49,22.85,134.01,0.3763,-1,-1,-1
66,21,176.86,16.37,86.25,332.74,0.6341,-1,-1,-1
66,26,-6.00,74.35,33.68,375.12,0.3673,-1,-1,-1
66,29,502.25,192.06,26.48,76.76,0.6824,-1,-1,-1
67,1,310.64,-0.00,300.08,479.82,0.8852,-1,-1,-1
67,2,1.11,1.12,226.16,476.70,0.8087,-1,-1,-1
67,21,180.14,9.45,82.84,410.76,0.7479,-1,-1,-1
67,26,-4.74,75.23,32.10,380.86,0.5338,-1,-1,-1
67,29,503.60,192.61,24.56,76.43,0.6490,-1,-1,-1
68,1,316.67,0.49,294.82,479.52,0.8942,-1,-1,-1
68,2,0.48,2.75,225.60,474.81,0.7487,-1,-1,-1
68,21,179.31,9.57,84.78,431.66,0.6779,-1,-1,-1
68,26,-4.87,78.15,33.07,349.17,0.3680,-1,-1,-1
68,29,505.92,192.81,23.10,76.83,0.6037,-1,-1,-1
69,1,317.90,0.64,292.42,479.36,0.8915,-1,-1,-1
69,2,-0.15,2.83,225.27,475.42,0.7380,-1,-1,-1
69,12,293.90,176.04,28.67,86.46,0.5637,-1,-1,-1
69,14,-1.71,77.64,22.34,129.68,0.3680,-1,-1,-1
69,20,576.60,198.04,22.59,50.91,0.3169,-1,-1,-1
69,21,178.90,10.25,85.77,435.41,0.6036,-1,-1,-1
69,26,-5.75,74.52,34.14,360.55,0.3943,-1,-1,-1
69,29,505.83,193.47,22.16,75.53,0.6365,-1,-1,-1
70,1,317.60,0.54,292.55,479.48,0.8924,-1,-1,-1
70,2,0.06,1.34,223.12,478.51,0.8235,-1,-1,-1
70,4,577.29,194.19,23.98,53.04,0.3070,-1,-1,-1
70,12,295.43,176.82,26.74,85.35,0.5253,-1,-1,-1
70,14,-1.46,77.52,22.56,128.23,0.3834,-1,-1,-1
70,21,183.01,9.77,83.77,424.51,0.8348,-1,-1,-1
70,26,-5.81,74.94,34.61,358.74,0.4031,-1,-1,-1
70,29,506.32,193.10,22.86,75.93,0.6172,-1,-1,-1
71,1,317.53,0.02,291.07,480.01,0.8761,-1,-1,-1
71,2,0.02,1.37,222.45,478.65,0.8286,-1,-1,-1
71,12,292.89,176.65,28.64,84.73,0.5884,-1,-1,-1
71,14,-1.22,78.00,22.55,126.05,0.4387,-1,-1,-1
71,21,183.87,8.57,84.62,425.32,0.8365,-1,-1,-1
71,26,-5.17,73.98,33.89,367.86,0.3847,-1,-1,-1
71,29,506.51,193.24,22.55,74.84,0.5617,-1,-1,-1
72,1,315.74,0.49,294.34,479.54,0.8827,-1,-1,-1
72,2,-0.02,1.30,223.07,478.75,0.8600,-1,-1,-1
72,12,290.39,176.76,31.78,85.13,0.6204,-1,-1,-1
72,14,-0.92,78.26,22.76,126.27,0.4064,-1,-1,-1
72,20,586.41,196.44,22.68,50.77,0.5855,-1,-1,-1
72,21,184.59,8.12,85.08,426.02,0.8375,-1,-1,-1
72,26,-3.86,75.33,33.23,369.92,0.4914,-1,-1,-1
72,29,506.71,192.87,22.63,76.16,0.5834,-1,-1,-1
73,1,313.21,0.42,297.57,479.59,0.8920,-1,-1,-1
73,2,-0.09,1.36,223.15,478.66,0.8543,-1,-1,-1
73,12,289.81,177.12,30.94,82.74,0.6042,-1,-1,-1
73,14,-0.91,78.10,22.43,127.76,0.4076,-1,-1,-1
73,20,586.26,196.23,23.18,51.99,0.5500,-1,-1,-1
73,21,184.81,10.72,87.65,423.01,0.8394,-1,-1,-1
73,26,-4.09,75.16,34.06,364.35,0.3447,-1,-1,-1
73,29,505.60,192.26,23.04,77.86,0.5062,-1,-1,-1
74,1,312.74,0.04,294.97,479.98,0.8500,-1,-1,-1
74,2,-0.08,1.37,223.38,477.62,0.8477,-1,-1,-1
74,12,290.18,177.04,30.33,82.30,0.5464,-1,-1,-1
74,14,-1.21,78.16,22.61,126.12,0.4138,-1,-1,-1
74,21,185.16,9.40,88.93,423.60,0.8486,-1,-1,-1
74,26,-4.03,74.56,34.06,356.23,0.3463,-1,-1,-1
74,29,505.13,193.18,22.71,75.96,0.5653,-1,-1,-1
75,1,306.83,0.53,295.07,479.45,0.8711,-1,-1,-1
75,2,0.79,0.89,222.12,478.28,0.8279,-1,-1,-1
75,12,290.13,177.34,31.25,82.02,0.6049,-1,-1,-1
75,14,-1.27,77.60,22.89,125.34,0.3664,-1,-1,-1
75,21,186.82,9.91,88.80,422.49,0.8458,-1,-1,-1
76,1,305.40,-0.01,297.45,478.60,0.8883,-1,-1,-1
76,2,0.97,0.86,221.89,478.11,0.8184,-1,-1,-1
76,12,290.36,176.90,30.26,81.47,0.6551,-1,-1,-1
76,14,-1.45,78.22,22.55,127.72,0.3271,-1,-1,-1
76,21,186.99,10.22,89.30,422.64,0.8553,-1,-1,-1
77,1,303.74,-0.02,295.24,477.41,0.8744,-1,-1,-1
77,2,1.20,0.93,222.33,476.75,0.8269,-1,-1,-1
77,12,289.87,176.72,32.22,81.35,0.6553,-1,-1,-1
77,14,-1.81,78.61,23.00,119.48,0.3556,-1,-1,-1
77,21,187.49,9.94,89.08,421.63,0.8452,-1,-1,-1
78,1,301.74,-0.00,297.52,476.73,0.8931,-1,-1,-1
78,2,0.93,1.14,223.16,478.76,0.8335,-1,-1,-1
78,12,289.39,177.27,30.96,80.98,0.4946,-1,-1,-1
78,14,-1.70,78.83,22.86,112.61,0.4589,-1,-1,-1
78,21,189.06,9.24,86.49,422.07,0.8443,-1,-1,-1
79,1,305.55,-0.08,287.86,479.95,0.8717,-1,-1,-1
79,2,1.14,0.76,222.88,478.17,0.8325,-1,-1,-1
79,12,288.65,177.80,33.35,80.55,0.4671,-1,-1,-1
79,14,-2.05,79.36,22.66,122.26,0.3723,-1,-1,-1
79,21,188.70,10.22,84.93,422.28,0.8373,-1,-1,-1
80,1,314.89,-0.01,272.26,480.00,0.8759,-1,-1,-1
80,2,0.67,1.28,224.23,478.68,0.8516,-1,-1,-1
80,14,-2.60,79.58,23.17,118.95,0.3803,-1,-1,-1
80,21,188.64,11.20,85.03,423.17,0.8294,-1,-1,-1
80,26,-4.32,76.30,32.31,352.52,0.3045,-1,-1,-1
81,1,312.85,-0.03,276.05,480.00,0.8798,-1,-1,-1
81,2,0.58,1.32,226.92,478.33,0.8432,-1,-1,-1
81,14,-2.46,79.52,23.77,118.77,0.3807,-1,-1,-1
81,21,188.99,11.51,84.15,418.19,0.7937,-1,-1,-1
81,26,-3.23,75.51,32.71,368.69,0.4099,-1,-1,-1
82,1,318.50,0.01,268.02,480.00,0.8624,-1,-1,-1
82,2,0.21,1.43,230.95,476.44,0.8403,-1,-1,-1
82,14,-2.03,79.61,23.10,115.31,0.4136,-1,-1,-1
82,21,189.00,12.27,83.99,418.80,0.7392,-1,-1,-1
82,26,-3.05,76.21,33.23,360.61,0.3528,-1,-1,-1
83,1,308.99,0.11,278.10,475.65,0.8782,-1,-1,-1
83,2,1.26,1.48,225.19,477.73,0.8173,-1,-1,-1
83,14,-1.50,79.28,22.61,118.95,0.4516,-1,-1,-1
83,21,187.75,13.40,83.99,423.39,0.8172,-1,-1,-1
83,26,-2.55,73.83,32.96,375.87,0.3457,-1,-1,-1
84,1,307.30,-0.05,274.97,479.46,0.9028,-1,-1,-1
84,2,0.21,1.59,224.69,476.30,0.7691,-1,-1,-1
84,14,-1.84,79.16,21.20,122.46,0.4579,-1,-1,-1
84,21,183.52,12.01,86.54,426.71,0.7983,-1,-1,-1
85,1,308.44,0.08,279.58,478.31,0.8923,-1,-1,-1
85,2,-1.12,1.71,231.38,474.84,0.7584,-1,-1,-1
85,14,-2.44,79.11,21.90,124.25,0.3620,-1,-1,-1
85,20,614.15,192.98,25.65,56.50,0.5777,-1,-1,-1
85,21,182.06,14.94,84.17,423.05,0.7471,-1,-1,-1
86,1,307.72,0.16,279.92,476.19,0.8679,-1,-1,-1
86,2,0.23,1.76,228.95,476.30,0.7405,-1,-1,-1
86,14,-3.02,79.86,22.31,125.71,0.3754,-1,-1,-1
86,20,615.90,193.47,23.92,56.67,0.4649,-1,-1,-1
86,21,178.10,17.26,84.86,422.50,0.7507,-1,-1,-1
86,26,-4.98,73.99,33.52,371.89,0.3084,-1,-1,-1
87,1,310.76,0.01,276.50,479.87,0.8880,-1,-1,-1
87,2,-1.04,1.78,232.77,475.15,0.7021,-1,-1,-1
87,14,-3.31,79.83,21.29,123.21,0.3263,-1,-1,-1
87,20,615.16,193.25,24.66,56.20,0.4894,-1,-1,-1
87,21,174.18,18.14,85.23,410.63,0.6689,-1,-1,-1
87,26,-4.45,74.83,32.78,367.49,0.4767,-1,-1,-1
87,29,503.71,193.11,23.71,75.82,0.6588,-1,-1,-1
88,1,306.68,0.92,280.98,479.09,0.8988,-1,-1,-1
88,2,0.79,1.86,226.37,475.88,0.8129,-1,-1,-1
88,14,-2.80,80.81,21.97,123.39,0.4351,-1,-1,-1
88,21,174.37,21.87,82.13,410.51,0.7451,-1,-1,-1
88,26,-3.65,73.55,33.14,379.55,0.3262,-1,-1,-1
88,29,505.39,193.20,23.20,77.14,0.5258,-1,-1,-1
89,1,312.21,0.48,275.46,479.52,0.8955,-1,-1,-1
89,2,0.40,1.73,226.26,476.74,0.8042,-1,-1,-1
89,14,-2.42,81.09,21.95,123.48,0.3758,-1,-1,-1
89,21,171.88,23.50,84.16,404.67,0.7138,-1,-1,-1
89,26,-2.87,76.87,32.58,352.23,0.3430,-1,-1,-1
89,29,506.11,192.69,21.89,77.10,0.5054,-1,-1,-1
90,1,308.48,0.67,279.41,479.33,0.8977,-1,-1,-1
90,2,0.46,1.52,223.33,477.49,0.7954,-1,-1,-1
90,21,168.80,23.72,87.71,402.65,0.7513,-1,-1,-1
90,26,-2.45,77.17,32.03,366.52,0.4337,-1,-1,-1
90,29,506.04,192.93,21.00,77.09,0.4277,-1,-1,-1
91,1,308.59,0.94,280.50,479.05,0.8943,-1,-1,-1
91,2,0.32,1.42,222.70,477.41,0.7909,-1,-1,-1
91,14,-2.38,83.60,21.86,129.65,0.4233,-1,-1,-1
91,21,167.48,23.80,90.26,402.73,0.7204,-1,-1,-1
91,26,-1.86,78.06,31.93,377.01,0.4672,-1,-1,-1
91,29,505.41,192.15,21.13,76.59,0.3014,-1,-1,-1
92,1,304.81,0.56,283.51,478.88,0.9045,-1,-1,-1
92,2,-1.59,1.64,233.79,475.81,0.7655,-1,-1,-1
92,21,166.58,24.53,93.92,400.09,0.6925,-1,-1,-1
92,26,-1.88,80.80,32.81,363.28,0.4237,-1,-1,-1
92,29,506.77,192.84,20.60,76.79,0.3287,-1,-1,-1
93,1,306.07,0.37,279.09,478.75,0.8917,-1,-1,-1
93,2,0.87,1.45,223.05,474.83,0.8433,-1,-1,-1
93,14,-1.91,84.68,21.66,126.53,0.3357,-1,-1,-1
93,21,166.95,23.31,104.51,409.83,0.7883,-1,-1,-1
93,26,-1.67,80.11,33.01,360.15,0.3017,-1,-1,-1
93,34,552.28,171.20,70.49,92.36,0.4666,-1,-1,-1
93,35,299.26,180.79,25.73,77.30,0.4503,-1,-1,-1
94,1,306.65,-0.01,278.04,479.94,0.9028,-1,-1,-1
94,2,0.26,1.48,223.66,475.08,0.8469,-1,-1,-1
94,21,168.11,23.62,105.61,410.07,0.7889,-1,-1,-1
94,26,-1.06,79.20,32.86,365.50,0.3167,-1,-1,-1
94,35,299.73,179.06,25.75,79.05,0.4521,-1,-1,-1
94,36,266.74,190.80,17.61,57.65,0.4865,-1,-1,-1
95,1,307.61,0.02,276.29,477.38,0.9010,-1,-1,-1
95,2,0.57,1.46,222.95,475.14,0.8603,-1,-1,-1
95,21,171.01,21.63,103.58,413.08,0.7886,-1,-1,-1
95,26,-0.50,78.56,33.77,371.01,0.4191,-1,-1,-1
95,35,301.35,178.78,23.77,81.11,0.5122,-1,-1,-1
95,36,266.44,193.26,15.90,55.40,0.5569,-1,-1,-1
96,1,307.10,-0.04,275.78,479.98,0.8999,-1,-1,-1
96,2,0.35,1.63,222.65,474.35,0.8357,-1,-1,-1
96,12,282.18,179.87,28.37,77.84,0.3064,-1,-1,-1
96,21,172.96,21.72,100.91,411.15,0.7914,-1,-1,-1
96,26,-0.96,82.40,34.43,364.89,0.4157,-1,-1,-1
96,35,301.81,177.69,22.51,81.03,0.5020,-1,-1,-1
96,36,265.52,191.97,16.70,56.72,0.5346,-1,-1,-1
97,1,307.53,0.10,276.18,476.90,0.9031,-1,-1,-1
97,2,0.47,1.50,222.44,472.14,0.8640,-1,-1,-1
97,12,282.84,179.87,25.07,78.29,0.3714,-1,-1,-1
97,21,176.09,20.51,97.12,412.46,0.8179,-1,-1,-1
97,26,-0.66,86.54,33.85,321.85,0.3742,-1,-1,-1
97,29,504.91,192.43,23.53,81.00,0.3291,-1,-1,-1
97,35,301.78,178.92,23.21,81.01,0.5721,-1,-1,-1
97,36,262.29,192.05,16.82,58.57,0.5794,-1,-1,-1
98,1,308.90,-0.01,275.16,478.12,0.9064,-1,-1,-1
98,2,0.66,1.21,222.62,473.00,0.8745,-1,-1,-1
98,21,182.71,20.05,91.02,412.58,0.8351,-1,-1,-1
98,26,0.55,82.39,32.81,344.86,0.5054,-1,-1,-1
98,29,506.54,192.28,21.66,77.24,0.5041,-1,-1,-1
98,35,302.11,178.00,22.83,82.81,0.5933,-1,-1,-1
99,1,309.24,0.01,274.89,478.11,0.9089,-1,-1,-1
99,2,0.64,1.02,222.48,474.63,0.8855,-1,-1,-1
99,12,279.66,179.68,26.21,79.27,0.3549,-1,-1,-1
99,21,185.52,20.87,90.31,411.25,0.8484,-1,-1,-1
99,26,-0.15,77.90,34.95,367.82,0.4600,-1,-1,-1
99,29,506.85,192.31,21.97,76.87,0.3765,-1,-1,-1
99,35,300.87,177.55,24.31,80.84,0.5364,-1,-1,-1
100,1,309.85,0.01,273.61,477.47,0.9027,-1,-1,-1
100,2,0.64,0.99,221.46,475.51,0.8820,-1,-1,-1
100,12,279.36,178.33,26.34,80.38,0.5712,-1,-1,-1
100,21,187.66,18.16,89.81,413.73,0.8407,-1,-1,-1
100,26,-0.09,82.23,34.80,342.80,0.4245,-1,-1,-1
100,29,505.78,192.48,22.10,75.87,0.5333,-1,-1,-1
100,35,300.75,178.37,25.65,79.88,0.5874,-1,-1,-1
101,1,310.25,-0.02,274.23,479.98,0.9086,-1,-1,-1
101,2,0.64,0.91,221.70,475.19,0.8767,-1,-1,-1
101,12,279.42,178.94,26.42,79.80,0.4007,-1,-1,-1
101,20,557.11,201.64,17.27,42.94,0.3069,-1,-1,-1
101,21,189.86,16.99,92.09,413.66,0.8511,-1,-1,-1
101,26,0.95,80.94,33.78,355.52,0.4260,-1,-1,-1
101,29,507.24,192.74,21.69,76.17,0.3761,-1,-1,-1
101,35,300.71,178.11,24.00,81.49,0.4528,-1,-1,-1
102,1,312.38,0.08,271.48,477.98,0.9022,-1,-1,-1
102,2,0.49,0.83,221.78,475.65,0.8734,-1,-1,-1
102,21,189.60,15.88,94.36,413.01,0.8479,-1,-1,-1
102,26,0.97,81.86,33.93,347.96,0.4412,-1,-1,-1
103,1,313.57,-0.01,271.69,479.99,0.9122,-1,-1,-1
103,2,0.42,1.01,221.83,476.55,0.8702,-1,-1,-1
103,20,540.86,202.52,12.06,37.37,0.4241,-1,-1,-1
103,21,191.11,17.16,93.34,414.74,0.8402,-1,-1,-1
103,26,1.28,83.29,33.89,325.75,0.3833,-1,-1,-1
103,29,508.59,192.95,18.34,75.39,0.3142,-1,-1,-1
104,1,314.40,0.00,274.29,480.00,0.9108,-1,-1,-1
104,2,0.19,0.86,222.68,476.85,0.8893,-1,-1,-1
104,20,541.03,202.56,11.07,36.37,0.3313,-1,-1,-1
104,21,192.21,17.76,89.79,414.82,0.8419,-1,-1,-1
104,26,1.55,80.26,33.83,338.29,0.3355,-1,-1,-1
104,29,507.68,193.14,19.69,75.02,0.3212,-1,-1,-1
105,1,314.07,0.00,274.92,480.00,0.9087,-1,-1,-1
105,2,0.06,0.63,223.01,476.62,0.8627,-1,-1,-1
105,14,0.76,84.06,24.33,119.85,0.3026,-1,-1,-1
105,20,540.99,203.82,12.05,35.58,0.4041,-1,-1,-1
105,21,191.80,17.23,89.00,410.21,0.8375,-1,-1,-1
105,26,2.12,82.24,31.81,350.71,0.3764,-1,-1,-1
106,1,314.04,0.01,276.75,479.10,0.9044,-1,-1,-1
106,2,0.17,0.43,223.39,477.81,0.8800,-1,-1,-1
106,12,279.26,178.82,25.48,81.40,0.5835,-1,-1,-1
106,20,540.73,203.97,12.25,35.79,0.4060,-1,-1,-1
106,21,192.45,16.47,85.94,415.08,0.8269,-1,-1,-1
106,26,1.69,81.99,32.68,360.45,0.4081,-1,-1,-1
106,35,300.87,178.72,23.94,82.21,0.6317,-1,-1,-1
107,1,313.50,0.35,279.87,478.53,0.8953,-1,-1,-1
107,2,0.04,0.29,224.81,478.17,0.8803,-1,-1,-1
107,12,279.73,179.38,25.62,79.49,0.5654,-1,-1,-1
107,20,541.48,204.34,11.73,35.42,0.3816,-1,-1,-1
107,21,192.28,16.81,86.22,414.80,0.8186,-1,-1,-1
107,26,1.84,82.40,31.81,362.48,0.3576,-1,-1,-1
107,35,301.00,178.49,24.42,82.14,0.5889,-1,-1,-1
108,1,312.01,0.02,284.58,477.08,0.8996,-1,-1,-1
108,2,-0.17,0.11,225.65,477.52,0.8742,-1,-1,-1
108,12,279.46,180.97,24.94,77.59,0.5106,-1,-1,-1
108,20,541.16,202.21,12.02,37.60,0.4677,-1,-1,-1
108,21,191.66,16.16,86.22,415.44,0.8234,-1,-1,-1
108,29,511.10,196.38,16.30,72.07,0.3205,-1,-1,-1
108,35,301.16,178.75,24.25,81.26,0.6020,-1,-1,-1
109,1,312.59,0.02,285.06,475.20,0.8313,-1,-1,-1
109,2,-0.04,-0.02,224.38,478.86,0.8857,-1,-1,-1
109,12,279.20,180.50,25.95,78.13,0.5028,-1,-1,-1
109,21,189.32,16.92,88.53,413.60,0.8310,-1,-1,-1
109,35,301.21,178.35,23.85,82.29,0.5538,-1,-1,-1
110,1,312.62,-0.30,288.35,477.95,0.7599,-1,-1,-1
110,2,-0.02,0.16,223.30,478.30,0.9072,-1,-1,-1
110,21,187.92,16.93,91.45,413.69,0.8395,-1,-1,-1
110,35,300.63,178.16,24.65,82.25,0.4505,-1,-1,-1
111,1,310.86,0.05,291.23,476.92,0.7984,-1,-1,-1
111,2,-0.01,0.10,222.62,479.16,0.8961,-1,-1,-1
111,21,187.82,17.29,93.00,414.27,0.8444,-1,-1,-1
112,1,330.22,-0.04,273.59,479.58,0.7949,-1,-1,-1
112,2,-0.09,0.13,222.80,479.27,0.9072,-1,-1,-1
112,21,187.62,16.94,96.02,416.01,0.8493,-1,-1,-1
112,35,298.24,177.46,27.14,83.27,0.3507,-1,-1,-1
113,1,311.31,0.20,285.10,479.42,0.8647,-1,-1,-1
113,2,-0.03,0.12,222.70,478.80,0.9028,-1,-1,-1
113,21,187.84,18.06,94.16,416.82,0.8531,-1,-1,-1
114,1,308.74,0.01,288.91,479.33,0.8970,-1,-1,-1
114,2,0.07,0.01,222.10,478.48,0.8955,-1,-1,-1
114,21,187.43,19.62,94.83,413.13,0.8538,-1,-1,-1
115,1,308.87,0.04,284.17,477.33,0.8815,-1,-1,-1
115,2,-0.04,0.03,222.32,479.04,0.8898,-1,-1,-1
115,21,188.35,20.17,94.80,415.35,0.8666,-1,-1,-1
116,1,305.48,-0.05,286.42,479.66,0.8949,-1,-1,-1
116,2,0.10,-0.03,221.54,478.50,0.8794,-1,-1,-1
116,21,191.52,20.54,92.90,415.75,0.8595,-1,-1,-1
117,1,305.57,-0.03,282.77,479.01,0.8835,-1,-1,-1
117,2,-0.34,0.10,223.02,478.02,0.8703,-1,-1,-1
117,21,192.33,20.16,95.16,416.94,0.8547,-1,-1,-1
118,1,303.84,0.00,278.23,478.07,0.8898,-1,-1,-1
118,2,-0.30,0.33,224.64,478.73,0.8679,-1,-1,-1
118,20,562.43,200.36,14.49,40.96,0.3045,-1,-1,-1
118,21,193.60,19.95,93.30,417.94,0.8588,-1,-1,-1
119,1,302.70,-0.01,279.53,479.99,0.9113,-1,-1,-1
119,2,-0.18,0.47,228.79,479.50,0.8854,-1,-1,-1
119,14,-0.40,80.19,22.99,105.53,0.3717,-1,-1,-1
119,21,197.28,19.94,91.60,413.32,0.8164,-1,-1,-1
119,26,-2.27,79.99,30.40,342.35,0.4008,-1,-1,-1
119,29,498.83,193.29,29.85,78.24,0.6998,-1,-1,-1
120,1,301.86,0.00,280.49,480.00,0.9103,-1,-1,-1
120,2,0.01,0.62,231.77,479.36,0.8727,-1,-1,-1
120,14,0.24,79.48,23.19,110.98,0.3264,-1,-1,-1
120,21,200.84,21.24,87.51,410.91,0.8094,-1,-1,-1
120,29,498.77,193.14,29.55,78.97,0.7203,-1,-1,-1
121,1,303.03,0.54,280.77,479.45,0.8873,-1,-1,-1
121,2,0.12,0.47,236.48,479.55,0.8772,-1,-1,-1
121,21,200.05,21.06,88.53,415.60,0.8196,-1,-1,-1
121,29,498.71,192.78,30.06,79.60,0.6617,-1,-1,-1
122,1,306.85,0.28,281.80,477.58,0.8887,-1,-1,-1
122,2,0.82,0.23,240.00,479.80,0.8574,-1,-1,-1
122,21,202.53,21.91,82.93,417.69,0.8232,-1,-1,-1
122,26,-0.70,74.34,35.02,396.80,0.3786,-1,-1,-1
122,29,499.03,194.02,29.46,78.00,0.6640,-1,-1,-1
123,1,302.01,0.87,282.42,479.06,0.8961,-1,-1,-1
123,2,0.86,1.22,243.60,478.75,0.8722,-1,-1,-1
123,21,201.91,21.28,84.45,414.50,0.8338,-1,-1,-1
123,26,-0.64,75.31,38.35,402.81,0.5531,-1,-1,-1
123,29,499.25,194.15,30.45,77.81,0.6804,-1,-1,-1
124,1,304.63,0.19,279.09,479.31,0.9043,-1,-1,-1
124,2,0.93,0.91,246.23,478.14,0.8645,-1,-1,-1
124,12,295.37,177.86,30.83,80.93,0.3166,-1,-1,-1
124,20,560.31,200.93,16.60,39.46,0.4120,-1,-1,-1
124,21,202.96,22.60,82.35,407.89,0.8398,-1,-1,-1
124,26,0.05,75.81,38.88,402.48,0.5479,-1,-1,-1
124,29,499.75,194.23,29.72,77.77,0.6531,-1,-1,-1
125,1,305.20,0.64,277.08,478.87,0.9025,-1,-1,-1
125,2,0.77,0.83,248.57,478.02,0.8533,-1,-1,-1
125,12,297.39,178.37,27.51,79.52,0.3564,-1,-1,-1
125,20,535.05,197.87,16.29,43.41,0.3234,-1,-1,-1
125,21,203.10,22.81,81.45,405.61,0.8189,-1,-1,-1
125,26,-0.32,76.67,42.03,403.76,0.5959,-1,-1,-1
125,29,500.73,193.64,28.53,77.66,0.6406,-1,-1,-1
126,1,305.64,0.55,275.70,479.14,0.8998,-1,-1,-1
126,2,-0.04,1.36,251.84,465.17,0.7892,-1,-1,-1
126,12,286.98,179.92,26.18,78.58,0.3457,-1,-1,-1
126,20,561.07,201.98,16.65,38.29,0.4963,-1,-1,-1
126,21,203.81,22.54,80.29,406.19,0.7895,-1,-1,-1
126,26,-0.30,77.05,43.12,402.17,0.4500,-1,-1,-1
126,29,501.10,194.06,27.78,77.83,0.6269,-1,-1,-1
127,1,306.89,0.38,276.16,479.36,0.8968,-1,-1,-1
127,2,1.29,0.78,249.24,475.25,0.8428,-1,-1,-1
127,20,562.60,203.08,15.15,37.15,0.5211,-1,-1,-1
127,21,205.50,22.71,78.57,406.29,0.8087,-1,-1,-1
127,26,-0.56,77.98,45.59,402.89,0.4094,-1,-1,-1
127,29,502.72,193.05,26.79,77.72,0.5878,-1,-1,-1
128,1,306.16,0.59,276.93,478.87,0.9036,-1,-1,-1
128,2,0.21,0.79,253.90,473.41,0.8329,-1,-1,-1
128,12,294.45,178.35,30.84,79.65,0.3225,-1,-1,-1
128,20,562.08,203.46,15.95,37.50,0.4789,-1,-1,-1
128,21,205.00,22.66,79.61,406.92,0.7369,-1,-1,-1
128,26,-0.79,77.65,47.30,403.03,0.5861,-1,-1,-1
128,29,502.93,194.03,26.33,76.69,0.6020,-1,-1,-1
128,41,534.13,202.97,14.06,40.19,0.3203,-1,-1,-1
129,1,307.25,0.25,274.94,478.64,0.8964,-1,-1,-1
129,2,0.65,0.86,253.22,473.94,0.8553,-1,-1,-1
129,12,287.34,186.52,22.42,72.50,0.3244,-1,-1,-1
129,20,561.20,203.96,16.43,37.08,0.4410,-1,-1,-1
129,21,204.85,22.91,79.52,407.56,0.7420,-1,-1,-1
129,26,-0.65,79.89,47.80,400.58,0.6338,-1,-1,-1
129,29,502.98,194.04,26.33,77.04,0.5890,-1,-1,-1
130,1,306.31,0.29,276.48,478.91,0.9090,-1,-1,-1
130,2,2.52,0.88,248.12,472.72,0.8327,-1,-1,-1
130,12,288.83,189.54,20.63,68.84,0.3439,-1,-1,-1
130,20,561.29,203.04,16.26,37.91,0.4589,-1,-1,-1
130,21,204.89,23.87,79.29,407.06,0.7662,-1,-1,-1
130,26,-0.59,80.45,48.89,399.89,0.6942,-1,-1,-1
130,29,504.10,193.57,26.38,76.96,0.6022,-1,-1,-1
131,1,306.15,0.50,275.59,478.75,0.8997,-1,-1,-1
131,2,11.51,1.00,236.42,470.38,0.8096,-1,-1,-1
131,12,288.47,191.22,20.61,66.99,0.3437,-1,-1,-1
131,20,559.83,203.40,17.51,36.98,0.4561,-1,-1,-1
131,21,203.96,23.29,80.51,404.61,0.7974,-1,-1,-1
131,26,-2.74,91.68,53.22,272.93,0.3753,-1,-1,-1
131,29,501.91,193.61,27.91,77.67,0.6511,-1,-1,-1
131,41,530.22,198.91,17.39,46.12,0.3021,-1,-1,-1
132,1,306.77,0.10,273.19,479.25,0.8961,-1,-1,-1
132,2,11.47,0.67,235.81,471.57,0.7880,-1,-1,-1
132,12,282.33,189.70,20.98,67.29,0.3154,-1,-1,-1
132,21,201.73,22.85,82.13,405.89,0.8254,-1,-1,-1
132,29,502.19,192.66,27.45,77.80,0.6410,-1,-1,-1
132,35,295.84,177.68,26.99,81.24,0.5026,-1,-1,-1
133,1,306.17,0.04,273.23,476.35,0.8985,-1,-1,-1
133,2,9.22,0.46,236.70,475.25,0.8360,-1,-1,-1
133,12,280.08,187.62,22.00,67.99,0.3829,-1,-1,-1
133,21,200.91,22.60,82.97,406.91,0.8321,-1,-1,-1
133,26,2.89,84.10,39.66,225.95,0.3324,-1,-1,-1
133,29,501.97,192.93,28.06,78.46,0.5934,-1,-1,-1
133,35,294.62,177.89,29.76,80.89,0.5434,-1,-1,-1
134,1,305.31,0.28,270.75,476.34,0.9034,-1,-1,-1
134,2,9.95,0.70,234.06,477.56,0.8550,-1,-1,-1
134,12,280.02,187.97,20.63,66.46,0.3152,-1,-1,-1
134,20,557.86,200.36,19.35,40.12,0.4410,-1,-1,-1
134,21,201.28,22.66,81.22,411.50,0.8371,-1,-1,-1
134,26,-0.16,78.63,45.92,373.45,0.4216,-1,-1,-1
134,29,500.98,192.67,29.03,79.32,0.6285,-1,-1,-1
134,35,295.08,178.39,29.89,80.28,0.5868,-1,-1,-1
135,1,306.47,-0.04,269.64,479.96,0.8891,-1,-1,-1
135,2,7.64,0.86,234.46,477.93,0.8785,-1,-1,-1
135,20,537.39,193.92,18.42,52.90,0.5086,-1,-1,-1
135,21,202.09,22.78,80.90,412.41,0.8360,-1,-1,-1
135,26,0.32,77.85,44.27,394.75,0.4010,-1,-1,-1
135,29,500.67,192.91,28.00,78.82,0.6259,-1,-1,-1
135,35,295.08,177.58,29.85,81.55,0.5319,-1,-1,-1
136,1,305.72,0.09,269.55,479.91,0.8891,-1,-1,-1
136,2,6.23,0.94,231.06,477.36,0.8581,-1,-1,-1
136,20,535.07,191.27,20.66,57.30,0.3690,-1,-1,-1
136,21,199.85,23.81,83.23,410.19,0.8288,-1,-1,-1
136,26,-0.11,77.55,44.19,397.29,0.4053,-1,-1,-1
136,29,500.34,192.57,28.69,79.44,0.6364,-1,-1,-1
136,35,297.20,178.35,27.11,80.80,0.4172,-1,-1,-1
137,1,305.75,0.01,269.58,480.00,0.8920,-1,-1,-1
137,2,6.83,0.78,225.04,478.21,0.8566,-1,-1,-1
137,20,534.18,190.99,22.11,58.17,0.4986,-1,-1,-1
137,21,194.79,23.01,89.03,409.21,0.8276,-1,-1,-1
137,26,0.56,79.23,42.00,394.35,0.4105,-1,-1,-1
137,29,500.68,193.23,28.55,78.72,0.6001,-1,-1,-1
137,35,297.71,178.05,26.80,80.75,0.5052,-1,-1,-1
138,1,304.15,-0.00,272.05,479.93,0.9059,-1,-1,-1
138,2,5.62,0.40,222.01,479.58,0.8711,-1,-1,-1
138,20,533.15,189.89,24.32,58.49,0.4706,-1,-1,-1
138,21,191.66,23.29,92.07,412.15,0.8408,-1,-1,-1
138,29,501.94,192.89,27.83,78.85,0.5734,-1,-1,-1
138,35,292.77,178.48,33.82,80.93,0.6002,-1,-1,-1
139,1,304.95,-0.00,272.70,480.00,0.9105,-1,-1,-1
139,2,3.84,0.40,222.78,479.61,0.8713,-1,-1,-1
139,20,555.39,199.41,19.23,44.59,0.3997,-1,-1,-1
139,21,190.34,22.50,93.55,410.18,0.8469,-1,-1,-1
139,29,502.00,193.57,27.66,78.01,0.5509,-1,-1,-1
139,35,291.55,178.16,35.07,81.18,0.6246,-1,-1,-1
140,1,305.41,0.63,274.25,478.94,0.9103,-1,-1,-1
140,2,2.53,0.67,220.32,478.98,0.8797,-1,-1,-1
140,20,556.09,202.79,17.09,39.70,0.3277,-1,-1,-1
140,21,189.25,22.32,95.13,410.36,0.8525,-1,-1,-1
140,29,502.73,192.76,27.91,78.46,0.5436,-1,-1,-1
140,35,292.92,177.10,32.00,82.12,0.6005,-1,-1,-1
141,1,304.13,0.07,276.68,474.59,0.8997,-1,-1,-1
141,2,1.92,0.80,217.71,478.49,0.8872,-1,-1,-1
141,20,554.69,203.87,15.83,38.28,0.3268,-1,-1,-1
141,21,187.54,20.98,97.07,412.33,0.8562,-1,-1,-1
141,29,502.18,192.88,27.37,78.26,0.5853,-1,-1,-1
141,35,293.03,178.29,32.21,80.48,0.4768,-1,-1,-1
142,1,304.14,0.27,277.40,479.27,0.9093,-1,-1,-1
142,2,1.48,0.97,215.82,479.02,0.8836,-1,-1,-1
142,20,555.94,203.41,17.87,38.94,0.3902,-1,-1,-1
142,21,187.46,20.64,97.00,413.61,0.8585,-1,-1,-1
142,29,502.67,192.29,27.03,78.91,0.5656,-1,-1,-1
142,35,294.51,178.22,27.89,80.19,0.4528,-1,-1,-1
143,1,305.56,-0.00,278.24,479.85,0.9058,-1,-1,-1
143,2,0.49,1.00,216.32,479.01,0.8861,-1,-1,-1
143,20,555.28,206.64,14.33,36.23,0.3286,-1,-1,-1
143,21,185.39,20.28,99.55,414.13,0.8618,-1,-1,-1
143,29,504.28,191.95,24.45,78.40,0.5970,-1,-1,-1
143,35,291.77,178.27,32.79,81.27,0.5429,-1,-1,-1
144,1,305.07,-0.00,282.08,480.00,0.9140,-1,-1,-1
144,2,0.08,1.05,216.84,478.41,0.8927,-1,-1,-1
144,20,554.21,203.12,16.67,38.92,0.4357,-1,-1,-1
144,21,185.01,20.57,99.76,413.26,0.8556,-1,-1,-1
144,29,504.53,191.34,23.62,78.73,0.5340,-1,-1,-1
144,35,293.24,178.15,29.89,80.29,0.5565,-1,-1,-1
145,1,306.97,0.02,286.77,480.01,0.9005,-1,-1,-1
145,2,0.11,1.05,215.38,478.10,0.9011,-1,-1,-1
145,20,555.98,203.40,19.74,55.80,0.4485,-1,-1,-1
145,21,182.46,20.24,102.54,412.91,0.8542,-1,-1,-1
145,29,505.78,192.17,22.92,77.91,0.5526,-1,-1,-1
145,35,293.98,178.43,28.94,79.91,0.5813,-1,-1,-1
146,1,308.49,0.03,285.77,479.73,0.8601,-1,-1,-1
146,2,0.03,1.28,215.58,477.43,0.8963,-1,-1,-1
146,21,182.66,20.34,102.29,412.30,0.8512,-1,-1,-1
146,35,295.97,178.14,26.46,80.29,0.6026,-1,-1,-1
147,1,323.72,0.04,281.86,477.22,0.8399,-1,-1,-1
147,2,0.19,1.39,216.11,476.69,0.8911,-1,-1,-1
147,21,183.61,20.47,100.69,412.50,0.8538,-1,-1,-1
147,35,296.75,177.56,23.96,82.45,0.3723,-1,-1,-1
148,1,315.62,0.01,293.54,476.60,0.8729,-1,-1,-1
148,2,0.91,1.00,217.18,478.15,0.8647,-1,-1,-1
148,21,186.32,20.41,97.81,412.38,0.8583,-1,-1,-1
148,35,298.50,177.99,23.43,83.30,0.3982,-1,-1,-1
149,1,315.71,-0.03,296.10,477.45,0.8849,-1,-1,-1
149,2,1.37,0.48,221.87,479.48,0.8584,-1,-1,-1
149,21,189.29,20.84,94.74,411.14,0.8564,-1,-1,-1
149,35,300.67,178.69,21.95,84.39,0.4503,-1,-1,-1
149,46,289.27,200.33,19.40,59.78,0.4409,-1,-1,-1
150,1,315.35,-0.02,298.61,479.31,0.8775,-1,-1,-1
150,2,2.01,0.95,223.47,478.75,0.8666,-1,-1,-1
150,21,190.44,21.64,93.80,413.00,0.8526,-1,-1,-1
