2,1,372.25,408.13,80.23,239.83,0.7973,-1,-1,-1
2,2,104.30,546.55,72.95,245.64,0.7255,-1,-1,-1
2,3,1101.04,981.21,71.40,98.80,0.6895,-1,-1,-1
2,4,1730.48,455.02,75.27,215.49,0.6073,-1,-1,-1
2,5,1355.89,570.10,81.73,217.43,0.5680,-1,-1,-1
2,6,0.88,878.03,39.90,201.37,0.3839,-1,-1,-1
2,7,1098.13,211.80,58.32,178.37,0.4729,-1,-1,-1
2,8,545.60,146.85,57.53,184.05,0.5070,-1,-1,-1
2,9,225.15,398.14,65.26,199.33,0.4910,-1,-1,-1
2,10,789.65,145.31,64.44,178.90,0.4606,-1,-1,-1
2,11,1046.10,132.97,63.96,182.01,0.4650,-1,-1,-1
2,12,267.92,379.25,55.07,210.53,0.4318,-1,-1,-1
2,13,503.49,134.35,51.09,176.80,0.3706,-1,-1,-1
3,1,373.52,407.80,78.76,241.39,0.7819,-1,-1,-1
3,2,104.60,546.09,73.45,246.84,0.7315,-1,-1,-1
3,3,1105.44,980.86,71.87,99.13,0.6963,-1,-1,-1
3,4,1731.11,452.98,73.77,219.88,0.6000,-1,-1,-1
3,5,1356.47,570.01,81.15,216.76,0.5666,-1,-1,-1
3,6,0.74,877.49,39.72,201.55,0.3544,-1,-1,-1
3,7,1092.15,213.70,61.93,177.26,0.5645,-1,-1,-1
3,8,544.84,147.49,58.26,183.61,0.4875,-1,-1,-1
3,9,223.13,396.73,67.66,202.02,0.4723,-1,-1,-1
3,10,788.77,145.16,64.98,178.59,0.4541,-1,-1,-1
3,11,1045.30,132.74,64.53,179.57,0.4988,-1,-1,-1
3,12,260.24,366.73,65.20,225.33,0.3911,-1,-1,-1
3,13,503.96,133.64,49.95,169.73,0.3938,-1,-1,-1
4,1,372.59,407.24,80.10,241.03,0.7959,-1,-1,-1
4,2,104.21,545.74,73.17,247.20,0.7230,-1,-1,-1
4,3,1108.37,978.79,72.23,101.16,0.6950,-1,-1,-1
4,4,1729.35,452.48,74.09,216.95,0.6199,-1,-1,-1
4,5,1356.16,570.28,82.83,217.24,0.5754,-1,-1,-1
4,6,-0.53,876.20,43.49,203.24,0.5373,-1,-1,-1
4,7,1087.16,211.10,63.88,180.12,0.5528,-1,-1,-1
4,8,546.44,145.37,55.91,183.72,0.4674,-1,-1,-1
4,9,221.53,396.81,69.81,202.44,0.4799,-1,-1,-1
4,10,789.55,144.66,64.04,178.17,0.4697,-1,-1,-1
4,11,1045.43,133.61,63.00,179.56,0.4595,-1,-1,-1
4,12,264.71,382.35,57.76,212.76,0.4012,-1,-1,-1
4,13,500.60,135.57,53.06,173.40,0.4398,-1,-1,-1
5,1,374.74,406.77,78.78,241.20,0.7978,-1,-1,-1
5,2,104.18,545.90,72.46,246.99,0.7243,-1,-1,-1
5,3,1112.79,975.93,72.17,104.01,0.6964,-1,-1,-1
5,4,1728.64,452.25,74.13,218.53,0.6542,-1,-1,-1
5,5,1355.77,569.97,82.42,213.99,0.6076,-1,-1,-1
5,6,-0.66,874.18,45.20,204.84,0.5592,-1,-1,-1
5,7,1072.36,210.37,78.96,178.75,0.5394,-1,-1,-1
5,8,545.89,145.10,56.28,186.43,0.5050,-1,-1,-1
5,9,220.77,396.71,72.20,200.71,0.3747,-1,-1,-1
5,10,789.03,145.78,65.12,176.76,0.4967,-1,-1,-1
5,11,1043.58,133.75,66.39,164.03,0.3774,-1,-1,-1
5,12,267.60,380.34,51.31,209.27,0.3873,-1,-1,-1
5,13,501.43,135.39,50.97,168.36,0.4855,-1,-1,-1
6,1,374.99,405.92,79.38,239.93,0.7852,-1,-1,-1
6,2,104.33,546.12,72.64,246.66,0.7309,-1,-1,-1
6,3,1114.34,975.80,72.97,104.24,0.6912,-1,-1,-1
6,4,1726.76,454.92,75.21,215.88,0.6514,-1,-1,-1
6,5,1356.93,570.15,81.31,213.37,0.6186,-1,-1,-1
6,6,-0.30,871.90,46.06,207.45,0.6048,-1,-1,-1
6,7,1062.91,209.07,88.87,179.65,0.5797,-1,-1,-1
6,8,545.21,147.79,55.48,186.27,0.5159,-1,-1,-1
6,9,219.13,392.87,75.03,203.43,0.3017,-1,-1,-1
6,10,787.85,145.34,65.04,177.97,0.5056,-1,-1,-1
6,11,1043.48,134.91,64.72,155.06,0.3077,-1,-1,-1
6,12,267.91,379.75,48.37,208.56,0.3933,-1,-1,-1
6,13,502.42,136.84,49.22,167.15,0.5138,-1,-1,-1
7,1,375.74,404.68,80.52,239.99,0.7800,-1,-1,-1
7,2,104.14,545.97,72.67,245.87,0.7311,-1,-1,-1
7,3,1116.56,973.97,70.89,106.01,0.7056,-1,-1,-1
7,4,1726.44,454.28,74.65,212.60,0.6315,-1,-1,-1
7,5,1356.31,570.38,82.15,212.85,0.6334,-1,-1,-1
7,6,-0.14,870.95,47.03,208.52,0.5963,-1,-1,-1
7,7,1054.38,208.12,98.71,181.15,0.5515,-1,-1,-1
7,8,544.22,148.68,54.18,186.95,0.5409,-1,-1,-1
7,10,788.45,145.42,65.58,177.91,0.5154,-1,-1,-1
7,12,266.20,379.66,49.14,199.40,0.3576,-1,-1,-1
7,13,501.87,139.13,48.81,165.58,0.4799,-1,-1,-1
8,1,376.73,402.04,80.02,238.86,0.7696,-1,-1,-1
8,2,104.78,546.18,72.92,246.64,0.7358,-1,-1,-1
8,3,1119.04,973.42,70.26,106.60,0.7071,-1,-1,-1
8,4,1724.04,454.70,75.93,208.81,0.6454,-1,-1,-1
8,5,1356.63,570.04,81.38,214.60,0.6125,-1,-1,-1
8,6,0.46,871.56,46.46,207.15,0.5826,-1,-1,-1
8,7,1053.22,211.46,100.94,177.62,0.5409,-1,-1,-1
8,8,544.69,146.84,52.98,188.75,0.5501,-1,-1,-1
8,10,787.98,145.99,65.64,176.86,0.5034,-1,-1,-1
8,12,264.45,380.56,49.77,189.94,0.3175,-1,-1,-1
8,13,499.63,141.73,52.34,173.11,0.4575,-1,-1,-1
9,1,376.86,401.72,81.46,237.15,0.7678,-1,-1,-1
9,2,104.64,546.08,73.71,246.84,0.7443,-1,-1,-1
9,3,1124.56,973.71,67.60,106.35,0.6692,-1,-1,-1
9,4,1723.78,454.46,75.30,210.25,0.6349,-1,-1,-1
9,5,1356.72,570.48,81.16,214.25,0.6143,-1,-1,-1
9,6,0.62,869.72,46.46,209.30,0.5596,-1,-1,-1
9,7,1049.47,210.70,105.52,175.43,0.5086,-1,-1,-1
9,8,544.78,147.76,51.81,189.60,0.4971,-1,-1,-1
9,10,787.93,145.73,65.43,175.76,0.4782,-1,-1,-1
9,13,500.71,141.95,49.65,173.86,0.4449,-1,-1,-1
9,14,1799.41,208.15,61.98,186.65,0.3266,-1,-1,-1
10,1,377.35,400.26,81.33,236.07,0.7579,-1,-1,-1
10,2,104.80,545.86,74.00,246.65,0.7400,-1,-1,-1
10,3,1127.92,973.35,67.08,106.68,0.6880,-1,-1,-1
10,4,1724.35,454.73,74.33,209.98,0.6104,-1,-1,-1
10,5,1356.21,569.48,82.36,216.12,0.6147,-1,-1,-1
10,6,0.53,864.61,46.87,213.71,0.5661,-1,-1,-1
10,7,1046.22,211.53,107.71,173.04,0.4661,-1,-1,-1
10,8,543.49,148.76,52.00,191.80,0.4782,-1,-1,-1
10,10,788.19,145.85,65.03,177.03,0.4860,-1,-1,-1
10,12,264.99,383.94,46.04,172.91,0.3154,-1,-1,-1
10,13,498.43,142.27,52.01,174.79,0.4337,-1,-1,-1
10,14,1799.62,211.81,64.52,187.45,0.3421,-1,-1,-1
11,1,378.63,397.89,80.73,233.87,0.7550,-1,-1,-1
11,2,104.55,546.21,74.08,246.76,0.7417,-1,-1,-1
11,3,1130.32,973.97,67.83,106.10,0.6688,-1,-1,-1
11,4,1723.76,459.42,75.12,205.84,0.6067,-1,-1,-1
11,5,1356.34,569.73,82.39,216.01,0.6406,-1,-1,-1
11,6,0.74,862.08,46.09,216.23,0.5584,-1,-1,-1
11,7,1045.03,209.87,102.19,174.18,0.4522,-1,-1,-1
11,8,542.11,148.70,52.53,192.93,0.4813,-1,-1,-1
11,10,788.06,145.69,65.48,177.30,0.4864,-1,-1,-1
11,12,261.76,386.74,48.44,190.03,0.3796,-1,-1,-1
11,13,498.57,142.71,51.09,175.71,0.4252,-1,-1,-1
11,14,1802.27,217.64,63.00,178.87,0.3489,-1,-1,-1
12,1,378.14,396.64,81.67,233.89,0.7530,-1,-1,-1
12,2,104.20,546.13,75.11,247.12,0.7371,-1,-1,-1
12,3,1133.88,973.46,67.33,106.55,0.6720,-1,-1,-1
12,4,1723.62,459.68,75.11,205.37,0.6362,-1,-1,-1
12,5,1357.02,569.56,80.42,215.34,0.6329,-1,-1,-1
12,6,0.42,855.54,46.87,221.66,0.5764,-1,-1,-1
12,7,1046.28,207.75,94.89,176.21,0.3598,-1,-1,-1
12,8,541.77,149.18,53.22,191.83,0.5006,-1,-1,-1
12,10,788.09,145.83,65.24,177.71,0.4828,-1,-1,-1
12,13,497.10,143.99,52.90,174.60,0.4129,-1,-1,-1
12,14,1802.27,219.81,64.21,175.22,0.3372,-1,-1,-1
13,1,378.37,395.26,81.92,232.10,0.7610,-1,-1,-1
13,2,104.22,545.92,75.72,247.89,0.7420,-1,-1,-1
13,3,1135.83,972.99,66.33,107.01,0.6339,-1,-1,-1
13,4,1724.46,457.93,73.66,207.40,0.6621,-1,-1,-1
13,5,1356.58,570.09,81.22,213.49,0.6359,-1,-1,-1
13,6,0.86,850.88,46.03,226.20,0.5896,-1,-1,-1
13,8,539.65,149.58,55.65,191.96,0.5203,-1,-1,-1
13,9,211.48,393.75,63.82,180.63,0.3489,-1,-1,-1
13,10,788.29,146.35,65.21,177.45,0.5103,-1,-1,-1
13,13,496.71,144.86,52.84,174.94,0.3769,-1,-1,-1
13,14,1802.28,222.02,67.63,177.00,0.3713,-1,-1,-1
14,1,379.22,394.79,81.16,231.23,0.7606,-1,-1,-1
14,2,104.07,545.92,75.95,248.47,0.7475,-1,-1,-1
14,3,1139.14,972.74,64.25,107.28,0.6305,-1,-1,-1
14,4,1722.96,459.66,76.37,206.74,0.6575,-1,-1,-1
14,5,1357.32,569.99,80.40,214.39,0.6135,-1,-1,-1
14,6,0.49,849.19,46.84,228.58,0.6077,-1,-1,-1
14,8,538.36,150.91,55.86,191.50,0.5044,-1,-1,-1
14,9,209.64,396.82,64.12,178.34,0.3795,-1,-1,-1
14,10,788.66,146.15,64.12,177.50,0.5246,-1,-1,-1
14,13,494.48,144.08,54.41,176.27,0.4112,-1,-1,-1
14,14,1803.00,222.75,66.55,176.74,0.3743,-1,-1,-1
14,15,880.60,130.05,87.15,177.94,0.4139,-1,-1,-1
15,1,379.86,393.59,81.22,231.67,0.7611,-1,-1,-1
15,2,104.36,546.01,75.67,248.03,0.7549,-1,-1,-1
15,3,1140.50,973.28,64.49,106.25,0.5995,-1,-1,-1
15,4,1724.44,455.00,74.11,211.25,0.6507,-1,-1,-1
15,5,1356.75,570.55,80.55,212.91,0.6056,-1,-1,-1
15,6,0.20,849.22,47.39,229.67,0.5862,-1,-1,-1
15,8,537.18,151.96,55.73,191.52,0.5038,-1,-1,-1
15,9,209.06,391.39,62.31,182.60,0.3146,-1,-1,-1
15,10,787.86,146.89,65.57,175.73,0.5364,-1,-1,-1
15,13,494.16,143.55,53.83,177.63,0.3866,-1,-1,-1
15,14,1804.49,223.99,66.53,183.66,0.3943,-1,-1,-1
15,15,879.72,130.54,86.47,177.64,0.3794,-1,-1,-1
16,1,380.23,393.07,80.69,232.47,0.7659,-1,-1,-1
16,2,104.52,546.31,75.27,246.91,0.7503,-1,-1,-1
16,3,1145.05,972.91,62.90,106.06,0.5672,-1,-1,-1
16,4,1725.15,455.02,72.97,210.60,0.6556,-1,-1,-1
16,5,1356.77,570.24,80.20,213.68,0.6194,-1,-1,-1
16,6,-0.16,849.30,48.72,229.55,0.5054,-1,-1,-1
16,8,534.09,153.71,57.45,188.60,0.5244,-1,-1,-1
16,9,208.56,383.68,58.28,191.38,0.3669,-1,-1,-1
16,10,788.97,147.01,64.21,175.49,0.5039,-1,-1,-1
16,12,249.74,386.25,55.39,184.11,0.3551,-1,-1,-1
16,13,493.44,143.29,54.52,178.46,0.3327,-1,-1,-1
16,14,1804.80,224.73,68.85,187.85,0.3867,-1,-1,-1
16,15,880.10,131.75,85.98,178.91,0.3332,-1,-1,-1
17,1,380.66,391.70,81.38,234.69,0.7511,-1,-1,-1
17,2,104.02,546.91,76.82,245.86,0.7453,-1,-1,-1
17,3,1148.85,973.18,59.68,106.78,0.5345,-1,-1,-1
17,4,1722.96,458.55,76.42,208.91,0.6399,-1,-1,-1
17,5,1356.64,570.02,81.75,214.96,0.6041,-1,-1,-1
17,6,-0.62,848.52,50.81,231.48,0.5548,-1,-1,-1
17,8,533.11,156.25,58.49,187.43,0.6085,-1,-1,-1
17,9,207.46,380.59,58.27,196.04,0.3340,-1,-1,-1
17,10,788.69,147.12,64.43,174.67,0.4923,-1,-1,-1
17,12,247.47,382.33,57.17,188.25,0.3619,-1,-1,-1
17,13,493.33,144.81,54.25,177.41,0.3616,-1,-1,-1
17,14,1806.44,225.97,66.60,190.81,0.3620,-1,-1,-1
17,15,880.76,132.28,84.96,177.62,0.3201,-1,-1,-1
18,1,380.62,389.89,81.84,237.40,0.7520,-1,-1,-1
18,2,104.24,546.53,76.36,245.84,0.7479,-1,-1,-1
18,3,1151.95,973.28,57.52,106.75,0.5305,-1,-1,-1
18,4,1723.39,458.03,76.14,208.49,0.6457,-1,-1,-1
18,5,1356.66,569.88,80.81,214.54,0.6182,-1,-1,-1
18,6,-0.77,847.76,52.19,232.25,0.5066,-1,-1,-1
18,7,1031.71,144.83,60.29,183.28,0.3230,-1,-1,-1
18,8,531.60,156.09,57.69,186.70,0.6042,-1,-1,-1
18,9,207.42,382.49,56.28,193.54,0.3618,-1,-1,-1
18,10,789.20,147.25,63.95,174.39,0.5330,-1,-1,-1
18,12,246.66,383.65,56.78,187.49,0.4081,-1,-1,-1
18,13,493.22,143.57,53.57,178.85,0.3680,-1,-1,-1
18,14,1806.37,226.46,69.05,191.44,0.3825,-1,-1,-1
18,15,880.49,132.80,84.65,178.10,0.3421,-1,-1,-1
19,1,380.78,388.53,82.73,238.71,0.7551,-1,-1,-1
19,2,104.42,546.58,76.05,246.17,0.7459,-1,-1,-1
19,3,1154.02,972.77,57.67,107.21,0.5198,-1,-1,-1
19,4,1723.76,455.07,74.87,211.17,0.6467,-1,-1,-1
19,5,1357.01,570.01,80.16,214.94,0.6405,-1,-1,-1
19,6,-0.49,845.80,52.49,234.09,0.5326,-1,-1,-1
19,7,1030.49,143.24,60.88,185.27,0.4152,-1,-1,-1
19,8,530.01,159.18,58.19,183.38,0.5466,-1,-1,-1
19,9,206.42,382.17,56.66,195.44,0.4001,-1,-1,-1
19,10,789.08,146.89,63.73,174.47,0.4808,-1,-1,-1
19,12,246.35,380.46,55.38,190.72,0.4172,-1,-1,-1
19,14,1808.72,227.09,69.25,190.81,0.3604,-1,-1,-1
20,1,380.65,387.11,82.80,240.21,0.7480,-1,-1,-1
20,2,104.35,546.57,75.87,245.95,0.7456,-1,-1,-1
20,3,1157.13,972.92,55.72,107.12,0.5105,-1,-1,-1
20,4,1723.60,458.68,75.95,207.42,0.6295,-1,-1,-1
20,5,1357.05,570.64,80.09,214.07,0.6494,-1,-1,-1
20,6,-0.12,845.80,52.52,234.35,0.4771,-1,-1,-1
20,7,1028.54,145.18,61.13,224.75,0.4028,-1,-1,-1
20,8,530.52,158.78,55.25,183.88,0.5439,-1,-1,-1
20,9,204.44,388.51,58.53,187.33,0.4155,-1,-1,-1
20,10,789.14,147.79,64.17,173.97,0.4956,-1,-1,-1
20,12,245.24,375.87,54.15,192.85,0.3149,-1,-1,-1
20,14,1809.77,227.39,70.09,189.88,0.3427,-1,-1,-1
21,1,380.46,386.33,83.33,240.32,0.7588,-1,-1,-1
21,2,104.31,546.42,75.88,246.42,0.7433,-1,-1,-1
21,3,1157.46,973.49,57.30,106.58,0.5021,-1,-1,-1
21,4,1723.53,458.20,75.74,208.29,0.6341,-1,-1,-1
21,5,1357.75,570.51,79.12,216.03,0.6137,-1,-1,-1
21,6,-0.11,839.22,53.53,238.31,0.5228,-1,-1,-1
21,8,530.74,158.86,54.22,183.75,0.5888,-1,-1,-1
21,9,203.81,377.77,57.37,195.73,0.4005,-1,-1,-1
21,10,788.65,147.69,64.76,174.32,0.4867,-1,-1,-1
21,12,245.12,375.45,51.81,190.10,0.3460,-1,-1,-1
22,1,380.83,386.37,83.02,239.45,0.7578,-1,-1,-1
22,2,104.12,546.86,76.18,245.50,0.7385,-1,-1,-1
22,3,1156.29,974.71,59.00,105.38,0.5591,-1,-1,-1
22,4,1724.15,458.47,74.52,207.46,0.6682,-1,-1,-1
22,5,1357.40,570.06,79.57,215.04,0.6385,-1,-1,-1
22,6,0.36,842.06,53.46,238.07,0.5434,-1,-1,-1
22,7,1002.62,144.15,87.85,234.85,0.3479,-1,-1,-1
22,8,529.02,156.05,54.23,186.99,0.5037,-1,-1,-1
22,9,203.48,371.81,61.16,201.02,0.3304,-1,-1,-1
22,10,789.34,147.82,64.30,175.10,0.4618,-1,-1,-1
23,1,381.75,385.48,81.69,238.41,0.7569,-1,-1,-1
23,2,104.27,546.48,75.91,245.61,0.7394,-1,-1,-1
23,3,1158.43,973.89,61.18,106.06,0.5504,-1,-1,-1
23,4,1724.54,457.43,74.05,207.77,0.6392,-1,-1,-1
23,5,1356.81,569.93,80.71,215.18,0.6141,-1,-1,-1
23,6,0.59,842.71,53.42,236.30,0.5669,-1,-1,-1
23,7,1022.56,144.41,69.11,192.24,0.3871,-1,-1,-1
23,8,527.86,157.46,52.00,187.02,0.4697,-1,-1,-1
23,10,790.42,148.53,61.34,174.31,0.4303,-1,-1,-1
24,1,381.55,385.15,81.59,237.58,0.7574,-1,-1,-1
24,2,104.27,546.56,76.28,245.72,0.7382,-1,-1,-1
24,3,1159.17,974.91,61.54,105.17,0.5497,-1,-1,-1
24,4,1724.02,455.33,74.22,210.99,0.6434,-1,-1,-1
24,5,1356.65,569.83,80.85,217.50,0.5891,-1,-1,-1
24,6,0.31,839.63,54.52,236.20,0.5361,-1,-1,-1
24,7,1022.26,146.04,67.43,181.80,0.3215,-1,-1,-1
24,8,524.72,157.29,55.07,187.68,0.4250,-1,-1,-1
24,9,202.31,355.25,65.92,216.04,0.3055,-1,-1,-1
24,10,789.44,148.34,64.56,173.71,0.4291,-1,-1,-1
24,14,1821.07,230.56,68.39,189.63,0.3512,-1,-1,-1
25,1,381.64,384.17,80.64,236.87,0.7571,-1,-1,-1
25,2,103.92,546.91,76.71,246.01,0.7384,-1,-1,-1
25,3,1159.84,974.82,62.08,105.18,0.5631,-1,-1,-1
25,4,1722.34,458.09,76.21,209.01,0.6544,-1,-1,-1
25,5,1357.05,570.13,79.29,213.11,0.6125,-1,-1,-1
25,6,0.32,835.45,54.94,238.57,0.5031,-1,-1,-1
25,8,524.69,158.99,54.61,184.96,0.4365,-1,-1,-1
25,10,789.28,147.58,64.73,175.03,0.4319,-1,-1,-1
25,14,1822.53,233.40,68.12,192.93,0.3875,-1,-1,-1
26,1,382.34,382.93,79.68,237.20,0.7684,-1,-1,-1
26,2,103.41,546.16,77.39,247.39,0.7375,-1,-1,-1
26,3,1161.25,975.13,61.96,104.89,0.5967,-1,-1,-1
26,4,1723.32,453.54,73.77,213.92,0.6365,-1,-1,-1
26,5,1356.78,570.63,80.54,213.13,0.6084,-1,-1,-1
26,6,0.22,833.20,55.99,232.40,0.5684,-1,-1,-1
26,8,525.56,160.83,52.82,183.54,0.4214,-1,-1,-1
26,10,788.68,147.93,66.22,175.29,0.4471,-1,-1,-1
26,14,1826.29,236.31,66.32,192.69,0.3700,-1,-1,-1
27,1,381.58,381.22,81.04,237.45,0.7790,-1,-1,-1
27,2,103.41,546.09,76.86,247.24,0.7377,-1,-1,-1
27,3,1162.96,975.07,62.60,104.93,0.6073,-1,-1,-1
27,4,1722.64,459.02,74.97,207.46,0.6521,-1,-1,-1
27,5,1356.59,570.10,80.33,214.62,0.5868,-1,-1,-1
27,6,0.19,830.06,56.73,234.80,0.6075,-1,-1,-1
27,7,978.19,203.83,104.95,171.34,0.4321,-1,-1,-1
27,8,526.15,160.99,51.89,184.96,0.3655,-1,-1,-1
27,9,198.83,348.22,72.73,223.04,0.3685,-1,-1,-1
27,10,789.59,147.90,64.92,174.86,0.4484,-1,-1,-1
27,14,1827.87,238.00,65.54,191.68,0.3461,-1,-1,-1
28,1,381.77,379.29,82.36,238.08,0.7725,-1,-1,-1
28,2,103.02,546.81,77.22,246.01,0.7386,-1,-1,-1
28,3,1164.44,975.83,63.27,104.21,0.6165,-1,-1,-1
28,4,1723.29,455.63,73.61,211.21,0.6400,-1,-1,-1
28,5,1356.79,569.47,80.77,216.22,0.5881,-1,-1,-1
28,6,-0.36,827.50,58.90,232.79,0.6340,-1,-1,-1
28,9,197.90,351.10,72.07,223.21,0.3995,-1,-1,-1
28,10,790.65,148.62,60.22,173.69,0.4501,-1,-1,-1
29,1,382.80,377.72,81.88,238.08,0.7810,-1,-1,-1
29,2,102.79,546.31,77.58,246.50,0.7455,-1,-1,-1
29,3,1165.14,975.88,65.32,104.12,0.6355,-1,-1,-1
29,4,1723.09,457.39,74.35,208.74,0.6502,-1,-1,-1
29,5,1356.60,569.79,81.39,215.32,0.6246,-1,-1,-1
29,6,-0.11,826.06,59.70,228.41,0.6978,-1,-1,-1
29,7,1025.68,154.96,60.79,169.33,0.3194,-1,-1,-1
29,9,197.17,353.42,71.15,219.16,0.3247,-1,-1,-1
29,10,791.09,148.66,59.41,174.21,0.4573,-1,-1,-1
29,16,1593.31,241.50,64.13,182.10,0.3305,-1,-1,-1
30,1,382.99,376.28,83.78,236.81,0.7847,-1,-1,-1
30,2,103.06,547.21,77.44,245.35,0.7384,-1,-1,-1
30,3,1167.09,976.99,65.23,103.01,0.6211,-1,-1,-1
30,4,1723.08,457.51,75.15,208.50,0.6633,-1,-1,-1
30,5,1356.85,569.91,79.80,215.71,0.6171,-1,-1,-1
30,6,0.08,822.91,60.10,228.25,0.6767,-1,-1,-1
30,8,523.41,163.72,53.36,187.01,0.3043,-1,-1,-1
30,9,196.23,355.86,69.51,214.79,0.3162,-1,-1,-1
30,10,790.67,148.37,59.49,174.32,0.4582,-1,-1,-1
30,16,1593.93,240.40,61.52,183.24,0.3559,-1,-1,-1
31,1,383.71,374.67,87.22,233.12,0.7516,-1,-1,-1
31,2,103.14,546.86,76.78,246.37,0.7404,-1,-1,-1
31,3,1168.25,977.37,66.03,102.64,0.6157,-1,-1,-1
31,4,1723.33,455.20,73.28,212.08,0.6545,-1,-1,-1
31,5,1356.63,569.64,80.43,214.01,0.5914,-1,-1,-1
31,6,0.65,817.65,59.44,237.94,0.6491,-1,-1,-1
31,7,1022.20,155.32,67.44,181.94,0.3513,-1,-1,-1
31,9,194.80,357.06,69.01,210.82,0.3465,-1,-1,-1
31,10,790.49,148.16,60.12,175.36,0.4282,-1,-1,-1
31,16,1589.84,238.46,62.15,181.72,0.3096,-1,-1,-1
32,1,383.70,373.17,91.27,232.27,0.7457,-1,-1,-1
32,2,103.13,546.68,76.37,246.50,0.7472,-1,-1,-1
32,3,1169.09,978.22,66.73,101.81,0.6746,-1,-1,-1
32,4,1722.64,457.33,75.39,209.33,0.6534,-1,-1,-1
32,5,1356.48,569.81,80.05,214.28,0.6039,-1,-1,-1
32,6,0.74,815.42,59.74,243.28,0.6162,-1,-1,-1
32,9,193.06,349.47,70.01,214.51,0.3971,-1,-1,-1
32,10,791.66,148.78,58.99,174.88,0.4570,-1,-1,-1
32,16,1589.36,236.56,59.50,183.00,0.3030,-1,-1,-1
33,1,384.19,370.82,93.02,232.78,0.7501,-1,-1,-1
33,2,102.68,546.74,78.08,246.59,0.7486,-1,-1,-1
33,3,1170.85,979.16,66.98,100.86,0.6781,-1,-1,-1
33,4,1722.38,457.39,75.09,210.24,0.6571,-1,-1,-1
33,5,1356.19,569.53,81.20,217.41,0.6021,-1,-1,-1
33,6,0.40,813.69,60.77,248.44,0.6217,-1,-1,-1
33,7,1019.48,156.92,67.35,183.81,0.3643,-1,-1,-1
33,8,493.32,159.82,83.59,195.88,0.3918,-1,-1,-1
33,9,190.45,348.79,70.53,217.02,0.4230,-1,-1,-1
33,10,790.75,149.01,59.65,174.20,0.4375,-1,-1,-1
33,14,1834.81,250.08,71.63,191.35,0.3130,-1,-1,-1
34,1,384.98,370.46,92.34,231.61,0.7515,-1,-1,-1
34,2,102.76,546.84,77.73,246.55,0.7391,-1,-1,-1
34,3,1173.85,981.19,66.54,98.88,0.6763,-1,-1,-1
34,4,1722.74,458.20,74.18,208.07,0.6499,-1,-1,-1
34,5,1356.89,569.24,80.97,216.73,0.5996,-1,-1,-1
34,6,0.50,811.55,61.23,249.31,0.6135,-1,-1,-1
34,7,1021.62,155.32,61.42,187.17,0.4152,-1,-1,-1
34,8,492.91,160.48,82.12,195.38,0.3893,-1,-1,-1
34,9,188.66,352.66,69.82,210.39,0.4157,-1,-1,-1
34,10,790.53,148.67,59.14,175.10,0.4324,-1,-1,-1
34,14,1835.79,250.60,68.62,190.38,0.3188,-1,-1,-1
35,1,384.81,369.54,93.11,232.91,0.7410,-1,-1,-1
35,2,102.47,546.88,78.54,247.07,0.7346,-1,-1,-1
35,3,1177.73,982.50,64.16,97.53,0.6624,-1,-1,-1
35,4,1722.50,457.51,73.91,208.59,0.6606,-1,-1,-1
35,5,1355.81,569.36,81.84,215.71,0.6011,-1,-1,-1
35,6,0.03,811.14,63.24,253.03,0.5751,-1,-1,-1
35,7,1022.02,155.99,60.78,184.89,0.4622,-1,-1,-1
35,8,493.97,160.73,80.10,194.98,0.3989,-1,-1,-1
35,9,187.29,344.60,64.95,212.50,0.4548,-1,-1,-1
35,10,791.11,148.55,59.03,175.15,0.4427,-1,-1,-1
35,14,1837.24,251.09,68.61,188.25,0.3249,-1,-1,-1
36,1,385.27,369.04,91.98,233.14,0.7009,-1,-1,-1
36,2,102.89,547.10,77.34,246.37,0.7385,-1,-1,-1
36,3,1179.83,984.29,64.40,95.76,0.6412,-1,-1,-1
36,4,1722.93,458.77,74.18,207.78,0.6161,-1,-1,-1
36,5,1355.96,569.49,82.21,216.66,0.5767,-1,-1,-1
36,6,0.26,809.91,63.38,249.31,0.5426,-1,-1,-1
36,7,954.76,193.16,65.23,176.84,0.3265,-1,-1,-1
36,8,494.77,160.77,77.28,194.11,0.4165,-1,-1,-1
36,9,187.94,364.20,62.57,196.19,0.3995,-1,-1,-1
36,10,790.95,149.08,59.07,174.12,0.4402,-1,-1,-1
36,14,1839.90,249.72,66.86,188.90,0.3537,-1,-1,-1
36,17,384.69,995.02,90.48,84.94,0.4535,-1,-1,-1
37,1,386.16,367.87,88.92,233.99,0.6902,-1,-1,-1
37,2,103.04,547.25,76.63,245.61,0.7344,-1,-1,-1
37,3,1182.55,984.51,64.79,95.47,0.6850,-1,-1,-1
37,4,1723.11,457.44,73.91,209.38,0.6401,-1,-1,-1
37,5,1356.31,569.20,82.00,218.95,0.5677,-1,-1,-1
37,6,-0.11,809.02,65.53,248.49,0.6285,-1,-1,-1
37,7,946.10,200.39,69.30,173.92,0.4378,-1,-1,-1
37,8,494.86,162.11,75.91,193.06,0.4226,-1,-1,-1
37,9,187.15,362.24,62.27,194.90,0.4086,-1,-1,-1
37,10,790.32,148.79,59.86,174.83,0.4360,-1,-1,-1
37,14,1839.80,252.03,63.76,184.99,0.3773,-1,-1,-1
37,17,384.30,993.96,92.22,86.01,0.5152,-1,-1,-1
37,19,1021.84,158.11,61.68,183.66,0.5344,-1,-1,-1
38,1,387.49,366.68,85.17,235.31,0.6937,-1,-1,-1
38,2,102.82,546.88,76.43,245.41,0.7328,-1,-1,-1
38,3,1184.19,984.27,66.92,95.69,0.6922,-1,-1,-1
38,4,1722.60,458.37,74.64,207.48,0.6428,-1,-1,-1
38,5,1355.77,569.18,81.95,214.24,0.6049,-1,-1,-1
38,6,0.19,808.66,66.19,245.65,0.6404,-1,-1,-1
38,7,935.71,202.36,75.77,172.83,0.3836,-1,-1,-1
38,8,494.22,162.68,75.84,192.77,0.4184,-1,-1,-1
38,9,185.85,364.74,61.63,191.63,0.4321,-1,-1,-1
38,10,791.09,149.10,58.90,175.15,0.4243,-1,-1,-1
38,14,1840.57,252.55,62.98,185.21,0.3217,-1,-1,-1
38,17,384.48,992.83,93.40,87.16,0.5469,-1,-1,-1
38,19,1023.72,158.62,60.33,184.30,0.5451,-1,-1,-1
39,1,387.56,365.42,84.40,237.02,0.6891,-1,-1,-1
39,2,102.32,547.25,77.58,244.87,0.7308,-1,-1,-1
39,3,1186.94,983.56,68.65,96.39,0.6789,-1,-1,-1
39,4,1722.59,456.85,73.41,209.75,0.6227,-1,-1,-1
39,5,1357.16,568.07,80.90,217.36,0.5814,-1,-1,-1
39,6,0.62,807.47,65.95,244.47,0.6523,-1,-1,-1
39,7,923.79,201.41,86.61,172.60,0.5013,-1,-1,-1
39,8,494.51,163.29,74.74,191.70,0.4237,-1,-1,-1
39,9,183.38,362.26,63.31,194.61,0.4939,-1,-1,-1
39,10,790.88,148.84,58.90,175.14,0.4153,-1,-1,-1
39,14,1840.40,252.89,64.27,184.73,0.3539,-1,-1,-1
39,17,384.59,991.57,92.79,88.41,0.5276,-1,-1,-1
39,19,1022.07,158.82,62.13,183.03,0.5211,-1,-1,-1
40,1,387.86,366.94,86.64,235.14,0.6972,-1,-1,-1
40,2,102.20,547.00,77.51,244.87,0.7335,-1,-1,-1
40,3,1190.81,983.67,69.28,96.31,0.6545,-1,-1,-1
40,4,1722.73,456.25,73.48,210.99,0.6273,-1,-1,-1
40,5,1357.48,569.48,80.19,212.59,0.6151,-1,-1,-1
40,6,0.87,806.37,65.74,242.15,0.6072,-1,-1,-1
40,7,914.97,197.79,96.12,175.92,0.5105,-1,-1,-1
40,8,494.26,167.08,72.96,191.58,0.4405,-1,-1,-1
40,9,181.21,363.37,62.81,192.70,0.4306,-1,-1,-1
40,10,791.14,148.96,58.07,176.01,0.4046,-1,-1,-1
40,14,1838.07,253.07,67.68,186.88,0.3340,-1,-1,-1
40,17,385.20,989.90,92.74,90.06,0.5279,-1,-1,-1
40,19,1021.73,159.07,62.56,182.46,0.5093,-1,-1,-1
41,1,389.52,366.17,85.25,235.36,0.6909,-1,-1,-1
41,2,102.29,546.69,77.67,245.73,0.7313,-1,-1,-1
41,3,1193.17,984.96,67.56,95.07,0.6802,-1,-1,-1
41,4,1722.49,455.83,73.86,211.11,0.6395,-1,-1,-1
41,5,1356.85,568.81,80.92,215.54,0.6073,-1,-1,-1
41,6,0.75,805.45,66.50,242.90,0.6001,-1,-1,-1
41,7,911.41,203.04,100.35,170.55,0.5440,-1,-1,-1
41,8,495.68,165.97,75.24,191.01,0.3632,-1,-1,-1
41,9,179.72,361.18,62.13,194.66,0.3636,-1,-1,-1
41,10,791.37,149.14,57.33,175.17,0.4079,-1,-1,-1
41,17,385.19,989.21,93.47,90.82,0.4924,-1,-1,-1
41,19,1021.38,159.08,62.74,181.02,0.4771,-1,-1,-1
42,1,390.43,364.57,84.90,235.50,0.7104,-1,-1,-1
42,2,102.20,546.70,78.40,245.76,0.7402,-1,-1,-1
42,3,1195.66,984.80,69.06,95.18,0.6923,-1,-1,-1
42,4,1721.95,454.94,74.06,211.49,0.6461,-1,-1,-1
42,5,1356.90,569.36,80.34,214.37,0.6145,-1,-1,-1
42,6,0.73,802.62,66.71,242.96,0.6312,-1,-1,-1
42,7,908.43,200.53,102.60,173.13,0.5451,-1,-1,-1
42,8,495.41,167.22,75.12,191.92,0.3718,-1,-1,-1
42,9,179.52,369.75,59.75,188.50,0.3295,-1,-1,-1
42,10,791.15,148.86,57.33,176.99,0.4202,-1,-1,-1
42,17,384.24,987.76,94.56,92.22,0.5331,-1,-1,-1
42,19,1021.16,159.50,62.70,181.97,0.4734,-1,-1,-1
43,1,391.24,365.08,85.13,233.26,0.7374,-1,-1,-1
43,2,101.88,546.84,78.42,245.90,0.7338,-1,-1,-1
43,3,1198.46,985.06,70.76,94.92,0.6623,-1,-1,-1
43,4,1722.37,454.67,73.57,212.19,0.6162,-1,-1,-1
43,5,1356.76,569.15,80.52,214.48,0.6090,-1,-1,-1
43,6,0.57,797.54,67.15,232.67,0.6608,-1,-1,-1
43,7,904.42,196.50,104.67,176.50,0.4978,-1,-1,-1
43,8,494.01,168.06,76.77,194.54,0.3847,-1,-1,-1
43,10,790.39,149.29,58.96,176.19,0.4042,-1,-1,-1
43,17,383.15,987.71,95.46,92.36,0.5402,-1,-1,-1
43,19,1021.49,159.83,62.10,183.30,0.4672,-1,-1,-1
44,1,391.55,364.71,85.97,231.50,0.7343,-1,-1,-1
44,2,102.02,547.20,77.84,245.37,0.7334,-1,-1,-1
44,3,1198.96,985.38,71.71,94.61,0.6688,-1,-1,-1
44,4,1720.97,457.62,75.33,209.25,0.6474,-1,-1,-1
44,5,1356.84,569.00,81.08,216.69,0.6236,-1,-1,-1
44,6,0.61,794.58,67.38,229.33,0.6726,-1,-1,-1
44,7,902.86,193.99,100.50,179.42,0.3167,-1,-1,-1
44,8,494.26,169.18,76.22,195.66,0.3771,-1,-1,-1
44,9,175.44,364.97,58.19,190.71,0.3525,-1,-1,-1
44,10,790.96,149.17,58.10,176.14,0.4005,-1,-1,-1
44,14,1840.86,255.42,78.34,194.80,0.3252,-1,-1,-1
44,17,382.61,985.32,95.96,94.61,0.5968,-1,-1,-1
44,19,1021.59,160.26,61.31,184.40,0.4379,-1,-1,-1
45,1,393.14,361.81,85.05,232.28,0.7371,-1,-1,-1
45,2,101.79,546.74,77.49,245.81,0.7425,-1,-1,-1
45,3,1200.19,985.72,72.57,94.27,0.6709,-1,-1,-1
45,4,1721.64,458.76,74.38,207.68,0.6321,-1,-1,-1
45,5,1356.34,568.79,81.03,216.34,0.6345,-1,-1,-1
45,6,0.64,792.64,67.42,228.98,0.6685,-1,-1,-1
45,8,495.46,172.48,74.27,194.11,0.3115,-1,-1,-1
45,9,173.98,358.45,55.57,195.44,0.3643,-1,-1,-1
45,10,790.49,149.16,58.84,175.70,0.4243,-1,-1,-1
45,14,1842.15,256.85,73.13,197.16,0.3492,-1,-1,-1
45,17,381.16,984.82,95.71,95.22,0.5952,-1,-1,-1
45,19,1019.46,161.65,65.59,182.58,0.3991,-1,-1,-1
46,1,395.20,360.63,82.61,231.87,0.7422,-1,-1,-1
46,2,101.68,546.35,77.85,246.26,0.7447,-1,-1,-1
46,3,1200.56,986.22,71.78,93.79,0.6854,-1,-1,-1
46,4,1720.76,459.20,75.05,206.57,0.6155,-1,-1,-1
46,5,1356.17,569.44,82.42,216.92,0.6039,-1,-1,-1
46,6,0.55,790.54,68.19,229.60,0.6718,-1,-1,-1
46,8,491.98,173.98,78.38,193.75,0.3314,-1,-1,-1
46,9,172.42,353.23,54.68,200.38,0.3621,-1,-1,-1
46,10,790.67,149.28,58.26,175.12,0.3893,-1,-1,-1
46,14,1843.34,257.34,74.15,200.88,0.3300,-1,-1,-1
46,17,380.04,978.32,96.57,101.38,0.6033,-1,-1,-1
46,19,1019.13,161.98,65.62,182.24,0.4088,-1,-1,-1
47,1,395.51,358.35,83.44,232.16,0.7461,-1,-1,-1
47,2,101.46,546.31,78.03,246.24,0.7292,-1,-1,-1
47,3,1201.41,986.20,73.09,93.78,0.6670,-1,-1,-1
47,4,1721.38,458.96,74.73,208.04,0.6306,-1,-1,-1
47,5,1356.60,569.49,81.44,215.79,0.5933,-1,-1,-1
47,6,0.66,789.47,68.88,232.09,0.6183,-1,-1,-1
47,7,903.85,173.22,75.40,199.79,0.3144,-1,-1,-1
47,8,507.74,180.00,57.36,186.61,0.3161,-1,-1,-1
47,9,169.65,344.48,58.58,208.80,0.3911,-1,-1,-1
47,10,789.97,149.40,60.30,174.81,0.4296,-1,-1,-1
47,14,1844.57,259.14,73.58,202.32,0.3460,-1,-1,-1
47,17,379.97,972.21,97.25,107.49,0.5909,-1,-1,-1
47,19,1018.98,162.86,63.73,183.61,0.3951,-1,-1,-1
48,1,396.33,356.90,83.65,229.73,0.7647,-1,-1,-1
48,2,101.65,546.08,77.82,246.97,0.7353,-1,-1,-1
48,3,1203.22,984.52,76.60,95.32,0.6326,-1,-1,-1
48,4,1721.50,459.57,74.33,206.10,0.6357,-1,-1,-1
48,5,1356.50,569.06,82.93,216.93,0.6132,-1,-1,-1
48,6,0.55,789.03,70.33,234.44,0.5857,-1,-1,-1
48,8,507.30,183.17,56.96,182.94,0.3326,-1,-1,-1
48,9,168.89,344.64,57.21,211.17,0.3360,-1,-1,-1
48,10,790.62,149.51,59.76,175.62,0.4552,-1,-1,-1
48,14,1847.74,262.96,67.05,200.57,0.3696,-1,-1,-1
48,17,378.83,965.04,98.99,114.66,0.6089,-1,-1,-1
48,19,1018.64,163.14,63.20,183.02,0.3309,-1,-1,-1
49,1,396.24,356.38,84.56,226.57,0.7608,-1,-1,-1
49,2,101.55,546.07,77.86,246.97,0.7393,-1,-1,-1
49,3,1203.44,983.43,77.61,96.51,0.6518,-1,-1,-1
49,4,1720.91,458.73,74.74,207.40,0.6575,-1,-1,-1
49,5,1356.52,569.56,82.50,218.03,0.6018,-1,-1,-1
49,6,0.29,785.63,72.29,246.34,0.6188,-1,-1,-1
49,8,492.59,180.08,75.26,188.51,0.3703,-1,-1,-1
49,9,166.94,353.04,58.62,203.70,0.3555,-1,-1,-1
49,10,790.42,149.19,60.38,176.06,0.4317,-1,-1,-1
49,14,1849.57,264.45,64.62,200.78,0.3337,-1,-1,-1
49,15,862.89,153.02,54.94,174.33,0.3164,-1,-1,-1
49,17,378.38,963.68,99.82,116.38,0.5888,-1,-1,-1
49,19,1016.47,164.68,65.31,182.94,0.3711,-1,-1,-1
50,1,395.86,355.01,85.80,225.95,0.7546,-1,-1,-1
50,2,101.62,546.12,77.89,246.51,0.7482,-1,-1,-1
50,3,1203.57,982.74,78.42,97.22,0.6281,-1,-1,-1
50,4,1721.07,459.10,74.31,206.71,0.6391,-1,-1,-1
50,5,1357.09,569.77,81.48,215.54,0.6122,-1,-1,-1
50,6,0.25,785.27,74.01,249.02,0.6055,-1,-1,-1
50,8,492.10,179.29,76.88,191.42,0.3775,-1,-1,-1
50,10,790.42,149.00,59.64,177.05,0.4070,-1,-1,-1
50,14,1852.59,266.16,66.03,200.03,0.3915,-1,-1,-1
50,17,380.84,961.35,97.75,117.49,0.5867,-1,-1,-1
50,19,1016.92,164.67,61.89,177.01,0.3841,-1,-1,-1
51,1,395.91,354.34,86.66,223.19,0.7538,-1,-1,-1
51,2,101.85,545.51,77.57,247.36,0.7505,-1,-1,-1
51,3,1204.35,981.56,78.83,98.37,0.6111,-1,-1,-1
51,4,1720.57,460.17,74.68,205.20,0.6227,-1,-1,-1
51,5,1357.09,569.19,81.31,214.75,0.6198,-1,-1,-1
51,6,1.04,783.22,73.86,247.35,0.6422,-1,-1,-1
51,8,493.33,180.15,76.15,191.62,0.3679,-1,-1,-1
51,10,790.54,148.70,59.72,177.72,0.4134,-1,-1,-1
51,14,1854.21,266.92,62.83,196.39,0.3626,-1,-1,-1
51,17,381.12,956.84,97.68,122.84,0.5503,-1,-1,-1
51,19,1016.74,166.70,61.76,174.34,0.4440,-1,-1,-1
52,1,396.94,353.14,86.60,224.12,0.7677,-1,-1,-1
52,2,102.18,545.42,76.86,247.02,0.7519,-1,-1,-1
52,3,1203.83,981.70,79.22,98.32,0.6304,-1,-1,-1
52,4,1722.24,456.02,73.07,210.38,0.6266,-1,-1,-1
52,5,1356.89,569.16,81.30,215.43,0.6233,-1,-1,-1
52,6,1.45,782.23,74.75,244.84,0.6113,-1,-1,-1
52,8,489.47,179.95,80.98,191.26,0.3819,-1,-1,-1
52,10,789.69,149.11,60.72,178.15,0.3952,-1,-1,-1
52,17,382.06,952.59,98.48,127.27,0.5450,-1,-1,-1
52,19,1016.20,168.31,63.09,179.44,0.4711,-1,-1,-1
53,1,398.56,351.42,85.09,226.09,0.7697,-1,-1,-1
53,2,102.59,545.16,75.62,247.50,0.7453,-1,-1,-1
53,3,1203.87,979.99,79.09,99.94,0.6525,-1,-1,-1
53,4,1722.18,455.96,73.42,209.43,0.6261,-1,-1,-1
53,5,1357.14,569.53,81.70,213.61,0.6401,-1,-1,-1
53,6,3.21,780.99,72.59,241.84,0.6510,-1,-1,-1
53,8,488.59,180.31,83.02,190.80,0.4034,-1,-1,-1
53,10,789.20,148.43,61.50,177.86,0.4121,-1,-1,-1
53,14,1860.00,265.03,59.48,197.73,0.3205,-1,-1,-1
53,17,381.99,949.98,101.33,129.60,0.6933,-1,-1,-1
53,19,1015.94,169.07,62.62,181.71,0.4505,-1,-1,-1
54,1,398.50,350.93,85.59,226.67,0.7711,-1,-1,-1
54,2,102.50,544.87,75.70,248.16,0.7479,-1,-1,-1
54,3,1202.87,979.78,80.51,100.22,0.6571,-1,-1,-1
54,4,1722.02,456.04,73.49,209.94,0.6240,-1,-1,-1
54,5,1356.95,569.13,82.14,214.05,0.6411,-1,-1,-1
54,6,5.47,778.20,70.34,237.18,0.6455,-1,-1,-1
54,8,488.22,180.25,84.35,190.68,0.3868,-1,-1,-1
54,10,789.58,148.77,61.62,176.97,0.3981,-1,-1,-1
54,14,1861.91,262.74,57.44,203.69,0.3113,-1,-1,-1
54,17,382.94,948.86,103.59,129.42,0.7180,-1,-1,-1
54,19,1013.88,171.22,62.22,181.79,0.4274,-1,-1,-1
55,1,399.56,349.69,84.71,228.61,0.7785,-1,-1,-1
55,2,102.49,545.17,75.78,248.59,0.7363,-1,-1,-1
55,3,1203.20,979.00,80.66,100.99,0.6651,-1,-1,-1
55,4,1722.23,456.92,74.17,210.75,0.6376,-1,-1,-1
55,5,1357.64,569.04,80.89,215.46,0.6082,-1,-1,-1
55,6,7.30,774.25,69.49,237.40,0.6805,-1,-1,-1
55,8,488.49,179.91,84.05,191.40,0.4235,-1,-1,-1
55,10,790.05,148.98,60.97,176.78,0.4251,-1,-1,-1
55,14,1864.46,262.08,55.10,207.49,0.3406,-1,-1,-1
55,17,383.08,947.20,106.51,131.65,0.6929,-1,-1,-1
55,19,1012.26,173.47,62.92,181.63,0.4561,-1,-1,-1
56,1,400.07,349.36,84.24,229.82,0.7878,-1,-1,-1
56,2,102.50,544.39,75.97,249.31,0.7376,-1,-1,-1
56,3,1202.89,977.31,80.87,102.63,0.6744,-1,-1,-1
56,4,1721.93,455.81,73.50,210.64,0.6445,-1,-1,-1
56,5,1357.08,569.23,80.71,216.34,0.6102,-1,-1,-1
56,6,7.80,771.95,70.25,235.13,0.6943,-1,-1,-1
56,8,488.66,179.99,81.83,191.44,0.4782,-1,-1,-1
56,10,790.08,148.77,61.46,177.76,0.4100,-1,-1,-1
56,16,1472.58,216.22,65.64,191.53,0.3182,-1,-1,-1
56,17,383.97,946.73,106.09,132.97,0.6985,-1,-1,-1
56,19,1014.07,175.04,60.18,180.24,0.4680,-1,-1,-1
57,1,400.01,348.14,83.76,230.86,0.7938,-1,-1,-1
57,2,102.36,544.91,76.07,249.50,0.7329,-1,-1,-1
57,3,1202.07,976.17,81.71,103.81,0.6850,-1,-1,-1
57,4,1721.76,458.68,73.44,207.17,0.6509,-1,-1,-1
57,5,1356.86,569.08,81.62,213.46,0.6174,-1,-1,-1
57,6,6.47,771.01,72.00,230.67,0.7197,-1,-1,-1
57,8,487.99,180.90,81.42,190.85,0.4590,-1,-1,-1
57,10,789.85,148.67,62.10,178.76,0.4009,-1,-1,-1
57,16,1470.82,215.64,64.87,190.39,0.3341,-1,-1,-1
57,17,385.69,945.94,105.57,133.44,0.7176,-1,-1,-1
57,19,1011.35,176.46,61.04,179.71,0.4636,-1,-1,-1
58,1,399.76,347.21,84.57,231.52,0.7873,-1,-1,-1
58,2,102.74,545.30,75.42,249.09,0.7288,-1,-1,-1
58,3,1201.22,976.25,83.20,103.77,0.6688,-1,-1,-1
58,4,1722.21,455.61,72.82,209.73,0.6400,-1,-1,-1
58,5,1357.15,569.49,81.12,214.87,0.6247,-1,-1,-1
58,6,6.57,767.33,74.15,229.07,0.7118,-1,-1,-1
58,8,488.40,181.48,80.12,191.06,0.4484,-1,-1,-1
58,10,790.24,148.99,61.54,178.55,0.3946,-1,-1,-1
58,16,1469.33,214.37,64.49,189.20,0.3099,-1,-1,-1
58,17,387.43,944.85,104.05,135.11,0.6723,-1,-1,-1
58,19,1011.11,179.30,59.85,179.04,0.4566,-1,-1,-1
59,1,401.31,345.61,83.51,233.26,0.7851,-1,-1,-1
59,2,102.71,545.13,75.29,249.46,0.7327,-1,-1,-1
59,3,1199.31,975.72,85.21,104.28,0.6719,-1,-1,-1
59,4,1723.00,455.99,72.95,210.90,0.6377,-1,-1,-1
59,5,1356.99,568.64,81.45,213.15,0.6413,-1,-1,-1
59,6,6.37,765.25,75.88,224.98,0.7217,-1,-1,-1
59,8,488.37,181.94,81.60,191.52,0.4378,-1,-1,-1
59,10,789.51,148.86,60.81,178.51,0.3894,-1,-1,-1
59,17,388.21,943.56,103.14,136.09,0.7142,-1,-1,-1
59,19,1009.93,180.39,60.71,178.36,0.3744,-1,-1,-1
60,1,402.06,346.00,82.18,231.55,0.7925,-1,-1,-1
60,2,102.20,545.20,75.85,250.53,0.7259,-1,-1,-1
60,3,1198.99,974.72,85.17,105.26,0.6700,-1,-1,-1
60,4,1721.98,458.74,73.62,207.49,0.6275,-1,-1,-1
60,5,1356.84,569.05,81.25,215.28,0.6262,-1,-1,-1
60,6,9.50,760.28,70.27,225.27,0.7345,-1,-1,-1
60,8,488.86,183.17,80.24,191.14,0.4531,-1,-1,-1
60,10,789.73,148.66,61.45,184.16,0.4231,-1,-1,-1
60,16,1466.63,211.94,64.17,192.42,0.3100,-1,-1,-1
60,17,387.70,940.35,105.43,138.64,0.7101,-1,-1,-1
60,19,1006.73,181.31,63.17,177.99,0.3406,-1,-1,-1
61,1,401.70,344.35,82.47,230.94,0.7977,-1,-1,-1
61,2,103.01,546.34,74.13,247.68,0.7279,-1,-1,-1
61,3,1196.46,972.09,86.08,107.80,0.6306,-1,-1,-1
61,4,1722.71,457.70,72.06,207.57,0.6112,-1,-1,-1
61,5,1357.31,569.29,80.88,214.12,0.6299,-1,-1,-1
61,6,10.26,758.09,68.92,225.79,0.7307,-1,-1,-1
61,8,493.42,189.61,72.39,187.03,0.4803,-1,-1,-1
61,10,788.83,148.55,62.88,187.45,0.3661,-1,-1,-1
61,17,386.93,938.95,107.78,140.57,0.6141,-1,-1,-1
61,19,1007.15,181.93,61.85,176.78,0.3029,-1,-1,-1
62,1,402.14,343.04,81.71,230.90,0.7907,-1,-1,-1
62,2,103.03,546.84,74.23,247.44,0.7287,-1,-1,-1
62,3,1195.79,972.38,86.52,107.67,0.6220,-1,-1,-1
62,4,1722.51,456.49,73.25,209.22,0.6000,-1,-1,-1
62,5,1357.70,569.27,80.43,214.71,0.6174,-1,-1,-1
62,6,10.94,756.41,68.86,225.89,0.7302,-1,-1,-1
62,8,492.93,190.27,72.88,188.87,0.4967,-1,-1,-1
62,10,790.24,148.19,61.02,186.94,0.3199,-1,-1,-1
62,17,385.59,936.62,108.54,142.01,0.5694,-1,-1,-1
62,19,1008.21,183.98,60.71,175.10,0.3032,-1,-1,-1
63,1,402.05,341.02,82.25,232.16,0.7965,-1,-1,-1
63,2,103.21,546.70,73.86,247.38,0.7298,-1,-1,-1
63,3,1194.16,971.93,87.52,108.09,0.6573,-1,-1,-1
63,4,1721.51,458.61,74.33,207.52,0.5906,-1,-1,-1
63,5,1356.93,568.87,81.18,213.58,0.6020,-1,-1,-1
63,6,10.32,755.49,71.33,229.62,0.7189,-1,-1,-1
63,8,491.31,188.51,74.49,195.57,0.5326,-1,-1,-1
63,17,385.86,934.64,106.91,144.29,0.6604,-1,-1,-1
64,1,402.30,338.44,82.41,232.17,0.7907,-1,-1,-1
64,2,102.46,546.42,74.78,248.67,0.7195,-1,-1,-1
64,3,1192.83,973.38,86.95,106.70,0.6856,-1,-1,-1
64,4,1721.96,456.40,73.75,209.56,0.6059,-1,-1,-1
64,5,1356.09,569.54,81.60,215.86,0.5977,-1,-1,-1
64,6,11.03,753.72,70.88,229.80,0.7204,-1,-1,-1
64,8,493.24,191.52,72.54,194.34,0.4907,-1,-1,-1
64,17,385.05,930.59,108.90,148.71,0.6716,-1,-1,-1
64,19,1003.83,186.38,62.35,171.30,0.3625,-1,-1,-1
65,1,402.01,336.81,82.77,232.19,0.7933,-1,-1,-1
65,2,102.72,547.09,74.59,246.89,0.7280,-1,-1,-1
65,3,1192.21,973.42,85.09,106.61,0.6846,-1,-1,-1
65,4,1720.48,459.67,75.40,206.70,0.6133,-1,-1,-1
65,5,1356.04,569.13,82.99,214.29,0.6283,-1,-1,-1
65,6,11.04,752.81,71.00,233.02,0.7136,-1,-1,-1
65,8,494.03,191.81,72.07,194.90,0.5081,-1,-1,-1
65,17,385.51,923.49,107.36,155.91,0.5634,-1,-1,-1
65,19,1003.59,187.23,62.43,171.55,0.3134,-1,-1,-1
66,1,402.23,334.91,83.23,231.95,0.7929,-1,-1,-1
66,2,102.69,546.33,75.64,247.94,0.7208,-1,-1,-1
66,3,1190.03,971.70,84.80,108.26,0.7063,-1,-1,-1
66,4,1719.75,459.35,75.84,207.75,0.6260,-1,-1,-1
66,5,1355.83,568.58,83.35,216.26,0.6046,-1,-1,-1
66,6,10.91,751.37,71.34,234.33,0.7134,-1,-1,-1
66,8,496.24,190.76,68.88,196.06,0.5281,-1,-1,-1
66,17,387.23,917.32,104.13,162.40,0.5605,-1,-1,-1
66,19,1004.23,187.98,60.07,174.45,0.3622,-1,-1,-1
67,1,402.08,333.95,84.71,228.98,0.7944,-1,-1,-1
67,2,102.75,546.79,75.82,247.51,0.7250,-1,-1,-1
67,3,1188.55,971.78,86.48,108.24,0.6942,-1,-1,-1
67,4,1720.61,458.95,74.89,206.83,0.5965,-1,-1,-1
67,5,1356.90,569.08,81.56,214.28,0.5982,-1,-1,-1
67,6,10.53,749.21,71.70,237.24,0.7028,-1,-1,-1
67,8,495.37,190.95,69.87,199.61,0.5657,-1,-1,-1
67,17,385.57,913.44,105.68,164.91,0.6553,-1,-1,-1
67,19,1002.51,187.64,59.49,175.31,0.4069,-1,-1,-1
68,1,402.99,333.58,84.20,226.76,0.7902,-1,-1,-1
68,2,102.65,546.62,75.94,247.84,0.7294,-1,-1,-1
68,3,1185.15,969.80,86.06,110.14,0.6957,-1,-1,-1
68,4,1721.54,459.48,74.10,206.97,0.6081,-1,-1,-1
68,5,1356.55,568.15,82.22,216.10,0.5953,-1,-1,-1
68,6,10.41,746.74,71.97,241.13,0.7077,-1,-1,-1
68,8,495.22,192.41,69.20,197.36,0.5750,-1,-1,-1
68,17,384.85,911.94,106.58,166.06,0.7051,-1,-1,-1
68,19,1001.07,188.10,61.30,176.69,0.4874,-1,-1,-1
69,1,402.60,332.30,85.55,225.71,0.7834,-1,-1,-1
69,2,102.82,546.62,75.20,248.24,0.7309,-1,-1,-1
69,3,1183.75,969.64,86.08,110.32,0.6797,-1,-1,-1
69,4,1722.70,457.13,74.45,212.26,0.5947,-1,-1,-1
69,5,1356.80,568.74,81.79,217.24,0.5962,-1,-1,-1
69,6,10.52,744.82,71.98,241.93,0.7102,-1,-1,-1
69,8,492.33,193.38,74.97,195.59,0.5869,-1,-1,-1
69,17,384.54,910.53,107.00,168.24,0.6853,-1,-1,-1
69,19,1000.73,187.81,62.09,177.23,0.5338,-1,-1,-1
70,1,402.66,331.47,86.08,223.98,0.7903,-1,-1,-1
70,2,103.16,546.28,74.69,248.44,0.7319,-1,-1,-1
70,3,1182.34,969.20,85.73,110.80,0.6649,-1,-1,-1
70,4,1722.95,455.31,74.30,212.53,0.6157,-1,-1,-1
70,5,1356.25,568.40,83.18,217.69,0.6087,-1,-1,-1
70,6,10.89,743.18,71.84,237.70,0.7152,-1,-1,-1
70,8,490.38,195.38,78.19,193.59,0.5919,-1,-1,-1
70,17,384.09,907.41,107.22,172.16,0.6793,-1,-1,-1
70,19,1000.38,187.70,61.36,178.05,0.5581,-1,-1,-1
71,1,403.07,329.95,85.45,223.72,0.7909,-1,-1,-1
71,2,102.25,545.11,76.06,250.44,0.7292,-1,-1,-1
71,3,1181.29,968.22,85.98,111.76,0.6676,-1,-1,-1
71,4,1722.30,456.56,74.88,211.11,0.6225,-1,-1,-1
71,5,1357.04,568.88,82.05,218.65,0.5627,-1,-1,-1
71,6,11.23,741.43,72.35,230.97,0.7212,-1,-1,-1
71,7,786.50,150.77,76.72,219.58,0.3588,-1,-1,-1
71,8,492.30,193.28,77.61,195.86,0.6135,-1,-1,-1
71,15,846.78,168.11,50.44,174.65,0.3337,-1,-1,-1
71,17,380.49,905.18,111.15,174.83,0.7093,-1,-1,-1
71,19,998.53,188.09,60.16,178.21,0.5614,-1,-1,-1
72,1,403.39,328.38,85.57,225.67,0.7885,-1,-1,-1
72,2,102.14,544.49,76.04,250.75,0.7259,-1,-1,-1
72,3,1180.21,965.86,85.07,114.04,0.5933,-1,-1,-1
72,4,1722.40,457.06,74.46,210.33,0.6192,-1,-1,-1
72,5,1357.22,569.12,82.22,218.17,0.6062,-1,-1,-1
72,6,10.76,737.63,73.65,228.41,0.7274,-1,-1,-1
72,7,780.19,147.36,84.71,222.57,0.3792,-1,-1,-1
72,8,487.37,193.32,84.13,196.33,0.5970,-1,-1,-1
72,15,843.96,169.49,52.74,175.88,0.3494,-1,-1,-1
72,17,379.84,903.74,111.26,176.30,0.7213,-1,-1,-1
72,19,998.27,188.46,58.29,178.92,0.5725,-1,-1,-1
73,1,404.50,327.84,84.80,227.23,0.7872,-1,-1,-1
73,2,101.87,545.17,76.33,250.02,0.7321,-1,-1,-1
73,3,1179.25,965.12,86.20,114.88,0.6094,-1,-1,-1
73,4,1722.87,456.20,74.47,213.08,0.6133,-1,-1,-1
73,5,1356.81,569.40,83.16,216.05,0.6160,-1,-1,-1
73,6,10.71,734.32,74.23,229.14,0.7478,-1,-1,-1
73,7,775.87,148.43,88.61,220.53,0.3039,-1,-1,-1
73,8,485.06,193.08,87.89,196.80,0.5927,-1,-1,-1
73,15,845.30,170.54,51.56,177.65,0.3473,-1,-1,-1
73,17,378.50,902.85,112.49,177.21,0.7151,-1,-1,-1
73,19,996.86,189.55,57.33,178.93,0.5500,-1,-1,-1
74,1,405.29,327.77,84.07,226.37,0.7842,-1,-1,-1
74,2,102.32,545.58,75.34,248.69,0.7220,-1,-1,-1
74,3,1178.13,965.03,87.42,115.01,0.6237,-1,-1,-1
74,4,1721.81,459.93,74.48,207.24,0.5958,-1,-1,-1
74,5,1356.47,569.55,82.92,214.99,0.6195,-1,-1,-1
74,6,10.73,732.12,74.86,225.49,0.7514,-1,-1,-1
74,8,484.68,194.90,88.90,195.00,0.5599,-1,-1,-1
74,15,844.92,171.37,53.24,179.44,0.3055,-1,-1,-1
74,17,378.84,900.76,111.88,179.27,0.6885,-1,-1,-1
74,19,998.14,190.10,54.59,181.04,0.5586,-1,-1,-1
75,1,405.12,326.95,84.33,226.95,0.7785,-1,-1,-1
75,2,101.86,545.10,75.42,249.52,0.7284,-1,-1,-1
75,3,1176.95,964.55,88.57,115.46,0.6363,-1,-1,-1
75,4,1722.27,457.18,74.26,211.81,0.6187,-1,-1,-1
75,5,1356.80,569.94,82.48,211.93,0.6548,-1,-1,-1
75,6,10.80,731.29,74.63,227.47,0.7486,-1,-1,-1
75,8,482.88,196.55,89.51,193.67,0.5708,-1,-1,-1
75,15,843.15,172.22,54.63,184.64,0.3013,-1,-1,-1
75,17,379.47,898.32,110.84,181.69,0.6778,-1,-1,-1
75,19,994.56,189.08,57.70,183.93,0.6141,-1,-1,-1
76,1,406.70,326.64,82.99,227.63,0.7724,-1,-1,-1
76,2,102.03,544.15,74.81,250.50,0.7220,-1,-1,-1
76,3,1176.80,963.95,88.66,116.05,0.6886,-1,-1,-1
76,4,1721.04,459.49,74.81,206.74,0.6303,-1,-1,-1
76,5,1356.15,570.62,83.18,212.42,0.6477,-1,-1,-1
76,6,11.05,729.49,74.08,230.96,0.7470,-1,-1,-1
76,8,486.32,200.14,86.67,191.24,0.5540,-1,-1,-1
76,16,1436.73,205.76,65.57,191.03,0.3226,-1,-1,-1
76,17,381.02,895.18,108.21,184.80,0.6904,-1,-1,-1
76,19,994.02,188.98,57.72,182.23,0.5748,-1,-1,-1
77,1,407.05,325.25,83.39,229.51,0.7668,-1,-1,-1
77,2,102.20,544.27,73.85,250.36,0.7224,-1,-1,-1
77,3,1176.71,963.93,88.24,116.09,0.6972,-1,-1,-1
77,4,1721.17,458.79,74.69,206.23,0.6226,-1,-1,-1
77,5,1355.86,569.90,84.78,214.89,0.6321,-1,-1,-1
77,6,11.11,728.06,74.10,231.25,0.7515,-1,-1,-1
77,8,494.23,201.73,77.67,188.66,0.5687,-1,-1,-1
77,16,1436.16,205.54,64.84,189.38,0.3562,-1,-1,-1
77,17,382.72,893.22,106.10,186.80,0.7466,-1,-1,-1
77,19,993.33,190.09,58.39,180.59,0.5922,-1,-1,-1
78,1,406.79,324.78,83.51,229.48,0.7694,-1,-1,-1
78,2,101.83,544.23,73.75,249.91,0.7233,-1,-1,-1
78,3,1176.36,963.10,88.32,116.90,0.7207,-1,-1,-1
78,4,1720.88,459.87,75.36,205.66,0.6372,-1,-1,-1
78,5,1355.40,571.54,85.30,214.54,0.6380,-1,-1,-1
78,6,10.64,727.02,75.91,233.96,0.7458,-1,-1,-1
78,8,490.69,205.16,78.37,186.37,0.6007,-1,-1,-1
78,16,1434.34,205.19,65.00,189.92,0.3353,-1,-1,-1
78,17,382.91,890.81,104.93,189.19,0.7540,-1,-1,-1
78,19,994.36,188.87,56.41,181.16,0.5644,-1,-1,-1
79,1,408.09,324.60,82.23,230.45,0.7798,-1,-1,-1
79,2,102.04,545.32,73.42,248.33,0.7258,-1,-1,-1
79,3,1176.26,963.18,88.06,116.84,0.7240,-1,-1,-1
79,4,1720.92,458.56,74.72,206.77,0.6468,-1,-1,-1
79,5,1355.21,572.47,85.28,213.53,0.6071,-1,-1,-1
79,6,11.49,726.70,75.83,233.01,0.7472,-1,-1,-1
79,8,489.70,202.73,80.76,192.09,0.5841,-1,-1,-1
79,17,385.90,887.14,101.68,192.83,0.7680,-1,-1,-1
79,19,992.13,190.42,58.35,178.62,0.5754,-1,-1,-1
80,1,409.65,324.40,80.80,229.39,0.7780,-1,-1,-1
80,2,102.24,545.65,72.97,248.20,0.7273,-1,-1,-1
80,3,1175.34,962.42,88.31,117.57,0.7371,-1,-1,-1
80,4,1721.07,459.97,75.12,206.08,0.6344,-1,-1,-1
80,5,1356.49,572.35,85.63,216.70,0.5754,-1,-1,-1
80,6,12.07,725.49,76.85,234.00,0.7277,-1,-1,-1
80,8,491.62,203.50,79.37,194.38,0.5726,-1,-1,-1
80,17,387.09,882.00,100.29,197.95,0.7885,-1,-1,-1
80,19,990.88,190.58,58.38,183.92,0.6078,-1,-1,-1
81,1,410.08,323.76,80.40,227.39,0.7615,-1,-1,-1
81,2,102.69,544.82,72.08,248.53,0.7278,-1,-1,-1
81,3,1176.76,961.91,86.33,118.09,0.7442,-1,-1,-1
81,4,1721.61,459.21,74.77,206.46,0.6201,-1,-1,-1
81,5,1355.61,571.71,85.94,217.67,0.5507,-1,-1,-1
81,6,13.20,724.91,75.30,233.68,0.7207,-1,-1,-1
81,8,492.21,204.25,78.48,196.57,0.5468,-1,-1,-1
81,16,1427.34,202.40,60.31,187.70,0.3166,-1,-1,-1
81,17,387.92,878.92,99.72,201.08,0.7855,-1,-1,-1
81,19,989.84,191.22,58.41,182.91,0.6100,-1,-1,-1
82,1,412.51,323.60,79.69,226.38,0.7528,-1,-1,-1
82,2,102.39,545.92,72.27,246.77,0.7279,-1,-1,-1
82,3,1176.21,961.42,85.43,118.58,0.7317,-1,-1,-1
82,4,1721.48,459.37,74.47,206.71,0.6201,-1,-1,-1
82,5,1355.85,571.91,85.76,217.63,0.5451,-1,-1,-1
82,6,13.24,721.87,77.24,236.49,0.7266,-1,-1,-1
82,8,494.70,207.15,76.58,194.95,0.5545,-1,-1,-1
82,16,1426.09,199.84,60.45,188.64,0.3005,-1,-1,-1
82,17,386.83,875.42,101.84,204.57,0.7833,-1,-1,-1
82,19,988.67,190.98,57.60,183.25,0.6095,-1,-1,-1
83,1,411.92,321.83,81.52,226.16,0.7641,-1,-1,-1
83,2,101.86,545.85,72.44,247.44,0.7278,-1,-1,-1
83,3,1175.51,961.88,84.68,118.16,0.7057,-1,-1,-1
83,4,1722.13,459.61,73.68,204.96,0.6159,-1,-1,-1
83,5,1356.24,571.27,85.66,218.95,0.5500,-1,-1,-1
83,6,14.85,720.50,75.62,237.82,0.7177,-1,-1,-1
83,8,494.27,207.16,78.71,194.93,0.5793,-1,-1,-1
83,16,1424.39,201.15,60.60,187.23,0.3057,-1,-1,-1
83,17,388.07,873.40,101.63,206.62,0.7796,-1,-1,-1
83,19,987.01,191.50,57.73,182.48,0.5994,-1,-1,-1
84,1,413.64,320.01,79.89,225.95,0.7627,-1,-1,-1
84,2,102.13,545.96,72.48,247.45,0.7183,-1,-1,-1
84,3,1174.81,961.54,84.49,118.46,0.7224,-1,-1,-1
84,4,1721.61,459.56,74.49,205.87,0.5940,-1,-1,-1
84,5,1356.26,571.92,85.40,216.75,0.5437,-1,-1,-1
84,6,14.87,718.68,75.38,239.76,0.7199,-1,-1,-1
84,8,496.07,208.40,77.08,196.55,0.5983,-1,-1,-1
84,10,793.99,149.19,55.43,170.99,0.3684,-1,-1,-1
84,17,388.25,871.13,102.55,208.88,0.7700,-1,-1,-1
84,19,985.94,191.84,57.47,182.23,0.6085,-1,-1,-1
85,1,413.45,318.42,81.94,224.47,0.7575,-1,-1,-1
85,2,101.79,544.97,73.09,249.26,0.7187,-1,-1,-1
85,3,1174.60,961.55,83.89,118.47,0.7154,-1,-1,-1
85,4,1721.03,460.58,75.16,205.76,0.5994,-1,-1,-1
85,5,1356.83,573.25,85.82,221.32,0.4904,-1,-1,-1
85,6,15.69,717.85,76.59,240.32,0.7212,-1,-1,-1
85,8,496.03,209.22,77.52,195.07,0.5914,-1,-1,-1
85,10,793.35,149.36,54.92,170.75,0.3151,-1,-1,-1
85,17,388.75,869.27,102.77,210.75,0.7789,-1,-1,-1
85,19,983.09,190.60,59.52,184.88,0.5486,-1,-1,-1
86,1,414.52,317.34,81.60,221.39,0.7630,-1,-1,-1
86,2,101.98,546.07,73.41,247.34,0.7209,-1,-1,-1
86,3,1172.54,961.16,85.47,118.84,0.7081,-1,-1,-1
86,4,1722.11,457.49,74.93,209.67,0.6081,-1,-1,-1
86,5,1357.24,573.51,85.28,214.34,0.5336,-1,-1,-1
86,6,17.21,715.91,75.78,235.07,0.7461,-1,-1,-1
86,8,496.24,209.02,78.35,197.76,0.6102,-1,-1,-1
86,10,793.06,149.50,56.08,172.27,0.3062,-1,-1,-1
86,16,1419.65,198.28,60.52,189.95,0.3150,-1,-1,-1
86,17,389.50,866.55,102.81,213.45,0.7884,-1,-1,-1
86,19,980.59,191.35,60.73,185.07,0.4825,-1,-1,-1
87,1,413.97,316.69,84.17,220.32,0.7753,-1,-1,-1
87,2,101.99,545.66,73.61,247.18,0.7339,-1,-1,-1
87,3,1173.41,960.69,83.31,119.31,0.7056,-1,-1,-1
87,4,1721.14,460.25,74.56,206.71,0.6337,-1,-1,-1
87,5,1357.08,573.73,84.01,215.01,0.5166,-1,-1,-1
87,6,18.95,713.54,74.16,225.23,0.7605,-1,-1,-1
87,8,495.70,209.85,80.55,195.86,0.6204,-1,-1,-1
87,10,792.03,149.24,57.14,173.31,0.3228,-1,-1,-1
87,15,835.15,179.44,61.39,189.33,0.3396,-1,-1,-1
87,17,389.75,864.75,103.94,215.26,0.7884,-1,-1,-1
87,19,978.61,191.68,62.52,181.47,0.4578,-1,-1,-1
87,21,747.52,186.88,51.96,178.14,0.4062,-1,-1,-1
88,1,413.72,315.43,85.07,220.08,0.7855,-1,-1,-1
88,2,101.98,546.30,73.60,246.31,0.7177,-1,-1,-1
88,3,1170.85,960.28,84.23,119.72,0.7422,-1,-1,-1
88,4,1720.67,460.19,74.91,206.30,0.6468,-1,-1,-1
88,5,1357.29,572.79,84.09,216.01,0.5495,-1,-1,-1
88,6,18.64,710.17,75.04,225.90,0.7287,-1,-1,-1
88,8,497.19,209.41,81.36,197.81,0.6166,-1,-1,-1
88,10,791.78,150.23,56.88,170.68,0.3240,-1,-1,-1
88,17,390.17,862.30,105.67,217.71,0.8054,-1,-1,-1
88,19,976.70,191.29,63.27,186.02,0.4209,-1,-1,-1
88,21,742.65,187.06,55.87,177.09,0.3602,-1,-1,-1
89,1,413.98,313.80,84.69,220.12,0.7766,-1,-1,-1
89,2,101.93,546.35,73.57,245.55,0.7233,-1,-1,-1
89,3,1171.28,959.80,81.33,120.11,0.7522,-1,-1,-1
89,4,1720.10,458.98,74.93,207.42,0.6361,-1,-1,-1
89,5,1357.17,573.90,84.44,217.89,0.5392,-1,-1,-1
89,6,18.00,705.44,76.89,227.70,0.7358,-1,-1,-1
89,8,497.48,208.14,83.13,199.48,0.6147,-1,-1,-1
89,17,391.60,861.72,103.79,218.31,0.8131,-1,-1,-1
89,19,975.53,193.42,64.08,185.08,0.4931,-1,-1,-1
90,1,414.99,312.46,84.20,220.49,0.7463,-1,-1,-1
90,2,101.72,546.69,73.82,245.18,0.7134,-1,-1,-1
90,3,1170.63,958.54,80.87,121.44,0.7640,-1,-1,-1
90,4,1720.42,459.40,74.42,206.74,0.6227,-1,-1,-1
90,5,1356.77,572.96,83.01,216.58,0.5371,-1,-1,-1
90,6,20.24,703.94,74.22,227.94,0.7339,-1,-1,-1
90,8,499.05,207.28,84.22,198.99,0.5991,-1,-1,-1
90,17,392.60,860.23,102.77,219.78,0.8173,-1,-1,-1
90,19,974.23,195.30,64.98,184.72,0.4124,-1,-1,-1
91,1,416.39,311.07,82.05,223.07,0.7442,-1,-1,-1
91,2,102.11,546.94,73.60,244.70,0.7042,-1,-1,-1
91,3,1169.33,957.28,80.80,122.71,0.7737,-1,-1,-1
91,4,1720.18,460.31,74.64,206.59,0.6289,-1,-1,-1
91,5,1356.86,572.12,83.68,219.72,0.5257,-1,-1,-1
91,6,21.20,700.76,73.83,226.94,0.7229,-1,-1,-1
91,8,501.96,208.48,78.76,199.18,0.5637,-1,-1,-1
91,17,391.94,857.82,104.32,222.18,0.8023,-1,-1,-1
91,19,974.06,193.51,63.08,184.04,0.3692,-1,-1,-1
92,1,416.73,310.94,82.50,223.95,0.7394,-1,-1,-1
92,2,102.21,546.69,73.36,245.07,0.7011,-1,-1,-1
92,3,1169.10,956.92,79.00,123.09,0.7608,-1,-1,-1
92,4,1720.84,459.99,74.48,206.84,0.6310,-1,-1,-1
92,5,1357.18,572.05,83.11,216.34,0.5328,-1,-1,-1
92,6,22.52,696.74,72.06,229.55,0.7176,-1,-1,-1
92,8,500.08,212.14,79.74,195.55,0.5911,-1,-1,-1
92,17,392.76,854.22,102.53,225.76,0.7953,-1,-1,-1
92,19,972.39,195.64,63.09,183.10,0.3984,-1,-1,-1
93,1,417.14,309.81,82.41,225.00,0.7306,-1,-1,-1
93,2,102.25,547.04,72.89,244.78,0.6920,-1,-1,-1
93,3,1168.12,956.71,78.36,123.29,0.7792,-1,-1,-1
93,4,1720.71,459.98,74.74,206.42,0.6208,-1,-1,-1
93,5,1356.90,571.90,82.75,216.44,0.5182,-1,-1,-1
93,6,23.53,698.22,71.24,225.55,0.7093,-1,-1,-1
93,8,501.66,209.35,78.74,198.32,0.5532,-1,-1,-1
93,17,393.81,850.92,102.75,229.07,0.8024,-1,-1,-1
93,19,973.09,195.54,61.72,185.94,0.3527,-1,-1,-1
94,1,417.10,309.21,82.44,225.02,0.7310,-1,-1,-1
94,2,102.10,547.15,73.65,244.59,0.6883,-1,-1,-1
94,3,1167.30,955.51,76.75,124.48,0.7913,-1,-1,-1
94,4,1721.64,460.22,74.35,207.03,0.6233,-1,-1,-1
94,5,1356.92,572.48,83.51,217.16,0.4741,-1,-1,-1
94,6,23.85,697.38,70.82,224.69,0.7143,-1,-1,-1
94,8,501.37,211.02,77.59,199.08,0.5256,-1,-1,-1
94,17,394.27,849.01,102.70,231.01,0.7916,-1,-1,-1
94,19,971.99,197.06,61.94,186.14,0.3334,-1,-1,-1
95,1,416.44,307.98,82.88,226.86,0.7427,-1,-1,-1
95,2,101.93,547.12,73.77,244.34,0.6853,-1,-1,-1
95,3,1165.54,953.66,77.68,126.31,0.7874,-1,-1,-1
95,4,1721.77,460.02,73.30,206.96,0.6117,-1,-1,-1
95,5,1356.79,573.68,83.46,216.35,0.4456,-1,-1,-1
95,6,25.42,696.44,68.93,226.24,0.7151,-1,-1,-1
95,8,503.51,213.20,76.13,199.29,0.4969,-1,-1,-1
95,17,395.26,843.67,100.95,236.28,0.7974,-1,-1,-1
95,19,971.11,197.48,61.51,188.13,0.3203,-1,-1,-1
96,1,417.73,307.30,84.02,227.09,0.7600,-1,-1,-1
96,2,101.80,546.88,73.61,243.93,0.6778,-1,-1,-1
96,3,1164.86,953.17,75.91,126.84,0.7955,-1,-1,-1
96,4,1721.56,458.97,73.69,207.09,0.6219,-1,-1,-1
96,5,1357.00,573.69,84.43,220.86,0.4978,-1,-1,-1
96,6,26.18,694.15,68.30,229.37,0.7193,-1,-1,-1
96,8,507.83,211.98,78.39,203.85,0.5504,-1,-1,-1
96,17,395.22,841.37,100.58,238.63,0.8076,-1,-1,-1
96,19,968.52,199.64,61.04,189.97,0.4080,-1,-1,-1
96,22,1170.31,155.91,89.13,167.22,0.3009,-1,-1,-1
97,1,417.52,306.79,83.25,227.40,0.7582,-1,-1,-1
97,2,101.96,547.02,73.40,244.91,0.6833,-1,-1,-1
97,3,1163.29,951.49,74.91,128.49,0.7830,-1,-1,-1
97,4,1721.82,459.48,74.09,207.75,0.6386,-1,-1,-1
97,5,1356.53,572.41,83.77,221.47,0.5215,-1,-1,-1
97,6,25.73,693.22,69.16,228.85,0.7185,-1,-1,-1
97,8,509.98,213.45,74.84,204.49,0.5288,-1,-1,-1
97,17,395.46,841.28,98.24,238.77,0.8020,-1,-1,-1
97,19,966.43,199.48,61.14,190.88,0.3787,-1,-1,-1
98,1,418.35,305.14,82.62,229.19,0.7627,-1,-1,-1
98,2,101.76,546.75,73.50,244.77,0.6731,-1,-1,-1
98,3,1160.99,949.26,76.24,130.71,0.7766,-1,-1,-1
98,4,1722.04,455.77,73.81,211.46,0.6372,-1,-1,-1
98,5,1357.09,572.94,81.91,218.49,0.5183,-1,-1,-1
98,6,25.97,692.84,69.03,229.29,0.7197,-1,-1,-1
98,8,511.12,214.31,73.21,204.64,0.5613,-1,-1,-1
98,17,395.09,839.09,97.14,240.92,0.8025,-1,-1,-1
98,19,964.50,199.70,62.22,190.36,0.4792,-1,-1,-1
99,1,418.62,305.09,83.36,228.78,0.7623,-1,-1,-1
99,2,101.68,546.43,73.55,245.21,0.6740,-1,-1,-1
99,3,1159.62,946.36,76.77,133.59,0.7661,-1,-1,-1
99,4,1722.15,459.25,73.68,208.44,0.6248,-1,-1,-1
99,5,1356.97,573.27,82.15,213.58,0.5439,-1,-1,-1
99,6,26.47,692.11,69.16,229.00,0.7220,-1,-1,-1
99,8,512.75,214.50,70.83,204.54,0.5247,-1,-1,-1
99,17,394.73,833.98,97.06,245.98,0.8040,-1,-1,-1
99,19,962.68,200.33,61.69,189.84,0.4278,-1,-1,-1
99,22,1165.40,159.78,89.91,163.69,0.3311,-1,-1,-1
100,1,419.79,303.21,82.98,229.35,0.7518,-1,-1,-1
100,2,101.98,545.20,72.91,248.43,0.6635,-1,-1,-1
100,3,1158.87,946.11,74.79,133.91,0.7549,-1,-1,-1
100,4,1721.84,459.49,73.78,207.93,0.6092,-1,-1,-1
100,5,1356.89,574.26,82.24,214.17,0.5219,-1,-1,-1
100,6,26.52,690.07,70.36,229.96,0.7321,-1,-1,-1
100,8,511.40,213.90,70.46,206.74,0.4418,-1,-1,-1
100,17,393.56,831.83,97.19,248.17,0.7951,-1,-1,-1
100,19,961.43,201.45,60.59,188.46,0.4511,-1,-1,-1
100,22,1166.98,161.42,88.80,161.97,0.3744,-1,-1,-1
101,1,419.90,302.24,83.53,229.52,0.7660,-1,-1,-1
101,2,102.06,545.02,73.16,248.64,0.6691,-1,-1,-1
101,3,1157.12,945.51,74.73,133.81,0.7602,-1,-1,-1
101,4,1721.71,459.75,74.21,207.87,0.6193,-1,-1,-1
101,5,1356.87,574.55,82.42,214.56,0.5131,-1,-1,-1
101,6,27.95,687.63,69.75,226.31,0.7360,-1,-1,-1
101,8,511.80,216.81,71.81,207.47,0.5113,-1,-1,-1
101,17,391.69,830.38,98.02,249.64,0.7904,-1,-1,-1
101,19,960.16,201.82,60.46,184.22,0.4394,-1,-1,-1
101,22,1167.69,163.16,84.17,160.41,0.3462,-1,-1,-1
102,1,420.74,299.92,82.50,229.74,0.7644,-1,-1,-1
102,2,102.33,544.65,73.30,248.73,0.6745,-1,-1,-1
102,3,1156.16,944.02,72.97,134.61,0.7409,-1,-1,-1
102,4,1721.96,460.07,73.39,207.10,0.6224,-1,-1,-1
102,5,1356.98,574.48,82.46,217.03,0.5021,-1,-1,-1
102,6,28.21,685.01,70.21,223.72,0.7533,-1,-1,-1
102,8,512.18,217.42,72.35,207.45,0.5148,-1,-1,-1
102,17,390.24,827.14,99.36,252.84,0.7981,-1,-1,-1
102,19,957.27,203.39,60.78,183.48,0.4930,-1,-1,-1
102,24,477.80,135.77,58.27,195.02,0.3717,-1,-1,-1
103,1,420.40,299.03,82.68,227.82,0.7478,-1,-1,-1
103,2,102.42,544.74,73.07,249.25,0.6718,-1,-1,-1
103,3,1154.55,941.07,72.08,137.52,0.7410,-1,-1,-1
103,4,1721.04,459.88,74.53,206.57,0.6110,-1,-1,-1
103,5,1357.43,573.88,82.90,218.28,0.4881,-1,-1,-1
103,6,30.47,684.25,68.99,219.37,0.7641,-1,-1,-1
103,8,511.22,216.70,74.29,210.01,0.5130,-1,-1,-1
103,17,388.36,825.71,101.15,254.31,0.7944,-1,-1,-1
103,19,954.29,200.70,61.05,184.94,0.4965,-1,-1,-1
104,1,421.10,299.27,81.36,224.29,0.7410,-1,-1,-1
104,2,102.71,543.97,72.94,250.19,0.6567,-1,-1,-1
104,3,1151.96,941.64,71.00,137.16,0.7273,-1,-1,-1
104,4,1721.67,459.13,73.04,206.81,0.6162,-1,-1,-1
104,5,1357.30,574.38,83.16,219.01,0.4486,-1,-1,-1
104,6,32.38,682.05,68.12,219.91,0.7643,-1,-1,-1
104,8,512.52,216.48,76.91,209.88,0.5278,-1,-1,-1
104,17,386.89,822.75,102.19,257.24,0.8052,-1,-1,-1
104,19,952.68,201.45,60.89,184.93,0.4648,-1,-1,-1
105,1,420.49,298.17,82.62,218.98,0.7366,-1,-1,-1
105,2,102.76,544.42,73.23,249.67,0.6829,-1,-1,-1
105,3,1150.91,940.64,69.50,137.47,0.7222,-1,-1,-1
105,4,1721.13,458.77,74.70,207.03,0.6148,-1,-1,-1
105,5,1357.22,574.73,85.13,225.40,0.4627,-1,-1,-1
105,6,34.94,681.18,67.86,222.19,0.7763,-1,-1,-1
105,8,514.36,221.13,73.79,205.09,0.5061,-1,-1,-1
105,17,386.65,821.41,102.19,258.60,0.8103,-1,-1,-1
105,19,950.69,201.01,60.45,187.10,0.4982,-1,-1,-1
105,24,477.33,143.05,56.67,185.40,0.3206,-1,-1,-1
106,1,421.38,296.91,81.61,215.54,0.7385,-1,-1,-1
106,2,102.97,545.92,73.23,248.43,0.6617,-1,-1,-1
106,3,1149.87,939.89,68.76,138.84,0.7098,-1,-1,-1
106,4,1721.32,459.84,73.86,206.74,0.6220,-1,-1,-1
106,5,1356.92,573.92,82.59,219.58,0.4964,-1,-1,-1
106,6,35.50,679.90,71.07,222.89,0.7827,-1,-1,-1
106,8,513.96,219.86,73.53,205.47,0.4992,-1,-1,-1
106,17,385.46,819.28,102.54,260.73,0.8043,-1,-1,-1
106,19,949.05,201.33,59.73,186.37,0.5160,-1,-1,-1
107,1,420.85,295.67,81.70,215.61,0.7489,-1,-1,-1
107,2,103.18,546.28,73.27,248.94,0.6631,-1,-1,-1
107,3,1147.51,938.28,70.71,140.52,0.7247,-1,-1,-1
107,4,1720.94,459.62,74.43,206.80,0.6308,-1,-1,-1
107,5,1356.96,574.59,84.79,223.07,0.4665,-1,-1,-1
107,6,35.48,679.18,76.82,222.49,0.7871,-1,-1,-1
107,8,514.01,223.67,72.49,201.96,0.5120,-1,-1,-1
107,17,385.62,818.08,101.01,261.93,0.8076,-1,-1,-1
107,19,949.43,204.58,58.40,186.56,0.5247,-1,-1,-1
108,1,420.80,294.31,81.97,216.58,0.7383,-1,-1,-1
108,2,103.03,545.96,73.87,250.57,0.6416,-1,-1,-1
108,3,1145.54,938.07,71.13,140.28,0.7298,-1,-1,-1
108,4,1720.85,459.09,74.33,207.16,0.6401,-1,-1,-1
108,5,1356.78,575.09,85.51,221.67,0.4991,-1,-1,-1
108,6,36.57,676.92,81.19,225.15,0.8082,-1,-1,-1
108,8,515.53,223.94,67.64,202.01,0.4524,-1,-1,-1
108,17,385.80,816.38,100.40,263.62,0.8065,-1,-1,-1
108,19,946.15,205.68,60.40,189.30,0.5481,-1,-1,-1
108,22,1162.66,153.36,56.86,169.27,0.3970,-1,-1,-1
109,1,419.38,294.01,83.94,216.48,0.7413,-1,-1,-1
109,2,103.08,545.50,73.37,251.72,0.6548,-1,-1,-1
109,3,1143.60,937.13,71.32,142.11,0.7533,-1,-1,-1
109,4,1721.90,458.61,72.81,206.37,0.6151,-1,-1,-1
109,5,1356.37,575.27,83.09,216.81,0.5245,-1,-1,-1
109,6,38.35,676.30,78.62,225.63,0.8145,-1,-1,-1
109,8,515.71,225.25,67.35,200.84,0.4467,-1,-1,-1
109,17,385.74,811.02,99.64,268.93,0.8131,-1,-1,-1
109,19,945.54,204.60,59.19,188.29,0.6071,-1,-1,-1
109,22,1160.89,153.08,56.89,167.79,0.3705,-1,-1,-1
110,1,419.32,291.41,84.71,218.97,0.7467,-1,-1,-1
110,2,103.04,544.96,73.57,254.72,0.6552,-1,-1,-1
110,3,1140.56,936.90,72.74,142.86,0.7566,-1,-1,-1
110,4,1721.47,459.54,73.68,207.83,0.6224,-1,-1,-1
110,5,1356.75,576.35,84.31,217.88,0.5024,-1,-1,-1
110,6,38.12,673.49,89.00,226.42,0.7994,-1,-1,-1
110,8,513.99,227.42,64.42,198.34,0.4354,-1,-1,-1
110,17,386.42,805.49,98.12,274.47,0.8169,-1,-1,-1
110,19,944.81,205.93,57.49,186.73,0.6181,-1,-1,-1
110,22,1158.34,150.37,57.94,172.87,0.3678,-1,-1,-1
111,1,420.01,288.89,84.84,222.41,0.7341,-1,-1,-1
111,2,102.80,544.72,73.39,255.38,0.6583,-1,-1,-1
111,3,1138.29,936.04,73.26,143.96,0.7606,-1,-1,-1
111,4,1722.01,456.24,73.37,210.46,0.5936,-1,-1,-1
111,5,1356.71,575.51,81.86,213.40,0.5081,-1,-1,-1
111,6,40.86,671.43,90.73,226.22,0.7702,-1,-1,-1
111,8,516.32,227.69,73.48,199.19,0.5173,-1,-1,-1
111,17,387.90,801.36,97.23,278.62,0.8207,-1,-1,-1
111,19,942.67,207.04,59.27,186.98,0.6484,-1,-1,-1
111,22,1154.02,149.60,56.52,170.83,0.3393,-1,-1,-1
112,1,419.21,287.85,84.93,223.11,0.7348,-1,-1,-1
112,2,103.19,544.70,72.65,254.96,0.6414,-1,-1,-1
112,3,1138.15,934.72,72.35,145.27,0.7561,-1,-1,-1
112,4,1721.99,456.46,73.78,210.73,0.6127,-1,-1,-1
112,5,1357.33,574.92,81.17,211.81,0.5605,-1,-1,-1
112,6,43.71,670.38,89.86,225.97,0.7174,-1,-1,-1
112,8,517.53,231.13,73.92,198.09,0.5553,-1,-1,-1
112,17,388.68,799.80,96.06,276.06,0.8148,-1,-1,-1
112,19,940.70,209.55,59.53,185.22,0.6367,-1,-1,-1
112,22,1151.22,149.56,59.49,169.10,0.4271,-1,-1,-1
113,1,420.23,287.19,85.10,224.12,0.7437,-1,-1,-1
113,2,103.69,545.52,72.02,251.87,0.6696,-1,-1,-1
113,3,1134.96,934.42,73.91,145.60,0.7561,-1,-1,-1
113,4,1721.60,460.11,73.99,205.79,0.6321,-1,-1,-1
113,5,1356.79,575.72,83.42,216.17,0.5355,-1,-1,-1
113,6,47.58,670.34,79.78,225.06,0.6615,-1,-1,-1
113,8,518.08,233.46,73.39,198.21,0.5480,-1,-1,-1
113,17,388.43,797.58,95.96,271.66,0.8059,-1,-1,-1
113,19,940.37,210.15,57.95,185.22,0.6518,-1,-1,-1
113,22,1146.33,150.34,63.56,167.23,0.4302,-1,-1,-1
114,1,419.62,286.19,87.27,223.25,0.7351,-1,-1,-1
114,2,103.66,545.45,72.10,251.26,0.6596,-1,-1,-1
114,3,1133.13,933.47,73.29,146.53,0.7547,-1,-1,-1
114,4,1721.84,456.54,73.53,210.34,0.6197,-1,-1,-1
114,5,1356.93,575.25,82.03,215.38,0.5363,-1,-1,-1
114,6,48.36,668.04,81.99,226.14,0.6566,-1,-1,-1
114,8,519.68,235.36,74.19,201.00,0.5681,-1,-1,-1
114,17,389.12,794.07,95.86,270.59,0.8079,-1,-1,-1
114,19,937.07,209.55,58.63,185.62,0.6028,-1,-1,-1
114,22,1133.10,149.85,75.28,167.35,0.3072,-1,-1,-1
114,24,475.66,154.58,60.10,178.15,0.3257,-1,-1,-1
115,1,420.14,286.85,86.94,222.43,0.7587,-1,-1,-1
115,2,104.00,545.42,71.31,253.05,0.6313,-1,-1,-1
115,3,1128.93,933.93,75.84,146.10,0.7633,-1,-1,-1
115,4,1721.55,456.79,74.51,210.82,0.6517,-1,-1,-1
115,5,1356.99,574.79,82.95,214.13,0.5490,-1,-1,-1
115,6,52.73,665.88,81.44,227.33,0.6841,-1,-1,-1
115,8,521.58,236.45,74.96,201.49,0.6077,-1,-1,-1
115,17,389.25,790.63,98.15,269.62,0.8049,-1,-1,-1
115,19,937.28,210.46,57.12,183.94,0.6124,-1,-1,-1
115,24,476.26,155.01,58.90,175.90,0.3448,-1,-1,-1
116,1,419.42,285.69,87.17,223.67,0.7554,-1,-1,-1
116,2,103.51,546.17,70.98,247.78,0.5932,-1,-1,-1
116,3,1126.61,934.35,75.22,145.61,0.7660,-1,-1,-1
116,4,1721.60,460.44,73.93,206.72,0.6297,-1,-1,-1
116,5,1356.53,575.17,83.77,217.73,0.5442,-1,-1,-1
116,6,58.90,664.60,76.28,221.18,0.6925,-1,-1,-1
116,8,520.07,235.40,74.47,203.03,0.5904,-1,-1,-1
116,17,390.68,788.33,98.75,272.49,0.8108,-1,-1,-1
116,19,934.95,211.00,58.60,182.49,0.5616,-1,-1,-1
116,22,1116.88,149.84,85.66,169.01,0.3418,-1,-1,-1
116,24,475.03,153.80,60.59,177.34,0.3677,-1,-1,-1
117,1,419.81,285.29,86.83,223.92,0.7546,-1,-1,-1
117,2,103.30,545.75,70.90,245.12,0.5549,-1,-1,-1
117,3,1124.24,934.29,76.03,145.10,0.7593,-1,-1,-1
117,4,1721.26,459.64,74.24,206.63,0.6431,-1,-1,-1
117,5,1356.10,576.21,84.74,221.24,0.5567,-1,-1,-1
117,6,66.70,664.77,73.54,216.48,0.7182,-1,-1,-1
117,8,520.30,236.10,74.08,203.59,0.5523,-1,-1,-1
117,17,390.20,787.15,100.10,272.14,0.8087,-1,-1,-1
117,19,934.38,210.79,56.31,180.70,0.5329,-1,-1,-1
117,22,1108.96,147.17,90.22,172.82,0.3494,-1,-1,-1
118,1,420.84,284.94,85.46,223.78,0.7446,-1,-1,-1
118,2,99.49,545.18,75.17,246.50,0.5335,-1,-1,-1
118,3,1121.02,934.18,77.86,145.60,0.7776,-1,-1,-1
118,4,1721.53,459.88,73.86,206.48,0.6523,-1,-1,-1
118,5,1356.41,575.57,84.01,214.93,0.5140,-1,-1,-1
118,6,71.63,666.52,70.86,211.61,0.6107,-1,-1,-1
118,8,520.00,235.32,74.36,207.15,0.5837,-1,-1,-1
118,17,390.21,785.38,101.55,275.99,0.7998,-1,-1,-1
118,19,930.09,211.40,59.18,183.37,0.5609,-1,-1,-1
118,22,1107.77,146.75,89.31,173.33,0.3865,-1,-1,-1
119,1,420.69,284.65,85.30,223.69,0.7466,-1,-1,-1
119,2,99.25,546.95,75.06,254.74,0.5138,-1,-1,-1
119,3,1117.73,934.23,78.32,145.77,0.7949,-1,-1,-1
119,4,1720.64,459.58,75.15,206.86,0.6540,-1,-1,-1
119,5,1356.95,575.92,83.12,217.35,0.4828,-1,-1,-1
119,6,75.86,669.37,72.28,208.61,0.5400,-1,-1,-1
119,8,520.11,237.17,72.52,207.32,0.6031,-1,-1,-1
119,17,392.44,784.11,100.38,274.58,0.8012,-1,-1,-1
119,19,930.90,210.63,55.90,185.82,0.5357,-1,-1,-1
119,22,1104.67,145.86,91.27,174.99,0.4330,-1,-1,-1
119,24,478.42,160.56,56.18,171.06,0.3114,-1,-1,-1
120,1,420.98,284.02,84.87,224.53,0.7468,-1,-1,-1
120,2,99.14,545.57,75.03,257.01,0.5082,-1,-1,-1
120,3,1114.11,933.54,78.84,146.45,0.7978,-1,-1,-1
120,4,1720.85,459.90,75.11,206.95,0.6276,-1,-1,-1
120,5,1356.22,577.10,83.45,212.53,0.4812,-1,-1,-1
120,6,81.42,666.32,68.98,207.56,0.5924,-1,-1,-1
120,8,520.92,240.46,71.34,202.77,0.5786,-1,-1,-1
120,17,392.67,782.92,100.59,274.84,0.8033,-1,-1,-1
120,19,929.27,211.14,56.76,186.59,0.5363,-1,-1,-1
120,22,1102.73,146.08,92.58,174.43,0.4382,-1,-1,-1
121,1,421.15,281.86,83.93,225.25,0.7512,-1,-1,-1
121,2,99.72,543.77,74.75,247.01,0.4923,-1,-1,-1
121,3,1110.24,932.75,80.04,147.25,0.7761,-1,-1,-1
121,4,1721.88,455.85,73.73,211.10,0.6353,-1,-1,-1
121,5,1356.50,575.95,82.64,212.82,0.5522,-1,-1,-1
121,6,81.15,664.00,72.82,211.64,0.6927,-1,-1,-1
121,8,521.91,242.80,67.59,199.59,0.5770,-1,-1,-1
121,17,392.83,780.34,101.06,276.72,0.8022,-1,-1,-1
121,19,926.81,211.31,57.67,186.93,0.4909,-1,-1,-1
121,22,1104.39,145.76,86.05,173.72,0.4002,-1,-1,-1
121,24,479.01,165.71,54.59,163.88,0.3195,-1,-1,-1
121,25,625.41,750.22,57.07,170.44,0.3399,-1,-1,-1
122,1,421.31,281.15,84.12,223.37,0.7521,-1,-1,-1
122,2,101.14,543.86,72.68,214.44,0.4591,-1,-1,-1
122,3,1106.34,932.39,80.60,147.62,0.7837,-1,-1,-1
122,4,1720.20,459.58,75.83,207.28,0.6479,-1,-1,-1
122,5,1356.83,576.39,83.94,216.28,0.4780,-1,-1,-1
122,6,83.47,661.12,76.54,214.03,0.6641,-1,-1,-1
122,8,520.98,242.39,66.43,199.53,0.5996,-1,-1,-1
122,17,392.41,779.96,102.07,276.81,0.7995,-1,-1,-1
122,19,926.12,211.26,55.85,187.11,0.4256,-1,-1,-1
122,22,1105.55,145.24,82.68,173.04,0.3583,-1,-1,-1
122,25,625.77,751.07,57.44,168.74,0.3503,-1,-1,-1
123,1,422.28,280.22,82.86,220.67,0.7330,-1,-1,-1
123,2,102.51,546.01,70.58,207.55,0.4804,-1,-1,-1
123,3,1104.63,931.49,79.45,148.04,0.7825,-1,-1,-1
123,4,1720.91,458.98,75.53,207.80,0.6469,-1,-1,-1
123,5,1356.42,576.29,84.19,212.89,0.5540,-1,-1,-1
123,6,84.70,658.95,76.99,214.94,0.6610,-1,-1,-1
123,8,521.53,244.53,66.44,196.73,0.5734,-1,-1,-1
123,17,392.22,778.46,102.15,276.83,0.7933,-1,-1,-1
123,19,925.70,209.80,55.93,188.84,0.4608,-1,-1,-1
123,22,1107.15,144.72,75.74,172.84,0.3435,-1,-1,-1
123,25,625.47,752.31,57.06,167.51,0.3276,-1,-1,-1
124,1,422.25,278.94,82.54,217.47,0.7284,-1,-1,-1
124,2,102.43,546.05,70.45,212.40,0.3543,-1,-1,-1
124,3,1101.03,929.87,79.55,149.51,0.7832,-1,-1,-1
124,4,1720.72,459.57,75.37,206.83,0.6137,-1,-1,-1
124,5,1356.88,576.45,83.41,214.44,0.5143,-1,-1,-1
124,6,91.60,656.89,70.73,217.03,0.5096,-1,-1,-1
124,8,522.64,244.80,69.19,197.57,0.5242,-1,-1,-1
124,17,393.31,778.10,102.83,273.68,0.7934,-1,-1,-1
124,19,922.65,209.94,57.11,188.66,0.4639,-1,-1,-1
124,22,1105.29,143.32,72.49,172.20,0.3047,-1,-1,-1
125,1,422.78,278.26,81.74,213.53,0.7079,-1,-1,-1
125,2,102.40,545.33,70.51,210.13,0.3387,-1,-1,-1
125,3,1097.23,929.74,80.21,150.11,0.7885,-1,-1,-1
125,4,1720.96,458.06,74.62,208.73,0.6329,-1,-1,-1
125,5,1357.11,575.84,82.98,214.93,0.4869,-1,-1,-1
125,6,97.36,653.56,64.83,220.27,0.4099,-1,-1,-1
125,8,522.64,247.19,67.58,191.39,0.5251,-1,-1,-1
125,17,393.29,775.05,101.79,276.24,0.7895,-1,-1,-1
125,19,920.98,210.48,56.16,188.79,0.4718,-1,-1,-1
125,22,1106.05,141.69,68.83,173.43,0.3247,-1,-1,-1
126,1,421.72,277.43,82.44,213.56,0.7058,-1,-1,-1
126,2,100.68,539.46,73.82,173.30,0.3044,-1,-1,-1
126,3,1093.75,929.09,80.97,150.44,0.8040,-1,-1,-1
126,4,1720.38,458.53,74.97,208.87,0.6346,-1,-1,-1
126,5,1357.52,575.79,82.17,212.72,0.5259,-1,-1,-1
126,8,523.17,248.72,67.74,191.89,0.5492,-1,-1,-1
126,17,393.45,770.06,98.85,279.07,0.8007,-1,-1,-1
126,19,919.88,211.06,53.54,189.13,0.4829,-1,-1,-1
126,22,1104.89,140.78,62.88,172.51,0.3627,-1,-1,-1
127,1,422.78,277.01,80.51,213.48,0.6877,-1,-1,-1
127,2,105.25,556.77,67.73,291.76,0.3014,-1,-1,-1
127,3,1090.55,929.09,82.56,150.91,0.8076,-1,-1,-1
127,4,1720.98,459.02,74.82,207.55,0.6575,-1,-1,-1
127,5,1357.59,576.77,82.60,213.51,0.5202,-1,-1,-1
127,8,523.88,251.85,67.17,188.80,0.5626,-1,-1,-1
127,17,394.22,765.41,96.27,276.60,0.7937,-1,-1,-1
127,19,918.61,210.86,53.53,189.17,0.4226,-1,-1,-1
127,22,1105.39,140.91,57.20,172.75,0.3619,-1,-1,-1
128,1,422.50,276.45,80.03,213.15,0.6688,-1,-1,-1
128,2,96.07,530.48,84.94,191.51,0.3952,-1,-1,-1
128,3,1087.74,928.11,81.29,151.51,0.7922,-1,-1,-1
128,4,1720.95,459.22,75.39,207.05,0.6282,-1,-1,-1
128,5,1357.24,576.82,82.93,214.74,0.5055,-1,-1,-1
128,8,524.82,254.47,65.48,188.43,0.5367,-1,-1,-1
128,17,393.45,760.87,97.89,276.15,0.7918,-1,-1,-1
128,19,914.47,212.31,55.22,189.64,0.4353,-1,-1,-1
128,22,1100.74,140.67,59.26,172.39,0.3974,-1,-1,-1
129,1,419.11,275.80,81.01,216.49,0.6899,-1,-1,-1
129,2,103.48,544.24,70.47,239.65,0.3534,-1,-1,-1
129,3,1085.81,927.66,80.91,151.77,0.7887,-1,-1,-1
129,4,1720.75,458.29,74.95,206.49,0.6354,-1,-1,-1
129,5,1365.15,576.21,77.77,220.38,0.4777,-1,-1,-1
129,8,525.54,255.35,63.93,191.90,0.5923,-1,-1,-1
129,17,395.73,756.20,94.95,270.90,0.7937,-1,-1,-1
129,19,911.52,213.08,56.64,187.62,0.4731,-1,-1,-1
130,1,418.89,273.97,81.14,218.51,0.7042,-1,-1,-1
130,2,102.71,543.83,71.89,245.37,0.5555,-1,-1,-1
130,3,1082.02,926.88,82.04,152.24,0.7803,-1,-1,-1
130,4,1721.43,458.43,74.39,207.74,0.6125,-1,-1,-1
130,5,1358.80,575.28,83.27,218.15,0.4890,-1,-1,-1
130,8,527.38,257.66,61.29,193.08,0.5550,-1,-1,-1
130,17,397.05,754.18,93.33,264.85,0.7504,-1,-1,-1
130,19,904.34,214.35,63.16,186.67,0.4832,-1,-1,-1
130,25,624.92,752.08,57.22,165.77,0.3088,-1,-1,-1
131,1,420.37,272.89,79.71,219.11,0.6626,-1,-1,-1
131,2,102.82,542.98,71.97,245.18,0.6451,-1,-1,-1
131,3,1080.86,926.87,80.48,151.24,0.7587,-1,-1,-1
131,4,1721.31,459.08,74.24,207.09,0.6176,-1,-1,-1
131,5,1360.54,576.53,81.54,214.80,0.5041,-1,-1,-1
131,8,528.25,257.70,60.62,199.31,0.5050,-1,-1,-1
131,17,396.01,752.38,93.21,263.27,0.7422,-1,-1,-1
131,19,900.84,214.20,64.48,186.44,0.4995,-1,-1,-1
132,1,419.26,273.07,81.06,219.39,0.6495,-1,-1,-1
132,2,102.26,544.07,73.89,246.94,0.5842,-1,-1,-1
132,3,1079.84,927.61,80.79,150.73,0.7711,-1,-1,-1
132,4,1721.35,459.30,74.26,207.02,0.6174,-1,-1,-1
132,5,1359.37,576.19,81.60,215.10,0.5141,-1,-1,-1
132,8,529.71,252.94,62.25,204.93,0.5009,-1,-1,-1
132,17,393.56,750.20,94.30,265.77,0.7529,-1,-1,-1
132,19,900.16,213.10,67.10,187.64,0.4835,-1,-1,-1
132,22,1090.11,139.83,57.96,169.51,0.3921,-1,-1,-1
133,1,418.58,272.01,81.44,219.81,0.6420,-1,-1,-1
133,2,101.99,544.17,75.01,246.89,0.5375,-1,-1,-1
133,3,1078.16,927.67,80.80,150.90,0.7793,-1,-1,-1
133,4,1720.85,458.73,74.69,206.67,0.6036,-1,-1,-1
133,5,1357.66,576.70,83.89,214.03,0.4921,-1,-1,-1
133,8,530.94,252.86,60.33,207.14,0.5161,-1,-1,-1
133,17,390.00,749.05,98.20,265.52,0.7542,-1,-1,-1
133,19,900.23,210.85,67.33,191.40,0.4768,-1,-1,-1
133,22,1082.67,139.97,59.63,169.50,0.3848,-1,-1,-1
133,28,574.59,247.88,55.43,181.69,0.3166,-1,-1,-1
134,1,418.10,272.92,81.44,218.64,0.6426,-1,-1,-1
134,2,101.56,544.02,77.11,236.95,0.5149,-1,-1,-1
134,3,1076.24,927.14,78.79,150.71,0.7850,-1,-1,-1
134,4,1721.12,459.66,74.07,206.93,0.5937,-1,-1,-1
134,5,1358.65,575.88,83.47,216.57,0.4819,-1,-1,-1
134,8,531.46,255.14,57.46,203.85,0.5157,-1,-1,-1
134,17,388.80,748.16,98.91,265.97,0.7698,-1,-1,-1
134,19,898.96,211.73,66.50,190.35,0.4615,-1,-1,-1
134,22,1074.21,139.53,68.16,171.42,0.4332,-1,-1,-1
134,28,575.11,246.25,54.48,184.09,0.4136,-1,-1,-1
135,1,415.77,271.22,83.60,219.30,0.6417,-1,-1,-1
135,2,101.32,542.61,77.92,241.90,0.6190,-1,-1,-1
135,3,1074.88,926.40,79.10,151.73,0.7817,-1,-1,-1
135,4,1720.20,458.44,75.16,207.72,0.5994,-1,-1,-1
135,5,1358.09,575.95,84.35,217.25,0.5092,-1,-1,-1
135,8,530.33,258.90,57.94,202.98,0.5556,-1,-1,-1
135,17,389.00,745.77,98.31,268.55,0.7788,-1,-1,-1
135,19,898.92,210.92,66.16,191.42,0.4350,-1,-1,-1
135,22,1057.59,140.35,82.49,172.44,0.4568,-1,-1,-1
135,28,575.91,246.91,54.17,184.97,0.4340,-1,-1,-1
136,1,417.30,270.77,81.45,218.56,0.6724,-1,-1,-1
136,2,101.81,543.64,75.46,239.46,0.6223,-1,-1,-1
136,3,1073.38,926.85,76.93,150.60,0.7888,-1,-1,-1
136,4,1721.24,458.82,74.37,208.18,0.6121,-1,-1,-1
136,5,1362.18,577.24,82.94,220.57,0.4843,-1,-1,-1
136,8,530.08,258.72,57.31,202.70,0.5589,-1,-1,-1
136,17,385.31,745.32,102.13,268.40,0.7918,-1,-1,-1
136,19,897.72,211.96,63.35,189.59,0.4134,-1,-1,-1
136,22,1045.59,140.57,91.89,170.84,0.5634,-1,-1,-1
136,28,576.16,249.88,53.06,185.73,0.5027,-1,-1,-1
137,1,415.95,268.86,82.41,219.19,0.6636,-1,-1,-1
137,2,101.86,544.68,71.50,237.36,0.5724,-1,-1,-1
137,3,1071.48,927.34,77.16,149.83,0.7951,-1,-1,-1
137,4,1721.17,457.39,74.82,208.98,0.6079,-1,-1,-1
137,5,1365.75,577.56,78.95,219.12,0.4571,-1,-1,-1
137,6,132.48,637.88,74.78,210.39,0.4474,-1,-1,-1
137,8,531.86,255.70,55.94,205.08,0.5878,-1,-1,-1
137,17,384.03,744.94,102.65,268.36,0.7897,-1,-1,-1
137,19,896.53,211.08,61.17,191.26,0.4159,-1,-1,-1
137,22,1043.23,138.94,92.01,171.50,0.5818,-1,-1,-1
137,28,574.65,250.57,55.16,185.67,0.4581,-1,-1,-1
138,1,416.14,267.66,81.88,219.48,0.6922,-1,-1,-1
138,2,102.17,545.17,67.44,236.98,0.5974,-1,-1,-1
138,3,1070.13,927.65,76.43,149.64,0.7898,-1,-1,-1
138,4,1721.00,457.76,74.92,209.13,0.6051,-1,-1,-1
138,5,1365.07,577.26,79.59,221.70,0.4475,-1,-1,-1
138,6,134.01,638.08,82.34,208.99,0.4311,-1,-1,-1
138,8,532.61,255.75,54.56,203.05,0.5918,-1,-1,-1
138,17,383.13,744.83,103.18,267.77,0.7893,-1,-1,-1
138,19,894.60,211.67,54.41,180.93,0.4602,-1,-1,-1
138,22,1039.76,140.47,94.55,170.04,0.6013,-1,-1,-1
138,28,574.55,250.89,55.64,184.87,0.4441,-1,-1,-1
139,1,415.73,266.04,81.22,220.85,0.6406,-1,-1,-1
139,2,101.74,545.35,67.18,238.46,0.6166,-1,-1,-1
139,3,1068.79,927.35,75.84,149.20,0.7876,-1,-1,-1
139,4,1720.65,457.75,75.36,209.17,0.6233,-1,-1,-1
139,5,1361.80,576.39,84.05,223.99,0.4683,-1,-1,-1
139,6,138.49,636.14,88.69,207.88,0.4477,-1,-1,-1
139,8,532.32,258.88,54.91,200.52,0.5747,-1,-1,-1
139,17,382.79,744.54,102.58,267.00,0.7959,-1,-1,-1
139,19,893.37,210.42,59.53,189.70,0.5239,-1,-1,-1
139,22,1040.87,140.64,92.16,170.89,0.5912,-1,-1,-1
139,28,574.21,250.78,56.27,184.07,0.4394,-1,-1,-1
140,1,417.44,267.39,79.48,217.26,0.6140,-1,-1,-1
140,2,102.11,545.17,65.67,239.59,0.6185,-1,-1,-1
140,3,1066.91,926.34,76.32,149.70,0.7917,-1,-1,-1
140,4,1720.83,458.37,75.18,208.70,0.6352,-1,-1,-1
140,5,1358.32,576.38,84.71,214.40,0.5493,-1,-1,-1
140,6,143.36,633.67,89.52,206.53,0.4220,-1,-1,-1
140,8,531.93,258.16,56.13,202.72,0.6024,-1,-1,-1
140,17,383.97,741.58,101.76,267.32,0.7963,-1,-1,-1
140,19,889.11,209.78,53.12,183.45,0.4706,-1,-1,-1
140,22,1039.94,140.77,91.43,171.18,0.5768,-1,-1,-1
140,28,578.08,251.67,54.07,180.74,0.4521,-1,-1,-1
141,1,416.69,265.11,79.79,216.88,0.6318,-1,-1,-1
141,2,102.34,545.82,66.25,240.69,0.6445,-1,-1,-1
141,3,1064.89,924.98,75.87,151.60,0.7871,-1,-1,-1
141,4,1721.06,458.29,75.01,207.99,0.6219,-1,-1,-1
141,5,1357.61,575.71,86.13,216.28,0.4985,-1,-1,-1
141,6,145.44,629.17,88.60,207.80,0.5908,-1,-1,-1
141,8,531.75,257.92,55.95,202.02,0.6032,-1,-1,-1
141,17,384.85,739.42,99.94,267.41,0.7963,-1,-1,-1
141,19,886.25,209.70,54.83,187.18,0.5441,-1,-1,-1
141,22,1042.15,140.34,86.03,170.32,0.5570,-1,-1,-1
141,28,579.92,249.50,51.45,183.87,0.4784,-1,-1,-1
141,30,818.17,248.42,57.98,169.31,0.3833,-1,-1,-1
142,1,417.06,264.23,78.51,216.58,0.6327,-1,-1,-1
142,2,103.24,545.89,66.56,241.87,0.6580,-1,-1,-1
142,3,1064.97,924.65,72.93,152.82,0.7774,-1,-1,-1
142,4,1721.43,459.13,74.94,206.99,0.6235,-1,-1,-1
142,5,1357.28,575.97,86.90,217.84,0.4819,-1,-1,-1
142,6,149.28,628.80,83.84,205.06,0.5432,-1,-1,-1
142,8,531.76,257.11,55.89,203.10,0.5994,-1,-1,-1
142,17,387.21,737.19,96.55,268.29,0.7917,-1,-1,-1
142,19,883.07,208.43,54.64,187.37,0.5159,-1,-1,-1
142,22,1039.89,140.53,86.63,169.10,0.5949,-1,-1,-1
142,25,624.03,752.06,58.91,168.51,0.3324,-1,-1,-1
142,28,581.03,249.88,52.39,182.67,0.4965,-1,-1,-1
143,1,415.09,259.18,78.64,221.50,0.6328,-1,-1,-1
143,2,103.57,545.28,67.15,241.29,0.6746,-1,-1,-1
143,3,1063.40,923.46,72.22,153.14,0.7622,-1,-1,-1
143,4,1721.27,459.17,74.86,206.96,0.6333,-1,-1,-1
143,5,1357.82,575.80,85.99,217.81,0.4816,-1,-1,-1
143,6,149.44,629.69,86.08,208.06,0.6519,-1,-1,-1
143,8,530.78,257.42,56.28,203.00,0.5946,-1,-1,-1
143,17,388.54,734.28,94.75,265.63,0.8025,-1,-1,-1
143,19,881.45,206.87,53.59,188.97,0.4785,-1,-1,-1
143,22,1042.02,137.95,81.80,171.55,0.5702,-1,-1,-1
143,28,581.46,247.70,53.42,186.57,0.4530,-1,-1,-1
144,1,414.52,259.25,80.27,217.74,0.6323,-1,-1,-1
144,2,103.32,545.71,68.18,241.10,0.6866,-1,-1,-1
144,3,1062.28,923.06,70.45,153.59,0.7572,-1,-1,-1
144,4,1721.63,459.76,74.57,207.02,0.6214,-1,-1,-1
144,5,1358.44,575.94,85.67,217.20,0.4981,-1,-1,-1
144,6,153.51,630.79,81.65,207.22,0.6813,-1,-1,-1
144,8,530.38,259.69,57.67,202.79,0.6042,-1,-1,-1
144,17,389.48,730.92,93.50,261.86,0.7948,-1,-1,-1
144,19,877.64,206.77,57.25,188.78,0.4732,-1,-1,-1
144,22,1041.41,136.67,78.72,171.90,0.4549,-1,-1,-1
144,24,479.61,184.32,57.87,176.58,0.3204,-1,-1,-1
144,28,581.93,252.29,55.93,183.57,0.4934,-1,-1,-1
145,1,416.41,259.56,77.94,211.25,0.6204,-1,-1,-1
145,2,103.68,545.74,69.13,242.75,0.7088,-1,-1,-1
145,3,1060.90,922.83,67.99,153.82,0.7582,-1,-1,-1
145,4,1721.57,459.25,74.19,206.63,0.6099,-1,-1,-1
145,5,1358.00,575.86,84.77,214.29,0.5396,-1,-1,-1
145,6,157.87,627.53,76.45,211.95,0.7007,-1,-1,-1
145,8,529.56,259.29,56.77,202.60,0.5953,-1,-1,-1
145,17,392.77,729.45,90.86,256.13,0.7985,-1,-1,-1
145,19,872.23,207.20,61.93,186.13,0.5442,-1,-1,-1
145,22,1041.30,136.34,69.54,171.87,0.4216,-1,-1,-1
145,28,583.19,252.52,55.02,183.97,0.5289,-1,-1,-1
146,1,414.80,253.26,76.58,218.40,0.6393,-1,-1,-1
146,2,103.64,545.97,69.67,242.53,0.7156,-1,-1,-1
146,3,1058.60,921.74,66.38,156.81,0.7412,-1,-1,-1
146,4,1721.91,459.60,74.15,207.53,0.6137,-1,-1,-1
146,5,1357.85,575.62,85.03,217.82,0.5126,-1,-1,-1
146,6,159.10,624.42,76.32,214.35,0.7110,-1,-1,-1
146,8,530.34,259.29,57.54,204.75,0.5935,-1,-1,-1
146,17,393.53,726.26,91.09,251.63,0.7770,-1,-1,-1
146,19,872.51,206.44,59.81,185.51,0.4901,-1,-1,-1
146,22,1041.20,136.32,64.04,171.18,0.4843,-1,-1,-1
146,28,584.99,254.31,53.11,186.73,0.5108,-1,-1,-1
147,1,414.44,253.12,77.62,219.31,0.6465,-1,-1,-1
147,2,103.96,546.14,69.69,241.09,0.7131,-1,-1,-1
147,3,1057.08,921.09,63.09,157.60,0.7264,-1,-1,-1
147,4,1721.45,458.83,74.93,207.35,0.6268,-1,-1,-1
147,5,1358.43,574.40,84.52,217.60,0.5407,-1,-1,-1
147,6,160.86,619.98,75.38,216.20,0.6894,-1,-1,-1
147,8,530.35,260.20,56.69,206.36,0.6095,-1,-1,-1
147,17,394.37,718.81,91.28,256.07,0.7796,-1,-1,-1
147,19,869.58,205.74,62.02,185.19,0.4783,-1,-1,-1
147,22,1040.41,135.31,60.98,171.14,0.4764,-1,-1,-1
147,28,584.86,254.97,54.30,188.40,0.5380,-1,-1,-1
148,1,413.92,252.78,78.31,219.28,0.6339,-1,-1,-1
148,2,103.69,545.47,70.55,241.83,0.7135,-1,-1,-1
148,3,1055.15,919.38,62.76,157.33,0.7273,-1,-1,-1
148,4,1721.47,458.38,74.84,208.72,0.6466,-1,-1,-1
148,5,1357.78,575.33,83.75,216.24,0.5588,-1,-1,-1
148,6,163.82,616.51,75.57,215.32,0.7078,-1,-1,-1
148,8,530.30,261.55,59.27,206.99,0.5946,-1,-1,-1
148,17,394.53,717.01,92.39,255.53,0.7777,-1,-1,-1
148,19,867.01,204.95,63.04,191.81,0.4446,-1,-1,-1
148,22,1038.50,134.83,56.28,171.29,0.4424,-1,-1,-1
148,28,585.63,255.54,54.24,188.96,0.4954,-1,-1,-1
149,1,416.13,257.05,77.20,213.61,0.6248,-1,-1,-1
149,2,103.88,545.72,70.35,241.39,0.7151,-1,-1,-1
149,3,1054.27,918.13,62.43,158.97,0.7264,-1,-1,-1
149,4,1721.03,458.92,74.41,207.52,0.6218,-1,-1,-1
149,5,1357.90,575.36,84.77,215.38,0.5452,-1,-1,-1
149,6,168.40,614.66,72.48,214.57,0.6958,-1,-1,-1
149,8,531.11,263.32,59.33,206.07,0.6301,-1,-1,-1
149,17,396.18,712.60,93.32,260.33,0.7879,-1,-1,-1
149,19,865.94,204.47,61.87,192.81,0.4432,-1,-1,-1
149,22,1036.96,135.46,54.04,169.31,0.3608,-1,-1,-1
149,25,624.25,751.43,59.14,167.23,0.3254,-1,-1,-1
149,28,586.33,256.25,54.81,189.98,0.4500,-1,-1,-1
150,1,416.48,256.85,76.93,213.22,0.6198,-1,-1,-1
150,2,103.54,545.60,70.76,242.95,0.7131,-1,-1,-1
150,3,1052.20,916.27,61.34,161.70,0.7368,-1,-1,-1
150,4,1721.21,458.51,74.61,208.19,0.6385,-1,-1,-1
150,5,1356.95,574.97,85.57,217.19,0.5402,-1,-1,-1
150,6,175.81,613.77,65.34,213.45,0.6570,-1,-1,-1
150,8,531.39,265.40,57.55,207.58,0.6155,-1,-1,-1
150,17,394.61,710.80,97.02,263.22,0.7855,-1,-1,-1
150,19,865.89,205.47,63.16,192.71,0.4056,-1,-1,-1
150,22,1033.56,134.41,56.23,172.11,0.4901,-1,-1,-1
150,25,625.63,751.65,56.79,166.97,0.3234,-1,-1,-1
150,28,586.93,256.92,55.37,190.70,0.4352,-1,-1,-1
