2,1,0.42,6.12,344.95,1064.55,0.9307,-1,-1,-1
2,2,869.92,148.62,234.32,629.15,0.8053,-1,-1,-1
2,3,542.38,266.32,95.56,322.56,0.8085,-1,-1,-1
2,4,397.46,274.24,111.16,321.42,0.8139,-1,-1,-1
2,6,1053.61,291.54,87.49,330.13,0.4811,-1,-1,-1
3,1,0.36,5.08,338.75,1062.29,0.9292,-1,-1,-1
3,2,864.87,152.61,225.78,627.21,0.8283,-1,-1,-1
3,3,536.27,265.86,97.30,327.47,0.8042,-1,-1,-1
3,4,390.29,274.50,108.39,322.69,0.8446,-1,-1,-1
3,6,1047.88,293.74,91.61,333.64,0.5739,-1,-1,-1
4,1,0.74,3.40,324.55,1061.43,0.9252,-1,-1,-1
4,2,870.54,153.17,216.99,629.06,0.8344,-1,-1,-1
4,3,531.72,264.81,95.94,328.94,0.8075,-1,-1,-1
4,4,381.05,270.62,112.38,328.17,0.8421,-1,-1,-1
4,6,1044.08,292.77,90.56,343.76,0.5789,-1,-1,-1
4,8,732.81,324.66,41.42,129.35,0.4028,-1,-1,-1
5,1,1.15,3.36,308.87,1062.92,0.9159,-1,-1,-1
5,2,880.11,151.43,204.89,638.24,0.8186,-1,-1,-1
5,3,526.10,262.10,97.56,334.79,0.8087,-1,-1,-1
5,4,376.59,264.10,111.31,332.37,0.8346,-1,-1,-1
5,6,1049.38,291.98,82.37,343.98,0.5786,-1,-1,-1
5,8,730.33,320.92,43.98,126.36,0.3937,-1,-1,-1
5,9,691.36,333.48,37.83,110.12,0.3967,-1,-1,-1
6,1,2.21,21.01,288.62,1053.39,0.8776,-1,-1,-1
6,2,885.30,150.94,197.32,625.09,0.8032,-1,-1,-1
6,3,519.68,262.31,102.17,335.33,0.7972,-1,-1,-1
6,4,372.54,261.78,110.82,334.83,0.8305,-1,-1,-1
6,6,1046.33,293.41,81.67,344.93,0.5863,-1,-1,-1
6,8,728.11,323.64,38.83,112.67,0.3996,-1,-1,-1
6,9,688.03,333.91,39.50,115.35,0.4196,-1,-1,-1
7,1,1.68,78.83,270.50,991.04,0.9035,-1,-1,-1
7,2,892.10,153.33,189.13,619.47,0.8162,-1,-1,-1
7,3,515.29,259.12,101.91,345.41,0.7800,-1,-1,-1
7,4,363.05,260.81,114.45,338.40,0.8224,-1,-1,-1
7,6,1040.58,296.82,84.96,346.34,0.6034,-1,-1,-1
7,8,726.33,322.22,38.96,122.55,0.4656,-1,-1,-1
7,9,684.92,332.30,41.62,120.32,0.4064,-1,-1,-1
7,10,864.11,254.61,80.27,307.32,0.5744,-1,-1,-1
7,11,784.98,315.13,40.91,127.03,0.3461,-1,-1,-1
8,1,0.88,89.36,257.84,981.53,0.8960,-1,-1,-1
8,2,889.57,152.50,191.29,628.48,0.7931,-1,-1,-1
8,3,511.31,263.25,101.34,345.33,0.8154,-1,-1,-1
8,4,352.66,260.17,119.50,342.38,0.8266,-1,-1,-1
8,6,1037.06,299.79,88.30,346.15,0.6753,-1,-1,-1
8,8,723.59,321.40,41.17,126.72,0.5083,-1,-1,-1
8,9,682.63,331.82,40.02,121.26,0.5018,-1,-1,-1
8,10,863.21,265.02,72.21,298.96,0.5858,-1,-1,-1
8,11,783.35,302.98,49.72,144.19,0.4131,-1,-1,-1
9,1,4.56,100.02,220.97,972.52,0.8638,-1,-1,-1
9,2,886.80,154.41,188.54,625.99,0.7894,-1,-1,-1
9,3,506.53,262.46,103.22,342.74,0.8364,-1,-1,-1
9,4,348.04,261.09,120.11,343.29,0.8186,-1,-1,-1
9,6,1036.74,303.82,84.20,348.26,0.6621,-1,-1,-1
9,8,721.45,321.44,38.58,131.35,0.5789,-1,-1,-1
9,9,679.58,333.69,37.27,121.01,0.4072,-1,-1,-1
9,10,862.45,263.93,72.61,300.42,0.5881,-1,-1,-1
9,11,782.57,304.78,41.94,143.11,0.3866,-1,-1,-1
10,1,3.94,106.27,204.14,962.03,0.7268,-1,-1,-1
10,2,879.64,157.50,190.81,622.93,0.8161,-1,-1,-1
10,3,499.54,264.91,107.42,347.14,0.8259,-1,-1,-1
10,4,346.21,259.44,116.48,347.02,0.8078,-1,-1,-1
10,6,1037.40,300.21,81.44,353.47,0.7003,-1,-1,-1
10,8,720.60,324.77,40.51,131.43,0.5862,-1,-1,-1
10,9,676.55,336.69,41.57,123.46,0.4889,-1,-1,-1
10,10,861.76,261.05,72.67,303.53,0.5662,-1,-1,-1
10,11,777.12,297.52,49.46,155.61,0.4913,-1,-1,-1
11,1,7.14,109.63,174.74,957.51,0.7332,-1,-1,-1
11,2,878.52,156.32,188.58,631.44,0.8167,-1,-1,-1
11,3,492.60,261.90,109.96,353.99,0.8231,-1,-1,-1
11,4,337.26,262.49,121.44,348.79,0.7889,-1,-1,-1
11,6,1039.31,295.94,73.54,360.53,0.6633,-1,-1,-1
11,8,719.18,326.39,38.81,129.55,0.5182,-1,-1,-1
11,9,676.25,340.84,41.24,117.39,0.4718,-1,-1,-1
11,10,862.02,276.99,67.42,290.56,0.5329,-1,-1,-1
11,11,776.58,318.13,47.91,136.85,0.5637,-1,-1,-1
12,1,2.31,121.82,162.37,686.24,0.7881,-1,-1,-1
12,2,868.55,158.47,190.70,633.25,0.8356,-1,-1,-1
12,3,490.35,257.91,110.34,358.94,0.7974,-1,-1,-1
12,4,324.48,265.40,129.46,351.66,0.8274,-1,-1,-1
12,6,1037.25,296.65,71.39,362.15,0.6770,-1,-1,-1
12,8,717.98,327.65,41.60,131.97,0.5499,-1,-1,-1
12,9,673.92,339.53,40.42,121.08,0.4348,-1,-1,-1
12,10,864.61,246.05,66.39,318.29,0.3897,-1,-1,-1
12,11,773.74,319.84,53.26,134.82,0.5494,-1,-1,-1
12,12,828.91,324.06,43.31,122.34,0.3621,-1,-1,-1
13,1,1.86,142.16,139.33,593.78,0.8200,-1,-1,-1
13,2,860.58,155.27,198.75,640.12,0.8253,-1,-1,-1
13,3,482.36,255.19,114.43,362.09,0.8271,-1,-1,-1
13,4,317.75,264.95,134.81,356.33,0.8302,-1,-1,-1
13,6,1035.45,300.08,73.90,352.33,0.6952,-1,-1,-1
13,8,717.10,328.06,40.34,133.10,0.4863,-1,-1,-1
13,9,672.79,340.62,39.22,122.96,0.4347,-1,-1,-1
13,11,772.17,321.44,52.18,133.88,0.5423,-1,-1,-1
13,12,829.62,326.68,43.70,120.64,0.4357,-1,-1,-1
14,1,1.81,180.46,116.74,581.03,0.8183,-1,-1,-1
14,2,852.31,152.98,203.86,644.93,0.7862,-1,-1,-1
14,3,478.95,254.93,115.09,364.28,0.8364,-1,-1,-1
14,4,313.57,266.83,135.80,359.02,0.8351,-1,-1,-1
14,6,1033.56,291.38,74.28,358.51,0.6842,-1,-1,-1
14,8,714.80,327.49,44.69,133.63,0.5337,-1,-1,-1
14,9,672.13,342.54,37.09,120.33,0.3725,-1,-1,-1
14,11,773.09,323.86,46.84,129.86,0.5625,-1,-1,-1
14,12,828.35,325.42,43.91,122.34,0.4667,-1,-1,-1
15,1,7.68,236.56,83.86,546.96,0.5546,-1,-1,-1
15,2,839.28,153.35,211.31,637.38,0.7979,-1,-1,-1
15,3,474.87,257.25,119.97,360.88,0.8390,-1,-1,-1
15,4,316.12,269.85,130.88,359.55,0.8286,-1,-1,-1
15,6,1029.00,282.63,79.15,370.74,0.6672,-1,-1,-1
15,8,713.61,330.33,46.68,130.45,0.5302,-1,-1,-1
15,9,671.61,345.09,34.34,112.35,0.4075,-1,-1,-1
15,11,772.58,322.58,47.21,129.66,0.5425,-1,-1,-1
15,12,827.69,328.99,43.73,120.35,0.4348,-1,-1,-1
16,2,836.08,153.45,215.03,640.22,0.8020,-1,-1,-1
16,3,472.83,256.51,123.02,366.25,0.8447,-1,-1,-1
16,4,310.34,269.76,134.66,366.36,0.8396,-1,-1,-1
16,6,1026.22,275.22,83.24,379.47,0.6328,-1,-1,-1
16,8,713.88,330.63,45.41,130.52,0.5304,-1,-1,-1
16,9,671.11,348.98,32.47,108.86,0.4414,-1,-1,-1
16,11,770.99,323.43,49.88,129.29,0.5743,-1,-1,-1
16,12,828.62,333.32,42.43,116.45,0.4191,-1,-1,-1
17,2,834.98,155.03,218.10,643.41,0.8270,-1,-1,-1
17,3,471.79,258.99,123.13,367.26,0.8425,-1,-1,-1
17,4,309.35,275.37,132.78,367.62,0.8504,-1,-1,-1
17,6,1022.57,275.28,89.19,378.20,0.6611,-1,-1,-1
17,8,713.27,330.06,46.64,135.73,0.5726,-1,-1,-1
17,9,671.40,347.26,32.72,117.72,0.4480,-1,-1,-1
17,11,770.25,325.67,52.30,129.57,0.5934,-1,-1,-1
17,12,829.36,338.68,41.11,116.22,0.4206,-1,-1,-1
18,2,838.43,158.39,213.47,655.46,0.8572,-1,-1,-1
18,3,469.02,259.36,126.88,374.38,0.8380,-1,-1,-1
18,4,311.21,278.68,131.42,369.38,0.8304,-1,-1,-1
18,6,1020.98,255.40,89.54,396.21,0.6970,-1,-1,-1
18,8,714.34,333.09,46.52,136.26,0.4783,-1,-1,-1
18,11,773.00,317.85,49.14,141.95,0.4270,-1,-1,-1
18,12,829.28,339.22,42.43,117.64,0.3606,-1,-1,-1
19,2,845.38,159.84,199.35,658.77,0.8586,-1,-1,-1
19,3,467.34,264.81,130.82,379.40,0.8214,-1,-1,-1
19,4,294.57,281.17,147.54,379.16,0.8303,-1,-1,-1
19,6,1013.90,255.16,96.08,398.94,0.7188,-1,-1,-1
19,8,715.98,338.60,45.34,138.45,0.4879,-1,-1,-1
19,11,772.54,333.33,51.50,131.23,0.5105,-1,-1,-1
19,12,830.37,347.61,45.77,112.48,0.3046,-1,-1,-1
20,2,847.75,168.12,194.24,654.58,0.8635,-1,-1,-1
20,3,469.16,273.03,129.46,379.12,0.8268,-1,-1,-1
20,4,297.72,287.42,145.74,378.96,0.8284,-1,-1,-1
20,6,1010.91,249.93,99.59,410.38,0.7665,-1,-1,-1
20,8,718.13,343.01,42.61,140.30,0.5284,-1,-1,-1
20,11,773.03,334.85,51.97,131.49,0.5669,-1,-1,-1
20,12,827.29,356.86,50.00,107.30,0.3492,-1,-1,-1
21,2,863.38,170.08,184.17,656.77,0.8511,-1,-1,-1
21,3,472.40,273.86,134.01,388.91,0.8124,-1,-1,-1
21,4,305.04,287.42,144.64,384.42,0.8442,-1,-1,-1
21,6,1016.88,249.87,107.76,415.01,0.8079,-1,-1,-1
21,11,772.82,335.32,59.70,131.67,0.3777,-1,-1,-1
22,2,881.80,168.52,187.57,660.21,0.8537,-1,-1,-1
22,3,496.30,276.46,127.46,390.73,0.8248,-1,-1,-1
22,4,324.18,288.34,143.45,386.31,0.8275,-1,-1,-1
22,6,1032.30,251.66,107.81,418.12,0.7957,-1,-1,-1
22,8,744.06,349.72,42.24,138.86,0.5240,-1,-1,-1
22,11,798.18,341.08,51.97,136.24,0.5636,-1,-1,-1
22,12,853.30,358.43,51.76,108.44,0.3251,-1,-1,-1
23,2,883.04,170.93,190.57,664.25,0.8619,-1,-1,-1
23,3,508.07,281.86,128.53,392.99,0.8267,-1,-1,-1
23,4,332.31,291.52,144.90,386.35,0.8289,-1,-1,-1
23,6,1040.17,255.05,113.76,421.12,0.8010,-1,-1,-1
23,8,753.23,350.09,47.79,133.30,0.3741,-1,-1,-1
23,9,705.49,366.44,40.30,126.78,0.4195,-1,-1,-1
24,2,879.40,173.37,203.50,662.93,0.8683,-1,-1,-1
24,3,517.20,285.36,130.96,396.35,0.8445,-1,-1,-1
24,4,342.70,293.25,146.48,391.12,0.8330,-1,-1,-1
24,6,1046.80,258.38,121.01,414.91,0.8175,-1,-1,-1
24,8,767.84,352.26,42.29,137.91,0.5112,-1,-1,-1
24,9,716.62,367.98,41.98,126.38,0.5326,-1,-1,-1
24,11,824.59,347.33,47.53,133.10,0.5156,-1,-1,-1
25,2,874.22,173.35,210.95,658.35,0.8634,-1,-1,-1
25,3,523.62,284.81,134.70,405.02,0.8443,-1,-1,-1
25,4,355.23,294.76,144.60,387.86,0.8319,-1,-1,-1
25,6,1057.66,259.44,123.60,417.58,0.8358,-1,-1,-1
25,8,777.68,352.09,48.10,139.86,0.4209,-1,-1,-1
25,9,731.96,368.41,39.15,129.61,0.4547,-1,-1,-1
26,2,879.20,174.42,217.61,653.56,0.8694,-1,-1,-1
26,3,540.55,294.59,130.52,404.15,0.7980,-1,-1,-1
26,4,365.35,295.39,150.90,395.80,0.8537,-1,-1,-1
26,6,1065.92,262.73,134.87,421.92,0.8313,-1,-1,-1
26,8,794.31,352.81,45.62,134.27,0.3051,-1,-1,-1
26,9,744.44,376.31,41.58,121.53,0.3271,-1,-1,-1
27,2,880.18,177.20,227.75,656.66,0.8630,-1,-1,-1
27,3,554.41,293.45,132.65,412.03,0.8309,-1,-1,-1
27,4,382.55,299.99,143.69,397.03,0.8406,-1,-1,-1
27,6,1081.92,268.10,138.68,416.79,0.8297,-1,-1,-1
27,8,806.90,355.31,50.51,136.81,0.3705,-1,-1,-1
27,9,763.37,378.45,36.64,125.89,0.3307,-1,-1,-1
27,11,868.24,340.16,52.33,148.94,0.3368,-1,-1,-1
27,13,1875.77,551.70,43.82,206.06,0.3686,-1,-1,-1
28,2,883.18,185.60,234.60,658.15,0.8748,-1,-1,-1
28,3,562.29,300.15,131.69,412.82,0.8469,-1,-1,-1
28,4,385.13,306.70,148.49,398.50,0.8611,-1,-1,-1
28,6,1087.18,275.40,139.08,415.80,0.8360,-1,-1,-1
28,8,818.03,364.33,41.83,132.13,0.4378,-1,-1,-1
28,9,768.99,382.77,39.42,126.48,0.4183,-1,-1,-1
29,2,883.72,192.26,224.19,659.63,0.8794,-1,-1,-1
29,3,564.51,299.85,133.94,417.21,0.8639,-1,-1,-1
29,4,392.54,309.99,141.37,405.31,0.8420,-1,-1,-1
29,6,1091.39,280.03,143.14,429.28,0.8128,-1,-1,-1
29,8,819.65,369.03,44.82,143.48,0.5042,-1,-1,-1
29,9,772.61,387.37,41.01,129.17,0.3731,-1,-1,-1
30,2,887.62,196.61,224.87,661.05,0.8922,-1,-1,-1
30,3,567.79,299.48,137.87,416.29,0.8519,-1,-1,-1
30,4,396.99,312.61,144.43,412.67,0.8394,-1,-1,-1
30,6,1097.74,282.11,150.99,432.59,0.8322,-1,-1,-1
30,8,826.45,370.78,49.38,141.69,0.4914,-1,-1,-1
31,2,888.23,202.04,227.66,665.24,0.8832,-1,-1,-1
31,3,572.90,301.70,136.44,419.45,0.8356,-1,-1,-1
31,4,400.23,318.64,145.15,418.59,0.8435,-1,-1,-1
31,6,1101.94,285.60,154.06,435.57,0.8545,-1,-1,-1
31,8,837.59,379.74,43.10,138.53,0.5141,-1,-1,-1
31,9,790.05,393.35,41.42,126.06,0.4837,-1,-1,-1
32,2,889.78,209.63,232.09,669.02,0.8843,-1,-1,-1
32,3,577.87,304.93,134.18,429.55,0.8523,-1,-1,-1
32,4,401.78,323.93,145.56,418.26,0.8573,-1,-1,-1
32,6,1103.27,290.78,155.43,430.60,0.8578,-1,-1,-1
32,8,841.29,380.63,42.49,146.47,0.5932,-1,-1,-1
32,9,793.03,400.00,46.15,127.58,0.3946,-1,-1,-1
33,2,894.11,213.38,232.96,669.85,0.8824,-1,-1,-1
33,3,580.44,307.46,139.39,431.12,0.8464,-1,-1,-1
33,4,403.68,329.51,148.99,417.97,0.8586,-1,-1,-1
33,6,1105.75,299.89,163.28,428.81,0.8557,-1,-1,-1
33,8,845.96,388.65,44.92,145.14,0.5306,-1,-1,-1
33,9,798.98,401.84,42.18,127.20,0.3542,-1,-1,-1
34,2,895.01,220.43,241.35,672.77,0.8748,-1,-1,-1
34,3,585.53,309.00,135.51,433.73,0.8412,-1,-1,-1
34,4,399.85,333.11,149.84,426.94,0.8418,-1,-1,-1
34,6,1107.93,303.00,163.30,421.94,0.8550,-1,-1,-1
34,8,847.49,392.70,48.35,147.32,0.5586,-1,-1,-1
34,9,800.07,407.98,48.15,130.02,0.3365,-1,-1,-1
35,2,902.31,227.95,235.15,676.99,0.8777,-1,-1,-1
35,3,589.19,313.96,135.41,439.70,0.8299,-1,-1,-1
35,4,397.27,336.64,151.73,435.47,0.8268,-1,-1,-1
35,6,1110.49,306.71,165.25,418.60,0.8461,-1,-1,-1
35,8,849.55,396.85,48.77,146.38,0.5384,-1,-1,-1
35,9,802.71,408.75,49.54,134.57,0.4807,-1,-1,-1
36,2,906.36,233.92,230.91,678.09,0.8840,-1,-1,-1
36,3,591.37,319.24,140.35,441.62,0.8214,-1,-1,-1
36,4,392.23,340.79,152.19,440.50,0.8543,-1,-1,-1
36,6,1113.75,311.60,161.87,418.38,0.8511,-1,-1,-1
36,9,804.89,413.28,50.20,134.62,0.4319,-1,-1,-1
37,2,905.68,242.80,231.97,676.45,0.8903,-1,-1,-1
37,3,593.35,323.06,134.21,446.69,0.8044,-1,-1,-1
37,4,388.57,343.01,148.69,447.15,0.8665,-1,-1,-1
37,6,1118.85,315.34,160.91,425.62,0.8438,-1,-1,-1
37,8,861.32,413.81,43.10,133.55,0.4535,-1,-1,-1
37,9,805.74,423.46,51.15,130.04,0.3624,-1,-1,-1
38,2,913.40,248.34,226.51,676.55,0.8889,-1,-1,-1
38,3,594.25,329.07,135.12,450.45,0.8259,-1,-1,-1
38,4,381.34,347.32,153.75,447.90,0.8690,-1,-1,-1
38,6,1118.62,321.46,162.93,420.69,0.8463,-1,-1,-1
38,8,865.50,417.10,40.02,136.35,0.6131,-1,-1,-1
38,9,808.19,432.88,53.85,129.40,0.3782,-1,-1,-1
39,2,923.38,254.81,218.92,679.13,0.8846,-1,-1,-1
39,3,591.12,333.26,139.03,461.66,0.8165,-1,-1,-1
39,4,375.97,350.63,157.36,453.14,0.8802,-1,-1,-1
39,6,1125.18,328.40,157.50,429.26,0.8541,-1,-1,-1
39,8,863.72,424.67,43.82,134.70,0.5074,-1,-1,-1
39,9,810.25,437.80,50.59,118.37,0.3247,-1,-1,-1
40,2,928.08,256.26,214.62,686.74,0.8765,-1,-1,-1
40,3,584.53,344.28,145.99,468.89,0.7965,-1,-1,-1
40,4,371.09,355.99,159.45,455.48,0.8740,-1,-1,-1
40,6,1128.15,335.55,157.09,432.60,0.8542,-1,-1,-1
40,8,863.01,427.66,48.08,146.58,0.5479,-1,-1,-1
41,2,927.23,258.67,211.66,682.36,0.8804,-1,-1,-1
41,3,581.51,342.69,145.60,474.89,0.8022,-1,-1,-1
41,4,355.96,355.39,169.34,458.14,0.8626,-1,-1,-1
41,6,1133.57,339.35,152.69,429.86,0.8500,-1,-1,-1
41,8,862.50,432.70,48.15,145.52,0.4786,-1,-1,-1
41,9,806.33,452.81,55.55,125.98,0.3320,-1,-1,-1
42,2,931.47,265.99,207.28,672.47,0.8822,-1,-1,-1
42,3,576.47,347.56,149.79,480.56,0.7102,-1,-1,-1
42,4,343.56,357.08,174.24,466.36,0.8716,-1,-1,-1
42,6,1134.70,348.19,149.23,427.57,0.8558,-1,-1,-1
42,8,863.22,435.77,46.03,146.97,0.4658,-1,-1,-1
42,9,808.03,460.04,53.45,127.25,0.3295,-1,-1,-1
43,2,933.22,273.25,200.62,659.88,0.8819,-1,-1,-1
43,3,572.42,352.49,142.43,481.31,0.8054,-1,-1,-1
43,4,331.06,363.58,177.88,470.39,0.8483,-1,-1,-1
43,6,1130.89,354.05,151.52,429.47,0.8571,-1,-1,-1
43,8,859.08,440.68,47.17,137.90,0.3506,-1,-1,-1
44,2,931.48,279.53,199.72,657.73,0.8857,-1,-1,-1
44,3,566.95,357.11,141.56,491.76,0.8117,-1,-1,-1
44,4,315.99,366.46,183.78,477.50,0.8581,-1,-1,-1
44,6,1127.99,363.05,152.15,423.66,0.8564,-1,-1,-1
44,8,855.79,443.22,45.31,146.27,0.3893,-1,-1,-1
45,2,929.68,284.57,198.43,660.54,0.8876,-1,-1,-1
45,3,561.53,361.82,138.95,502.00,0.8246,-1,-1,-1
45,4,302.94,371.92,189.27,489.51,0.8453,-1,-1,-1
45,6,1124.30,368.78,150.50,426.42,0.8408,-1,-1,-1
45,8,847.20,450.17,49.70,146.72,0.4301,-1,-1,-1
46,2,925.44,293.65,198.22,667.36,0.8866,-1,-1,-1
46,3,554.44,364.27,140.78,507.85,0.8213,-1,-1,-1
46,4,292.57,379.25,188.82,503.88,0.8413,-1,-1,-1
46,6,1121.60,376.94,150.04,433.93,0.8509,-1,-1,-1
46,8,845.53,457.19,50.34,147.64,0.4778,-1,-1,-1
47,2,921.49,303.22,194.85,670.36,0.8781,-1,-1,-1
47,3,545.93,370.12,145.14,513.74,0.8248,-1,-1,-1
47,4,270.19,383.57,202.45,522.10,0.8436,-1,-1,-1
47,6,1117.40,382.26,146.40,434.69,0.8357,-1,-1,-1
47,8,842.10,469.73,50.52,137.22,0.3350,-1,-1,-1
48,2,915.67,309.96,196.52,680.48,0.8774,-1,-1,-1
48,3,531.86,372.11,151.80,525.07,0.8578,-1,-1,-1
48,4,256.50,393.26,206.56,529.40,0.8569,-1,-1,-1
48,6,1113.63,390.10,138.37,435.61,0.8321,-1,-1,-1
48,8,838.45,467.42,47.11,152.93,0.6837,-1,-1,-1
48,9,780.98,485.22,44.26,116.98,0.3229,-1,-1,-1
49,2,908.65,319.87,194.54,685.03,0.8784,-1,-1,-1
49,3,524.33,376.62,154.17,532.26,0.8508,-1,-1,-1
49,4,239.69,399.64,212.05,534.44,0.8719,-1,-1,-1
49,6,1104.73,395.46,147.16,434.35,0.8530,-1,-1,-1
49,8,831.75,472.28,50.30,151.87,0.4995,-1,-1,-1
50,2,903.87,328.37,193.32,684.27,0.8773,-1,-1,-1
50,3,520.11,383.39,154.99,537.66,0.8387,-1,-1,-1
50,4,223.75,406.75,219.47,521.92,0.8353,-1,-1,-1
50,6,1099.78,399.62,142.68,440.02,0.8538,-1,-1,-1
50,8,821.95,476.59,51.55,154.56,0.5770,-1,-1,-1
50,9,767.11,493.35,47.23,139.30,0.3133,-1,-1,-1
51,2,898.65,335.72,190.29,685.67,0.8694,-1,-1,-1
51,3,510.07,385.72,157.09,544.85,0.8470,-1,-1,-1
51,4,207.56,413.20,223.12,517.19,0.8440,-1,-1,-1
51,6,1094.96,403.16,145.28,439.70,0.8680,-1,-1,-1
51,8,815.85,480.02,56.27,156.24,0.5905,-1,-1,-1
52,2,893.39,342.48,189.42,684.38,0.8759,-1,-1,-1
52,3,501.30,388.02,160.25,545.75,0.8376,-1,-1,-1
52,4,195.54,417.25,225.57,558.61,0.8293,-1,-1,-1
52,6,1091.95,404.22,146.30,442.99,0.8645,-1,-1,-1
52,8,810.96,489.91,56.19,146.35,0.3282,-1,-1,-1
52,9,755.90,498.10,49.80,135.97,0.3138,-1,-1,-1
53,2,888.07,348.10,190.26,681.24,0.8783,-1,-1,-1
53,3,494.02,396.16,162.56,549.18,0.8404,-1,-1,-1
53,4,186.26,419.72,220.47,567.22,0.8704,-1,-1,-1
53,6,1083.33,408.35,154.80,443.20,0.8652,-1,-1,-1
53,8,810.83,491.94,52.89,146.87,0.6582,-1,-1,-1
53,9,753.97,502.08,52.03,138.68,0.3277,-1,-1,-1
54,2,881.91,350.44,193.92,678.71,0.8833,-1,-1,-1
54,3,483.17,395.72,170.89,558.30,0.8509,-1,-1,-1
54,4,175.02,420.69,224.58,574.71,0.8822,-1,-1,-1
54,6,1077.28,409.20,160.24,446.07,0.8712,-1,-1,-1
54,8,811.26,492.63,50.96,139.26,0.5952,-1,-1,-1
55,2,872.32,349.04,198.09,679.60,0.8837,-1,-1,-1
55,3,475.30,396.68,179.13,565.81,0.8581,-1,-1,-1
55,4,167.01,418.76,223.41,583.60,0.8952,-1,-1,-1
55,6,1073.76,410.33,162.96,445.15,0.8756,-1,-1,-1
55,8,807.54,492.82,52.65,142.82,0.4668,-1,-1,-1
55,9,747.39,508.26,51.14,140.18,0.5135,-1,-1,-1
56,2,868.74,348.09,197.40,683.43,0.8792,-1,-1,-1
56,3,470.50,398.94,185.08,578.85,0.8728,-1,-1,-1
56,4,159.15,417.63,221.89,594.35,0.8826,-1,-1,-1
56,6,1076.21,412.06,162.15,439.65,0.8744,-1,-1,-1
56,8,806.14,493.85,52.57,152.29,0.4625,-1,-1,-1
57,2,861.43,347.74,200.68,687.55,0.8752,-1,-1,-1
57,3,463.51,402.60,191.97,592.94,0.8758,-1,-1,-1
57,4,146.53,418.46,225.71,600.66,0.8887,-1,-1,-1
57,6,1074.29,414.27,164.93,437.54,0.8674,-1,-1,-1
57,8,806.10,498.68,52.75,154.52,0.3711,-1,-1,-1
57,9,744.94,524.32,46.97,127.32,0.3011,-1,-1,-1
58,2,856.28,347.22,204.64,676.75,0.8683,-1,-1,-1
58,3,458.48,398.49,196.49,609.63,0.8814,-1,-1,-1
58,4,138.49,417.17,228.39,611.77,0.8760,-1,-1,-1
58,6,1070.10,411.70,168.12,445.39,0.8718,-1,-1,-1
59,2,843.01,343.96,209.71,667.57,0.8827,-1,-1,-1
59,3,453.90,393.07,193.41,624.56,0.8830,-1,-1,-1
59,4,126.72,416.58,234.45,616.83,0.8969,-1,-1,-1
59,6,1069.18,414.56,169.35,440.43,0.8702,-1,-1,-1
59,8,801.61,502.00,52.60,147.05,0.3329,-1,-1,-1
59,9,745.35,514.40,39.99,121.49,0.3152,-1,-1,-1
60,2,835.95,345.20,211.30,664.88,0.8873,-1,-1,-1
60,3,452.70,397.46,190.62,623.97,0.8773,-1,-1,-1
60,4,114.41,415.88,239.28,622.28,0.9068,-1,-1,-1
60,6,1065.89,415.01,173.85,442.66,0.8682,-1,-1,-1
60,8,798.32,497.61,54.09,141.58,0.3746,-1,-1,-1
61,2,821.95,346.10,222.82,668.22,0.8888,-1,-1,-1
61,3,445.44,399.45,193.54,637.29,0.8643,-1,-1,-1
61,4,105.18,415.50,242.11,632.54,0.9052,-1,-1,-1
61,6,1063.43,416.34,177.25,443.09,0.8656,-1,-1,-1
61,8,797.72,497.99,53.50,139.96,0.4130,-1,-1,-1
62,2,818.80,345.81,227.27,668.37,0.8800,-1,-1,-1
62,3,445.74,397.91,193.19,643.54,0.8512,-1,-1,-1
62,4,99.52,411.73,243.46,657.76,0.9003,-1,-1,-1
62,6,1065.16,415.32,179.53,442.45,0.8628,-1,-1,-1
62,8,796.81,495.74,52.31,142.10,0.3431,-1,-1,-1
63,2,818.78,341.84,225.17,675.08,0.8811,-1,-1,-1
63,3,442.46,393.00,198.59,651.06,0.8613,-1,-1,-1
63,4,98.69,406.03,236.06,671.79,0.8924,-1,-1,-1
63,6,1066.84,414.13,184.05,442.73,0.8705,-1,-1,-1
63,19,1018.38,430.82,67.70,322.07,0.7148,-1,-1,-1
64,2,820.01,340.79,221.58,677.84,0.8784,-1,-1,-1
64,3,448.85,386.18,197.89,660.26,0.8709,-1,-1,-1
64,4,93.01,402.80,236.16,674.79,0.8872,-1,-1,-1
64,6,1068.32,414.34,186.09,442.97,0.8700,-1,-1,-1
64,8,802.68,494.53,46.37,148.74,0.3707,-1,-1,-1
64,9,739.65,509.00,52.98,143.38,0.3746,-1,-1,-1
64,19,1020.02,435.11,68.38,314.97,0.7914,-1,-1,-1
65,2,815.92,339.27,227.80,680.79,0.8890,-1,-1,-1
65,3,446.51,379.70,203.62,667.80,0.8722,-1,-1,-1
65,4,82.71,404.14,240.08,674.34,0.8834,-1,-1,-1
65,6,1072.11,411.61,186.43,444.70,0.8626,-1,-1,-1
65,8,803.34,490.57,45.48,155.99,0.4018,-1,-1,-1
65,9,740.46,508.54,59.49,143.25,0.5812,-1,-1,-1
65,19,1021.31,435.95,70.96,312.18,0.7868,-1,-1,-1
66,2,819.11,337.57,225.34,682.86,0.8875,-1,-1,-1
66,3,443.90,372.49,211.08,676.18,0.8764,-1,-1,-1
66,4,73.92,402.19,244.80,673.41,0.8885,-1,-1,-1
66,6,1081.81,405.20,187.74,452.81,0.8392,-1,-1,-1
66,8,808.58,487.43,39.69,151.74,0.3335,-1,-1,-1
66,9,743.39,503.62,58.54,146.52,0.4667,-1,-1,-1
66,19,1022.54,434.61,74.30,311.85,0.7797,-1,-1,-1
67,2,819.60,337.65,226.89,683.38,0.8931,-1,-1,-1
67,3,443.61,366.33,215.15,682.72,0.8733,-1,-1,-1
67,4,63.72,396.82,246.55,680.38,0.8880,-1,-1,-1
67,6,1085.39,402.08,190.92,457.68,0.8461,-1,-1,-1
67,9,745.49,496.04,59.92,150.43,0.6051,-1,-1,-1
67,19,1023.19,431.03,77.47,308.96,0.7461,-1,-1,-1
68,2,822.38,336.14,227.13,684.73,0.8934,-1,-1,-1
68,3,441.57,355.54,221.83,691.75,0.8708,-1,-1,-1
68,4,48.70,394.56,253.90,676.02,0.8889,-1,-1,-1
68,6,1091.89,399.41,180.41,454.21,0.8456,-1,-1,-1
68,9,747.33,497.44,60.50,146.17,0.5304,-1,-1,-1
68,19,1026.78,423.04,79.11,315.12,0.7259,-1,-1,-1
69,2,830.54,330.81,222.62,685.58,0.8878,-1,-1,-1
69,3,441.98,347.16,225.34,700.28,0.8775,-1,-1,-1
69,4,34.69,383.11,263.51,684.26,0.8998,-1,-1,-1
69,6,1094.71,395.16,181.43,456.25,0.8726,-1,-1,-1
69,9,750.87,490.90,59.34,149.46,0.6034,-1,-1,-1
69,19,1030.90,419.32,77.93,315.74,0.7208,-1,-1,-1
70,2,829.83,328.23,225.88,682.20,0.8967,-1,-1,-1
70,3,436.94,341.22,232.75,707.69,0.8913,-1,-1,-1
70,4,16.34,375.21,274.09,695.94,0.9135,-1,-1,-1
70,6,1097.30,390.90,182.31,456.48,0.8721,-1,-1,-1
70,8,817.87,469.06,46.67,163.25,0.3136,-1,-1,-1
70,9,753.09,486.99,58.95,151.36,0.5373,-1,-1,-1
70,19,1032.64,415.80,78.88,315.51,0.7091,-1,-1,-1
70,21,1544.45,449.68,57.29,64.15,0.3554,-1,-1,-1
71,2,833.39,325.60,224.13,681.26,0.8904,-1,-1,-1
71,3,432.01,334.02,236.62,721.71,0.8901,-1,-1,-1
71,4,3.66,368.04,267.61,703.60,0.9096,-1,-1,-1
71,6,1100.53,386.40,179.65,453.61,0.8643,-1,-1,-1
71,9,753.02,484.84,60.22,151.38,0.5789,-1,-1,-1
71,19,1033.04,412.35,80.18,316.19,0.7217,-1,-1,-1
71,21,1541.81,447.34,61.17,62.45,0.4409,-1,-1,-1
72,2,832.66,319.28,226.45,682.27,0.8906,-1,-1,-1
72,3,426.97,323.96,239.94,747.82,0.8916,-1,-1,-1
72,4,-0.22,360.51,257.27,711.68,0.9195,-1,-1,-1
72,6,1103.01,384.62,178.67,450.65,0.8592,-1,-1,-1
72,9,754.27,484.59,60.31,150.43,0.5615,-1,-1,-1
72,19,1034.59,410.91,78.75,314.90,0.7227,-1,-1,-1
72,21,1553.12,445.41,50.73,61.92,0.4067,-1,-1,-1
73,2,834.40,313.20,224.58,678.68,0.8855,-1,-1,-1
73,3,420.70,314.31,243.64,762.23,0.8933,-1,-1,-1
73,4,-0.68,347.36,241.97,725.00,0.9111,-1,-1,-1
73,6,1104.56,381.35,177.00,444.36,0.8556,-1,-1,-1
73,9,753.26,476.75,56.17,152.85,0.4691,-1,-1,-1
73,19,1035.85,410.61,77.66,312.52,0.6758,-1,-1,-1
73,21,1544.91,442.18,60.25,61.41,0.4260,-1,-1,-1
74,2,833.36,308.32,224.97,664.26,0.8805,-1,-1,-1
74,3,412.39,310.69,247.08,763.56,0.8907,-1,-1,-1
74,4,-0.44,342.80,223.98,733.25,0.9065,-1,-1,-1
74,6,1106.03,377.79,172.77,441.69,0.8565,-1,-1,-1
74,9,750.03,475.09,59.79,152.70,0.5560,-1,-1,-1
74,19,1035.19,410.23,79.36,310.91,0.6848,-1,-1,-1
74,21,1547.21,440.90,62.56,61.59,0.4308,-1,-1,-1
75,2,837.17,304.39,219.30,661.93,0.8721,-1,-1,-1
75,3,401.89,302.73,250.02,771.47,0.8954,-1,-1,-1
75,4,-0.38,329.86,207.59,746.44,0.8958,-1,-1,-1
75,6,1105.34,375.35,173.41,440.50,0.8616,-1,-1,-1
75,8,817.19,456.13,45.04,160.13,0.3709,-1,-1,-1
75,9,748.84,471.70,58.06,153.48,0.5618,-1,-1,-1
75,19,1035.13,424.49,75.78,294.21,0.6642,-1,-1,-1
75,21,1546.59,438.47,64.66,61.83,0.4430,-1,-1,-1
76,2,842.47,300.57,215.27,661.33,0.8691,-1,-1,-1
76,3,391.40,296.56,254.77,774.23,0.8894,-1,-1,-1
76,4,-0.32,322.77,192.04,749.86,0.8883,-1,-1,-1
76,6,1109.40,373.41,166.87,439.92,0.8559,-1,-1,-1
76,8,817.25,452.48,44.23,163.09,0.3975,-1,-1,-1
76,9,746.82,471.94,63.44,148.02,0.5169,-1,-1,-1
76,19,1035.79,436.92,76.20,277.35,0.7228,-1,-1,-1
76,21,1543.38,438.04,69.62,61.91,0.4525,-1,-1,-1
77,2,847.36,298.41,207.32,664.63,0.8786,-1,-1,-1
77,3,381.87,294.44,257.60,772.20,0.8913,-1,-1,-1
77,4,-0.21,317.47,176.38,758.05,0.8802,-1,-1,-1
77,6,1109.36,371.96,167.03,442.97,0.8657,-1,-1,-1
77,8,817.27,450.31,44.75,160.61,0.4081,-1,-1,-1
77,9,745.70,471.36,65.80,148.62,0.5040,-1,-1,-1
77,19,1034.16,436.66,77.26,277.66,0.6324,-1,-1,-1
77,21,1540.55,437.65,72.39,61.06,0.4086,-1,-1,-1
78,2,852.20,295.85,197.92,667.53,0.8637,-1,-1,-1
78,3,366.64,289.94,265.08,781.05,0.8972,-1,-1,-1
78,4,-0.67,311.80,157.84,760.17,0.8673,-1,-1,-1
78,6,1108.81,370.80,166.60,444.07,0.8640,-1,-1,-1
78,8,814.73,451.46,45.89,162.18,0.6321,-1,-1,-1
78,9,743.75,464.98,65.54,156.49,0.5499,-1,-1,-1
78,19,1029.79,418.01,78.12,298.63,0.7076,-1,-1,-1
78,21,1544.50,437.25,67.80,61.57,0.4210,-1,-1,-1
79,2,852.94,292.13,197.73,673.24,0.8592,-1,-1,-1
79,3,350.53,284.91,266.96,786.53,0.9003,-1,-1,-1
79,4,-2.62,310.65,143.56,762.72,0.8291,-1,-1,-1
79,6,1108.42,367.77,165.66,445.51,0.8600,-1,-1,-1
79,8,811.27,449.58,47.06,166.10,0.6450,-1,-1,-1
79,9,742.62,470.35,51.12,151.74,0.4962,-1,-1,-1
79,19,1024.54,401.27,80.17,313.80,0.7189,-1,-1,-1
79,21,1540.46,435.54,67.17,61.72,0.3016,-1,-1,-1
80,2,851.63,289.62,192.41,677.15,0.8566,-1,-1,-1
80,3,331.67,275.42,276.23,795.00,0.8965,-1,-1,-1
80,4,-12.83,410.61,138.63,433.91,0.5093,-1,-1,-1
80,6,1105.93,363.97,162.14,448.59,0.8433,-1,-1,-1
80,8,801.25,445.91,57.58,171.85,0.6151,-1,-1,-1
80,9,738.52,470.30,51.30,153.51,0.5411,-1,-1,-1
80,19,1023.11,398.18,74.56,317.60,0.7097,-1,-1,-1
81,2,849.76,293.58,190.12,675.87,0.8514,-1,-1,-1
81,3,314.95,266.23,279.41,803.22,0.9018,-1,-1,-1
81,4,-1.27,437.52,92.37,433.75,0.6418,-1,-1,-1
81,6,1103.88,364.29,156.73,445.85,0.8567,-1,-1,-1
81,8,796.86,444.21,56.42,168.71,0.6196,-1,-1,-1
81,9,732.17,462.81,52.75,154.62,0.5612,-1,-1,-1
81,19,1017.26,405.50,74.10,308.77,0.6937,-1,-1,-1
81,21,1534.77,431.11,69.26,63.29,0.3117,-1,-1,-1
81,22,1872.22,882.26,46.95,197.04,0.3592,-1,-1,-1
82,2,846.50,294.47,186.11,674.73,0.8529,-1,-1,-1
82,3,291.48,252.09,297.54,820.16,0.8974,-1,-1,-1
82,4,-0.89,443.81,71.34,356.79,0.7815,-1,-1,-1
82,6,1098.65,359.56,154.78,448.04,0.8627,-1,-1,-1
82,8,793.50,440.89,56.10,169.04,0.6749,-1,-1,-1
82,9,725.35,455.72,54.05,159.39,0.6341,-1,-1,-1
82,19,1014.91,391.48,74.35,315.67,0.6466,-1,-1,-1
83,2,845.30,292.55,178.84,673.55,0.8514,-1,-1,-1
83,3,268.58,239.50,303.59,830.94,0.8896,-1,-1,-1
83,6,1095.73,358.38,151.95,452.61,0.8518,-1,-1,-1
83,8,791.92,436.25,52.85,165.23,0.5785,-1,-1,-1
83,9,720.66,451.45,60.84,156.83,0.3876,-1,-1,-1
83,19,1002.15,382.28,82.39,323.88,0.5449,-1,-1,-1
84,2,835.77,292.32,178.17,675.23,0.8476,-1,-1,-1
84,3,239.44,228.08,304.64,844.87,0.9033,-1,-1,-1
84,6,1086.47,354.40,155.12,457.52,0.8586,-1,-1,-1
84,8,783.89,434.98,51.75,166.06,0.5587,-1,-1,-1
84,9,712.35,450.01,55.35,154.96,0.5917,-1,-1,-1
84,19,995.13,376.08,80.98,321.33,0.7452,-1,-1,-1
84,22,1875.42,872.17,44.17,179.87,0.3651,-1,-1,-1
85,2,824.44,290.41,178.20,671.29,0.8275,-1,-1,-1
85,3,205.71,215.95,333.17,858.25,0.9170,-1,-1,-1
85,6,1079.48,354.38,149.19,453.01,0.8485,-1,-1,-1
85,8,772.16,426.05,55.09,171.37,0.5998,-1,-1,-1
85,9,706.82,451.60,53.20,151.48,0.4575,-1,-1,-1
85,19,984.31,373.89,82.21,317.43,0.7616,-1,-1,-1
86,2,809.62,283.66,183.73,671.83,0.8417,-1,-1,-1
86,3,185.22,202.51,323.26,872.16,0.9056,-1,-1,-1
86,6,1071.54,348.85,151.37,454.14,0.8318,-1,-1,-1
86,8,770.32,420.07,46.38,176.53,0.5159,-1,-1,-1
86,9,695.52,444.49,58.09,155.12,0.5367,-1,-1,-1
86,19,970.92,369.44,90.52,319.93,0.8069,-1,-1,-1
86,24,480.57,412.20,79.88,286.34,0.7152,-1,-1,-1
87,2,796.23,277.85,190.68,676.80,0.8524,-1,-1,-1
87,3,152.92,187.60,332.36,887.58,0.9104,-1,-1,-1
87,6,1062.39,346.96,153.58,451.95,0.8509,-1,-1,-1
87,8,760.56,413.28,48.07,181.41,0.6884,-1,-1,-1
87,9,688.93,447.78,60.21,151.22,0.4641,-1,-1,-1
87,19,962.66,366.89,91.50,319.97,0.7796,-1,-1,-1
87,21,1529.00,420.81,39.96,55.89,0.3009,-1,-1,-1
87,24,472.93,410.84,76.48,285.63,0.7296,-1,-1,-1
88,2,779.81,274.31,201.43,670.04,0.8571,-1,-1,-1
88,3,129.08,180.04,338.51,896.53,0.9155,-1,-1,-1
88,6,1052.46,339.66,152.32,454.54,0.8485,-1,-1,-1
88,8,747.45,409.41,50.88,177.26,0.4646,-1,-1,-1
88,9,680.55,439.88,56.35,155.11,0.6147,-1,-1,-1
88,19,949.08,358.48,96.36,325.01,0.7449,-1,-1,-1
88,21,1521.97,416.73,37.82,56.71,0.3523,-1,-1,-1
88,24,445.79,408.12,95.04,286.76,0.7607,-1,-1,-1
89,2,765.29,267.84,203.78,668.77,0.8477,-1,-1,-1
89,3,100.50,167.78,353.06,907.00,0.9201,-1,-1,-1
89,6,1042.43,333.64,161.03,454.47,0.8534,-1,-1,-1
89,8,743.81,409.00,41.11,180.66,0.3303,-1,-1,-1
89,9,672.21,436.45,59.14,157.30,0.5573,-1,-1,-1
89,19,941.08,359.44,99.16,316.98,0.8162,-1,-1,-1
89,24,429.06,396.78,105.44,301.07,0.7739,-1,-1,-1
90,2,747.72,260.13,218.59,656.04,0.8689,-1,-1,-1
90,3,70.50,151.83,375.02,922.72,0.9241,-1,-1,-1
90,6,1037.04,328.13,159.38,460.50,0.8482,-1,-1,-1
90,9,666.40,432.98,62.84,156.19,0.4318,-1,-1,-1
90,19,937.82,355.03,95.89,314.91,0.7823,-1,-1,-1
90,24,421.19,388.88,104.81,303.52,0.7799,-1,-1,-1
91,2,734.95,257.02,224.63,647.75,0.8808,-1,-1,-1
91,3,49.22,141.58,384.33,930.52,0.9224,-1,-1,-1
91,6,1030.58,324.49,164.63,455.87,0.8681,-1,-1,-1
91,9,659.00,425.52,53.85,156.78,0.4526,-1,-1,-1
91,19,930.08,350.16,100.54,318.41,0.7997,-1,-1,-1
91,21,1506.82,397.26,39.87,62.04,0.3419,-1,-1,-1
91,24,413.70,386.79,103.56,305.14,0.7615,-1,-1,-1
92,2,723.00,250.67,227.82,651.93,0.8787,-1,-1,-1
92,3,20.28,125.74,405.46,946.48,0.9221,-1,-1,-1
92,6,1024.60,317.47,167.72,453.81,0.8636,-1,-1,-1
92,9,654.06,423.15,59.86,158.28,0.5489,-1,-1,-1
92,19,923.88,349.56,96.58,316.68,0.7895,-1,-1,-1
92,21,1505.70,396.11,37.28,60.40,0.4943,-1,-1,-1
92,24,404.01,385.03,106.84,307.13,0.8223,-1,-1,-1
93,2,714.79,244.62,235.81,656.39,0.8891,-1,-1,-1
93,3,0.33,116.35,413.01,956.27,0.9244,-1,-1,-1
93,6,1017.44,313.75,172.26,454.28,0.8705,-1,-1,-1
93,9,653.24,420.67,55.05,157.60,0.3373,-1,-1,-1
93,19,922.46,347.75,97.79,316.83,0.7763,-1,-1,-1
93,21,1497.07,390.12,43.15,62.22,0.4659,-1,-1,-1
93,24,397.32,379.12,107.67,312.22,0.8071,-1,-1,-1
93,27,1845.28,839.92,74.08,194.38,0.3963,-1,-1,-1
94,2,708.19,241.23,229.60,660.38,0.8729,-1,-1,-1
94,3,-0.78,106.82,403.56,969.19,0.9323,-1,-1,-1
94,6,1012.87,312.85,175.68,453.74,0.8726,-1,-1,-1
94,19,918.76,346.50,99.89,319.22,0.8026,-1,-1,-1
94,21,1495.45,390.30,42.17,59.30,0.4162,-1,-1,-1
94,24,389.44,378.71,110.97,308.38,0.8026,-1,-1,-1
94,28,1725.76,854.16,94.17,220.13,0.3618,-1,-1,-1
95,2,701.83,240.05,230.95,667.13,0.8860,-1,-1,-1
95,3,-0.87,96.69,401.78,978.88,0.9307,-1,-1,-1
95,6,1007.21,311.67,179.44,453.55,0.8644,-1,-1,-1
95,19,917.02,344.09,98.60,320.47,0.7805,-1,-1,-1
95,21,1493.80,391.02,40.96,58.13,0.3194,-1,-1,-1
95,24,384.26,375.04,111.78,314.75,0.8174,-1,-1,-1
95,28,1724.31,855.50,95.19,219.28,0.3667,-1,-1,-1
96,2,693.35,243.15,231.75,665.47,0.9045,-1,-1,-1
96,3,0.37,85.05,379.66,990.28,0.9349,-1,-1,-1
96,6,1003.60,311.22,183.87,456.53,0.8598,-1,-1,-1
96,9,633.61,427.83,67.32,154.90,0.3024,-1,-1,-1
96,19,912.18,345.33,102.47,320.01,0.7540,-1,-1,-1
96,21,1490.59,392.29,41.33,57.33,0.3033,-1,-1,-1
96,24,379.82,374.68,110.68,321.72,0.8098,-1,-1,-1
96,28,1723.65,856.22,97.67,220.57,0.4038,-1,-1,-1
97,2,695.49,241.63,227.48,672.98,0.8996,-1,-1,-1
97,3,0.14,75.28,368.58,999.76,0.9338,-1,-1,-1
97,6,1001.86,311.25,187.34,456.53,0.8618,-1,-1,-1
97,9,632.82,418.68,61.06,161.77,0.5593,-1,-1,-1
97,19,903.72,342.78,108.67,319.23,0.7328,-1,-1,-1
97,24,377.67,370.34,112.36,327.04,0.8189,-1,-1,-1
97,27,1849.35,834.80,70.09,185.39,0.3590,-1,-1,-1
97,28,1727.32,855.67,96.99,221.22,0.4493,-1,-1,-1
98,2,694.17,243.90,226.28,676.59,0.8996,-1,-1,-1
98,3,0.07,56.16,358.47,1015.01,0.9344,-1,-1,-1
98,6,1001.12,310.81,192.20,459.40,0.8591,-1,-1,-1
98,9,632.20,415.75,59.26,166.82,0.6311,-1,-1,-1
98,19,907.45,343.49,104.53,320.92,0.7306,-1,-1,-1
98,24,377.03,368.54,112.56,330.42,0.8255,-1,-1,-1
98,28,1731.82,857.46,97.65,220.54,0.4000,-1,-1,-1
99,2,693.48,248.17,226.57,677.70,0.8985,-1,-1,-1
99,3,0.57,46.57,347.38,1025.58,0.9272,-1,-1,-1
99,6,1002.52,311.50,197.49,461.14,0.8700,-1,-1,-1
99,9,633.25,416.29,54.39,165.38,0.6340,-1,-1,-1
99,19,908.78,343.59,104.28,320.99,0.7370,-1,-1,-1
99,21,1497.74,383.68,39.48,66.16,0.3077,-1,-1,-1
99,24,375.57,366.59,113.60,334.01,0.8214,-1,-1,-1
100,2,695.22,251.03,222.55,675.11,0.8988,-1,-1,-1
100,3,1.01,35.58,333.51,1035.00,0.9225,-1,-1,-1
100,6,1005.49,313.22,199.07,460.57,0.8763,-1,-1,-1
100,9,630.88,415.12,59.41,166.22,0.6493,-1,-1,-1
100,19,911.08,349.55,105.67,316.93,0.7435,-1,-1,-1
100,21,1496.16,380.62,43.60,67.30,0.4183,-1,-1,-1
100,24,373.05,368.96,115.19,332.75,0.8323,-1,-1,-1
101,2,702.04,250.84,215.50,675.58,0.8890,-1,-1,-1
101,3,1.58,16.39,315.81,1059.15,0.9144,-1,-1,-1
101,6,1007.28,312.19,201.22,463.70,0.8568,-1,-1,-1
101,9,633.60,413.93,59.25,164.99,0.7018,-1,-1,-1
101,19,913.82,348.35,104.79,317.24,0.7683,-1,-1,-1
101,24,375.04,365.89,114.70,337.52,0.8239,-1,-1,-1
102,2,703.75,251.47,220.32,668.47,0.8948,-1,-1,-1
102,3,2.06,13.78,295.53,1058.91,0.9190,-1,-1,-1
102,6,1015.47,312.93,197.89,465.27,0.8308,-1,-1,-1
102,9,637.51,414.28,59.75,165.55,0.5224,-1,-1,-1
102,19,920.73,347.11,102.46,319.60,0.7923,-1,-1,-1
102,24,375.51,365.07,116.66,341.41,0.8319,-1,-1,-1
103,2,716.41,251.04,221.62,665.94,0.8881,-1,-1,-1
103,3,3.01,9.87,278.55,1061.71,0.9092,-1,-1,-1
103,6,1023.19,315.99,201.95,465.79,0.8433,-1,-1,-1
103,9,643.37,408.89,61.10,166.37,0.5544,-1,-1,-1
103,19,931.66,340.84,100.40,322.95,0.7443,-1,-1,-1
103,24,386.12,366.86,113.55,336.21,0.8037,-1,-1,-1
104,2,726.07,246.67,222.28,668.70,0.8919,-1,-1,-1
104,3,8.33,13.82,259.86,1046.09,0.8316,-1,-1,-1
104,6,1042.51,308.11,202.56,470.03,0.8582,-1,-1,-1
104,9,658.85,407.30,56.35,169.01,0.6639,-1,-1,-1
104,19,941.67,338.27,107.15,322.62,0.7345,-1,-1,-1
104,21,1534.33,377.25,43.56,66.31,0.5237,-1,-1,-1
104,24,396.22,371.00,112.97,333.48,0.8112,-1,-1,-1
104,28,1787.46,859.61,107.97,220.38,0.3975,-1,-1,-1
105,2,739.56,245.25,220.28,663.52,0.8861,-1,-1,-1
105,3,10.20,230.92,238.38,826.78,0.7801,-1,-1,-1
105,6,1053.01,308.92,200.30,469.35,0.8547,-1,-1,-1
105,9,663.72,408.79,60.47,166.90,0.3739,-1,-1,-1
105,19,953.17,333.51,103.68,328.69,0.7371,-1,-1,-1
105,21,1546.16,374.33,46.86,67.66,0.4179,-1,-1,-1
105,24,404.56,365.86,111.37,337.67,0.8087,-1,-1,-1
105,28,1804.90,861.29,107.79,218.50,0.4947,-1,-1,-1
106,2,748.66,242.33,213.35,649.22,0.8781,-1,-1,-1
106,3,35.20,252.16,137.51,674.48,0.6228,-1,-1,-1
106,6,1066.20,303.38,205.24,477.87,0.8421,-1,-1,-1
106,9,668.32,405.52,62.77,167.66,0.6820,-1,-1,-1
106,19,958.94,332.47,104.09,329.51,0.7895,-1,-1,-1
106,21,1557.32,372.94,44.37,67.61,0.4629,-1,-1,-1
106,24,411.42,365.33,111.56,335.64,0.8015,-1,-1,-1
106,28,1818.03,857.41,100.93,222.40,0.6350,-1,-1,-1
107,2,757.07,236.01,211.74,644.33,0.8783,-1,-1,-1
107,3,15.13,247.23,103.08,787.75,0.7251,-1,-1,-1
107,6,1072.93,303.22,195.51,474.34,0.8424,-1,-1,-1
107,9,669.74,404.31,67.22,169.42,0.6755,-1,-1,-1
107,19,963.64,330.63,107.22,326.80,0.7449,-1,-1,-1
107,21,1568.14,371.85,44.44,66.99,0.3619,-1,-1,-1
107,24,414.65,361.67,112.68,338.74,0.7888,-1,-1,-1
107,28,1831.68,855.34,87.81,222.25,0.4784,-1,-1,-1
108,2,761.95,233.25,209.17,645.19,0.8828,-1,-1,-1
108,6,1081.12,301.61,173.80,471.33,0.8386,-1,-1,-1
108,9,672.73,403.66,67.91,170.17,0.7286,-1,-1,-1
108,19,968.02,328.43,106.39,329.21,0.7282,-1,-1,-1
108,21,1575.09,370.00,43.36,65.60,0.4637,-1,-1,-1
108,24,416.76,360.62,112.91,345.59,0.7966,-1,-1,-1
109,2,771.89,232.26,201.58,645.83,0.8753,-1,-1,-1
109,6,1085.07,297.59,170.67,468.62,0.8704,-1,-1,-1
109,9,678.02,400.84,64.01,170.83,0.6812,-1,-1,-1
109,19,972.03,326.97,96.08,326.21,0.5493,-1,-1,-1
109,21,1583.63,373.52,42.95,62.51,0.6009,-1,-1,-1
109,24,414.32,358.05,116.18,350.38,0.8082,-1,-1,-1
110,2,772.33,230.64,203.12,648.23,0.8753,-1,-1,-1
110,6,1089.28,294.53,171.36,464.86,0.8721,-1,-1,-1
110,9,679.55,397.56,67.17,171.04,0.6261,-1,-1,-1
110,19,976.55,324.04,103.48,327.27,0.6669,-1,-1,-1
110,21,1587.86,367.46,39.79,64.98,0.4036,-1,-1,-1
110,24,411.31,353.47,118.30,357.55,0.7983,-1,-1,-1
111,2,776.70,229.84,198.52,651.34,0.8721,-1,-1,-1
111,6,1093.10,291.44,169.19,461.57,0.8667,-1,-1,-1
111,9,682.82,394.60,65.52,173.79,0.6588,-1,-1,-1
111,19,974.81,324.13,105.81,324.77,0.6149,-1,-1,-1
111,21,1599.94,371.41,38.75,62.84,0.4412,-1,-1,-1
111,24,409.82,352.67,120.52,354.73,0.8059,-1,-1,-1
112,2,777.30,229.47,197.52,650.31,0.8674,-1,-1,-1
112,6,1098.33,288.66,169.46,459.97,0.8549,-1,-1,-1
112,9,685.09,395.29,67.40,174.36,0.6441,-1,-1,-1
112,19,974.20,324.01,110.09,326.27,0.6338,-1,-1,-1
112,24,412.90,349.08,117.07,359.27,0.7482,-1,-1,-1
113,2,779.73,229.04,194.86,651.02,0.8648,-1,-1,-1
113,6,1104.39,286.16,165.89,463.81,0.8511,-1,-1,-1
113,9,686.75,390.72,68.08,180.45,0.7009,-1,-1,-1
113,19,980.04,323.50,108.44,325.54,0.6026,-1,-1,-1
113,24,411.22,347.89,117.97,363.32,0.7392,-1,-1,-1
114,2,786.24,231.35,190.58,652.05,0.8545,-1,-1,-1
114,6,1110.11,285.11,162.86,467.51,0.8578,-1,-1,-1
114,9,690.59,393.66,67.01,175.66,0.6295,-1,-1,-1
114,19,987.32,320.99,102.63,320.45,0.5927,-1,-1,-1
114,21,1612.63,374.81,39.51,52.95,0.3496,-1,-1,-1
114,24,412.55,344.93,116.91,366.03,0.7352,-1,-1,-1
115,2,791.79,232.91,191.58,651.93,0.8444,-1,-1,-1
115,6,1112.19,286.60,163.72,466.22,0.8679,-1,-1,-1
115,9,695.13,391.03,65.57,179.14,0.5955,-1,-1,-1
115,19,997.20,321.03,99.32,322.97,0.7349,-1,-1,-1
115,21,1623.69,365.90,34.64,60.36,0.3317,-1,-1,-1
115,24,410.62,344.14,120.59,368.21,0.7379,-1,-1,-1
116,2,792.49,233.39,192.50,652.54,0.8509,-1,-1,-1
116,6,1113.99,286.30,165.09,464.14,0.8630,-1,-1,-1
116,9,693.37,393.17,69.12,179.33,0.5573,-1,-1,-1
116,19,992.93,322.95,109.17,319.74,0.7067,-1,-1,-1
116,21,1625.47,363.81,38.41,63.11,0.3823,-1,-1,-1
116,24,403.71,342.65,127.36,369.97,0.7733,-1,-1,-1
117,2,791.15,233.82,190.02,652.60,0.8521,-1,-1,-1
117,6,1116.87,284.94,165.09,467.61,0.8591,-1,-1,-1
117,9,689.30,389.26,75.24,179.46,0.6245,-1,-1,-1
117,19,993.43,321.17,107.73,321.34,0.6699,-1,-1,-1
117,24,401.25,343.57,129.53,368.73,0.7213,-1,-1,-1
118,2,783.88,235.70,190.20,648.97,0.8566,-1,-1,-1
118,6,1118.56,285.86,166.26,470.98,0.8564,-1,-1,-1
118,9,688.04,392.25,75.38,179.25,0.6155,-1,-1,-1
118,19,981.83,322.68,119.93,321.92,0.7296,-1,-1,-1
118,24,395.36,338.90,131.97,375.48,0.7031,-1,-1,-1
119,2,781.80,234.86,189.41,649.72,0.8667,-1,-1,-1
119,6,1122.95,287.80,162.20,473.42,0.8511,-1,-1,-1
119,9,690.90,393.17,72.78,179.12,0.5529,-1,-1,-1
119,19,978.09,324.53,124.43,322.35,0.7557,-1,-1,-1
119,24,390.57,338.23,132.75,376.80,0.8252,-1,-1,-1
120,2,775.18,232.25,194.47,649.41,0.8782,-1,-1,-1
120,6,1122.28,288.36,162.16,474.59,0.8532,-1,-1,-1
120,9,686.13,392.24,77.04,178.64,0.5289,-1,-1,-1
120,19,972.92,324.87,126.92,323.57,0.7074,-1,-1,-1
120,24,386.51,333.57,132.61,384.42,0.8358,-1,-1,-1
121,2,768.92,227.79,197.20,644.26,0.8741,-1,-1,-1
121,6,1119.67,290.52,163.58,475.73,0.8470,-1,-1,-1
121,9,683.53,394.57,80.72,182.52,0.4325,-1,-1,-1
121,19,968.82,326.07,130.29,322.36,0.6075,-1,-1,-1
121,24,380.14,333.64,134.30,386.39,0.8384,-1,-1,-1
122,2,760.83,227.59,196.57,634.44,0.8656,-1,-1,-1
122,6,1117.33,291.40,163.29,477.43,0.8405,-1,-1,-1
122,19,968.78,325.39,130.94,322.69,0.6372,-1,-1,-1
122,21,1638.35,372.48,44.85,59.81,0.3643,-1,-1,-1
122,24,369.25,333.37,139.37,395.00,0.8261,-1,-1,-1
123,2,748.64,226.10,203.25,635.69,0.8671,-1,-1,-1
123,6,1115.09,290.70,161.51,478.18,0.8582,-1,-1,-1
123,19,957.14,326.32,138.29,324.15,0.6224,-1,-1,-1
123,21,1634.02,372.13,48.23,60.13,0.4418,-1,-1,-1
123,24,363.69,332.18,137.05,402.84,0.8542,-1,-1,-1
124,2,739.56,227.04,206.76,637.64,0.8720,-1,-1,-1
124,6,1111.20,289.12,159.09,484.67,0.8491,-1,-1,-1
124,19,956.46,327.61,122.22,325.37,0.6116,-1,-1,-1
124,21,1632.48,372.57,48.03,62.23,0.4495,-1,-1,-1
124,24,355.25,332.64,139.93,404.77,0.8591,-1,-1,-1
125,2,731.43,228.13,210.27,641.81,0.8767,-1,-1,-1
125,6,1106.86,289.53,160.77,480.07,0.8453,-1,-1,-1
125,9,676.54,393.29,67.56,192.93,0.4485,-1,-1,-1
125,19,951.97,324.34,125.71,331.12,0.6953,-1,-1,-1
125,21,1628.61,372.40,47.07,63.74,0.3825,-1,-1,-1
125,24,346.37,339.39,141.25,402.28,0.8451,-1,-1,-1
126,2,711.58,228.89,225.42,646.52,0.8684,-1,-1,-1
126,6,1100.61,290.32,161.30,475.98,0.8445,-1,-1,-1
126,9,668.97,393.45,68.82,189.52,0.3808,-1,-1,-1
126,19,952.65,320.78,126.11,333.93,0.5801,-1,-1,-1
126,21,1626.54,370.57,45.82,65.11,0.4171,-1,-1,-1
126,24,333.20,336.94,143.83,407.86,0.8397,-1,-1,-1
127,2,708.88,231.68,224.90,647.19,0.8698,-1,-1,-1
127,6,1093.86,290.92,166.39,481.70,0.8566,-1,-1,-1
127,19,942.42,320.30,138.64,336.81,0.7700,-1,-1,-1
127,21,1622.92,372.05,44.03,64.97,0.4368,-1,-1,-1
127,24,327.13,343.42,142.29,408.01,0.8475,-1,-1,-1
128,2,706.76,231.41,225.40,651.92,0.8799,-1,-1,-1
128,6,1087.75,288.91,170.64,482.46,0.8706,-1,-1,-1
128,9,659.99,389.75,74.67,192.81,0.3734,-1,-1,-1
128,19,932.20,323.31,145.12,334.67,0.6102,-1,-1,-1
128,21,1620.54,371.04,41.55,66.11,0.3540,-1,-1,-1
128,24,318.45,341.33,144.90,411.61,0.8530,-1,-1,-1
129,2,710.50,235.85,219.13,648.11,0.8803,-1,-1,-1
129,6,1082.73,286.37,175.77,483.29,0.8741,-1,-1,-1
129,9,660.44,389.19,65.56,193.04,0.5347,-1,-1,-1
129,19,935.57,321.83,107.20,334.92,0.6498,-1,-1,-1
129,21,1616.72,368.09,44.70,69.08,0.3771,-1,-1,-1
129,24,313.66,337.03,146.90,423.60,0.8338,-1,-1,-1
130,2,708.02,237.02,221.52,649.11,0.8819,-1,-1,-1
130,6,1081.55,286.76,174.86,482.71,0.8673,-1,-1,-1
130,9,659.70,389.10,62.27,193.03,0.5535,-1,-1,-1
130,19,934.52,320.26,105.17,334.79,0.7349,-1,-1,-1
130,21,1618.38,367.41,42.07,69.90,0.4036,-1,-1,-1
130,24,310.80,333.13,148.63,432.29,0.8405,-1,-1,-1
131,2,708.58,238.89,222.71,649.35,0.8799,-1,-1,-1
131,6,1080.21,283.94,176.74,482.45,0.8665,-1,-1,-1
131,9,657.19,389.44,63.84,193.30,0.5875,-1,-1,-1
131,19,927.96,318.79,110.96,332.97,0.7373,-1,-1,-1
131,21,1619.28,365.82,43.03,69.53,0.3856,-1,-1,-1
131,24,309.45,331.23,145.51,435.98,0.8388,-1,-1,-1
131,31,1012.05,370.55,70.02,222.81,0.5431,-1,-1,-1
132,2,710.33,238.65,220.94,649.57,0.8754,-1,-1,-1
132,6,1080.34,282.49,174.85,481.42,0.8634,-1,-1,-1
132,9,657.06,388.92,64.33,194.90,0.5692,-1,-1,-1
132,19,925.15,317.42,111.55,333.62,0.7335,-1,-1,-1
132,21,1619.21,364.90,41.95,69.27,0.4077,-1,-1,-1
132,24,309.79,332.63,141.92,435.88,0.8290,-1,-1,-1
132,31,1013.30,366.61,69.54,227.20,0.5586,-1,-1,-1
133,2,713.89,238.97,220.70,646.88,0.8755,-1,-1,-1
133,6,1076.54,282.34,179.68,481.90,0.8685,-1,-1,-1
133,9,657.42,389.41,62.67,195.16,0.4432,-1,-1,-1
133,19,926.30,316.22,107.52,336.38,0.7468,-1,-1,-1
133,21,1621.25,364.37,41.58,70.61,0.3852,-1,-1,-1
133,24,294.21,329.91,156.27,441.29,0.8195,-1,-1,-1
133,31,1012.57,367.84,72.67,225.43,0.5763,-1,-1,-1
134,2,715.78,238.39,215.81,649.75,0.8765,-1,-1,-1
134,6,1074.67,284.16,183.85,486.06,0.8678,-1,-1,-1
134,9,655.81,392.14,68.65,194.86,0.5317,-1,-1,-1
134,19,928.82,318.50,100.97,337.79,0.7328,-1,-1,-1
134,21,1622.68,364.62,41.79,71.63,0.3579,-1,-1,-1
134,24,288.99,324.57,156.14,455.14,0.8404,-1,-1,-1
134,31,1011.35,367.53,73.83,223.48,0.6110,-1,-1,-1
135,2,717.91,239.91,213.86,648.12,0.8799,-1,-1,-1
135,6,1073.34,285.16,184.40,489.03,0.8648,-1,-1,-1
135,9,651.48,393.74,72.90,195.47,0.5442,-1,-1,-1
135,19,927.29,318.20,98.82,341.57,0.7097,-1,-1,-1
135,24,287.37,330.27,153.66,452.93,0.8316,-1,-1,-1
135,31,1010.41,370.20,76.28,219.22,0.6537,-1,-1,-1
136,2,723.21,240.17,210.55,641.65,0.8737,-1,-1,-1
136,6,1071.82,287.93,188.11,490.14,0.8665,-1,-1,-1
136,9,644.45,395.02,81.33,196.93,0.6849,-1,-1,-1
136,19,926.23,320.48,99.83,339.40,0.7318,-1,-1,-1
136,24,281.89,327.45,158.04,459.50,0.8387,-1,-1,-1
136,31,1011.08,364.40,76.99,230.64,0.7067,-1,-1,-1
137,2,723.92,240.65,211.87,624.49,0.8833,-1,-1,-1
137,6,1070.49,291.04,193.63,492.38,0.8635,-1,-1,-1
137,9,649.06,395.24,77.02,201.39,0.6352,-1,-1,-1
137,19,928.07,319.55,97.17,341.55,0.7313,-1,-1,-1
137,21,1632.01,368.38,44.37,69.00,0.4985,-1,-1,-1
137,24,284.39,323.64,154.12,465.71,0.8409,-1,-1,-1
137,31,1014.02,369.78,76.90,225.39,0.7447,-1,-1,-1
138,2,722.40,242.40,217.93,622.24,0.8864,-1,-1,-1
138,6,1078.02,295.16,192.30,490.73,0.8618,-1,-1,-1
138,9,651.59,397.13,71.42,200.71,0.5942,-1,-1,-1
138,19,928.36,321.42,96.93,342.12,0.7456,-1,-1,-1
138,21,1637.89,371.69,45.70,69.23,0.3217,-1,-1,-1
138,24,279.60,323.00,157.55,469.17,0.8038,-1,-1,-1
138,31,1018.25,368.28,75.53,229.27,0.7447,-1,-1,-1
139,2,729.63,242.38,212.47,622.49,0.8851,-1,-1,-1
139,6,1082.43,295.70,193.25,490.92,0.8479,-1,-1,-1
139,9,651.95,395.64,70.90,204.50,0.5823,-1,-1,-1
139,19,930.39,320.93,97.15,343.73,0.7266,-1,-1,-1
139,24,270.05,320.17,164.31,475.32,0.8146,-1,-1,-1
139,31,1021.26,364.23,75.55,230.58,0.7169,-1,-1,-1
140,2,743.80,241.32,200.16,629.08,0.8780,-1,-1,-1
140,6,1089.68,296.81,188.60,489.15,0.8453,-1,-1,-1
140,9,648.68,396.88,76.17,205.03,0.6319,-1,-1,-1
140,19,938.12,320.05,92.47,345.41,0.7149,-1,-1,-1
140,21,1646.86,367.83,47.42,68.63,0.3396,-1,-1,-1
140,24,268.69,318.58,166.18,486.56,0.8302,-1,-1,-1
140,31,1022.85,368.88,76.61,226.67,0.7775,-1,-1,-1
141,2,749.28,246.00,195.35,631.22,0.8735,-1,-1,-1
141,6,1093.69,295.79,188.67,496.53,0.8582,-1,-1,-1
141,9,647.10,395.15,80.06,206.84,0.7632,-1,-1,-1
141,19,934.71,322.28,97.40,344.14,0.7389,-1,-1,-1
141,21,1650.18,368.08,48.72,70.03,0.3900,-1,-1,-1
141,24,272.17,319.93,164.13,497.72,0.8246,-1,-1,-1
141,31,1024.38,366.90,80.31,228.01,0.6852,-1,-1,-1
142,2,754.71,251.96,192.39,628.86,0.8694,-1,-1,-1
142,6,1101.11,296.61,186.14,499.83,0.8516,-1,-1,-1
142,9,648.21,400.11,86.52,202.40,0.6909,-1,-1,-1
142,19,935.27,325.60,97.54,340.49,0.7639,-1,-1,-1
142,24,271.38,323.20,167.35,500.54,0.8492,-1,-1,-1
142,31,1029.72,372.54,78.97,226.04,0.7247,-1,-1,-1
143,2,768.73,253.88,185.83,634.36,0.8787,-1,-1,-1
143,6,1107.99,296.78,186.68,502.72,0.8675,-1,-1,-1
143,9,654.93,400.45,83.33,204.20,0.6631,-1,-1,-1
143,19,953.17,325.83,86.05,340.68,0.7232,-1,-1,-1
143,21,1670.67,375.48,44.11,62.32,0.3949,-1,-1,-1
143,24,269.28,326.35,171.38,502.57,0.8474,-1,-1,-1
143,31,1038.21,372.39,72.75,225.89,0.7463,-1,-1,-1
144,2,771.81,256.07,186.47,633.72,0.8729,-1,-1,-1
144,6,1112.45,296.76,186.70,501.01,0.8615,-1,-1,-1
144,9,663.00,397.03,75.41,207.86,0.7032,-1,-1,-1
144,19,959.27,331.45,83.11,332.46,0.8004,-1,-1,-1
144,21,1672.18,370.02,51.19,67.76,0.4201,-1,-1,-1
144,24,267.20,325.51,175.23,511.07,0.8580,-1,-1,-1
144,31,1040.29,372.57,78.29,227.41,0.7546,-1,-1,-1
145,2,779.17,258.36,185.04,634.83,0.8604,-1,-1,-1
145,6,1121.79,296.60,186.93,500.47,0.8608,-1,-1,-1
145,9,664.34,396.47,80.27,210.38,0.7018,-1,-1,-1
145,19,961.94,329.19,83.47,337.95,0.7497,-1,-1,-1
145,21,1681.37,370.82,49.90,70.07,0.4226,-1,-1,-1
145,24,264.93,324.70,178.83,513.23,0.8532,-1,-1,-1
145,31,1041.88,375.93,79.39,222.72,0.7400,-1,-1,-1
146,2,780.50,262.66,189.25,636.55,0.8638,-1,-1,-1
146,6,1129.18,301.40,183.35,491.98,0.8740,-1,-1,-1
146,9,669.86,397.67,80.30,210.01,0.6982,-1,-1,-1
146,19,969.13,332.05,86.64,337.46,0.6867,-1,-1,-1
146,21,1694.38,378.88,45.87,63.34,0.3286,-1,-1,-1
146,24,268.32,324.64,177.86,524.50,0.8772,-1,-1,-1
146,31,1048.40,378.34,78.01,219.39,0.6476,-1,-1,-1
147,2,781.64,265.46,190.36,637.59,0.8650,-1,-1,-1
147,6,1134.08,298.31,187.65,490.39,0.8670,-1,-1,-1
147,9,670.13,396.14,80.35,216.07,0.7260,-1,-1,-1
147,19,964.45,330.93,91.98,341.04,0.7115,-1,-1,-1
147,21,1699.95,375.75,46.54,67.66,0.4336,-1,-1,-1
147,24,262.46,326.11,182.54,528.79,0.8601,-1,-1,-1
147,31,1049.97,382.16,80.32,220.48,0.6330,-1,-1,-1
148,2,789.97,265.73,184.97,635.57,0.8554,-1,-1,-1
148,6,1140.63,297.44,181.92,490.99,0.8671,-1,-1,-1
148,9,673.65,395.07,75.46,218.73,0.7258,-1,-1,-1
148,19,968.98,331.16,91.30,341.16,0.7303,-1,-1,-1
148,21,1699.65,375.03,51.84,68.73,0.3775,-1,-1,-1
148,24,257.94,325.77,186.28,541.90,0.8684,-1,-1,-1
148,31,1053.95,376.92,77.29,227.82,0.6768,-1,-1,-1
149,2,793.71,266.17,183.88,638.13,0.8616,-1,-1,-1
149,6,1148.22,298.51,178.49,487.89,0.8619,-1,-1,-1
149,9,675.30,401.26,76.41,217.44,0.6009,-1,-1,-1
149,19,973.26,336.42,86.96,337.98,0.7344,-1,-1,-1
149,21,1706.83,381.33,50.06,65.68,0.3492,-1,-1,-1
149,24,251.79,322.94,182.51,550.08,0.8649,-1,-1,-1
149,31,1055.80,378.45,77.39,229.31,0.6365,-1,-1,-1
150,2,793.04,266.55,185.33,637.33,0.8498,-1,-1,-1
150,6,1151.32,300.05,178.55,490.51,0.8644,-1,-1,-1
150,9,673.48,406.02,79.50,215.77,0.6131,-1,-1,-1
150,19,975.69,340.01,89.29,338.92,0.7367,-1,-1,-1
150,21,1711.47,381.42,51.68,67.00,0.4523,-1,-1,-1
150,24,246.77,318.13,179.36,559.27,0.8501,-1,-1,-1
150,31,1056.72,369.31,76.15,239.02,0.6722,-1,-1,-1
